play_id,half,time_remaining_half,secs_remaining,secs_remaining_absolute,description,home_score,away_score,score_diff,play_length,win_prob,naive_win_prob,home,away,home_time_out_remaining,away_time_out_remaining,home_favored_by,game_id,date
1,1,20:00,2400,2400,PLAY,0,0,0,13,0.48796999538635166,0.5,Delaware State,Coppin State,4,4,-0.3,400992732,2018-02-19
2,1,19:47,2387,2387,Chad Andrews-Fulton Defensive Rebound.,0,0,0,9,0.48798562347661095,0.5,Delaware State,Coppin State,4,4,-0.3,400992732,2018-02-19
3,1,19:38,2378,2378,Cedric Council Jr. Offensive Rebound.,0,0,0,13,0.48799658565051324,0.5,Delaware State,Coppin State,4,4,-0.3,400992732,2018-02-19
4,1,19:25,2365,2365,Artem Tavakalyan Steal.,0,0,0,6,0.48801262945366225,0.5,Delaware State,Coppin State,4,4,-0.3,400992732,2018-02-19
5,1,19:19,2359,2359,Lamar Morgan Defensive Rebound.,0,0,0,21,0.48802011889492936,0.5,Delaware State,Coppin State,4,4,-0.3,400992732,2018-02-19
6,1,18:58,2338,2338,Simon Okolue Block.,0,0,0,1,0.48804676044131745,0.5,Delaware State,Coppin State,4,4,-0.3,400992732,2018-02-19
7,1,18:57,2337,2337,Simon Okolue Defensive Rebound.,0,0,0,30,0.48804804592124507,0.5,Delaware State,Coppin State,4,4,-0.3,400992732,2018-02-19
8,1,18:27,2307,2307,Chad Andrews-Fulton Defensive Rebound.,0,0,0,32,0.4880873383577653,0.5,Delaware State,Coppin State,4,4,-0.3,400992732,2018-02-19
9,1,17:55,2275,2275,Simon Okolue Defensive Rebound.,0,0,0,22,0.4881308457841923,0.5,Delaware State,Coppin State,4,4,-0.3,400992732,2018-02-19
10,1,17:33,2253,2253,Cedric Council Jr. Steal.,0,0,0,7,0.4881617463145373,0.5,Delaware State,Coppin State,4,4,-0.3,400992732,2018-02-19
11,1,17:26,2246,2246,Marquis Collins Defensive Rebound.,0,0,0,67,0.48817175152238257,0.5,Delaware State,Coppin State,4,4,-0.3,400992732,2018-02-19
12,1,16:19,2179,2179,Chad Andrews-Fulton Offensive Rebound.,2,0,2,5,0.5372918782431879,0.5489343624043685,Delaware State,Coppin State,4,4,-0.3,400992732,2018-02-19
13,1,16:14,2174,2174,Coppin State Offensive Rebound.,2,0,2,35,0.5374154818475084,0.5490497341659156,Delaware State,Coppin State,4,4,-0.3,400992732,2018-02-19
14,1,15:39,2139,2139,Keandre Fair Steal.,2,2,0,2,0.48833558523516707,0.5,Delaware State,Coppin State,4,4,-0.3,400992732,2018-02-19
15,1,15:37,2137,2137,Lamar Morgan made Free Throw.,2,3,-1,0,0.4633648987323021,0.4749833070103019,Delaware State,Coppin State,4,4,-0.3,400992732,2018-02-19
16,1,15:37,2137,2137,Lamar Morgan made Free Throw.,2,4,-2,22,0.4385733930010087,0.450091551820923,Delaware State,Coppin State,4,4,-0.3,400992732,2018-02-19
17,1,15:15,2115,2115,Jonathan Walker Offensive Rebound.,2,4,-2,23,0.4380959604780667,0.44957569164120237,Delaware State,Coppin State,4,4,-0.3,400992732,2018-02-19
18,1,14:52,2092,2092,Cedric Council Jr. Defensive Rebound.,2,4,-2,28,0.4375930213316542,0.44903168923721765,Delaware State,Coppin State,4,4,-0.3,400992732,2018-02-19
19,1,14:24,2064,2064,Saleik Edwards Defensive Rebound.,2,4,-2,63,0.4369748900744749,0.4483623662805861,Delaware State,Coppin State,4,4,-0.3,400992732,2018-02-19
20,1,13:21,2001,2001,Cedric Council Jr. Block.,4,7,-3,3,0.40951527961866185,0.42061123717408794,Delaware State,Coppin State,4,4,-0.3,400992732,2018-02-19
21,1,13:18,1998,1998,Chad Andrews-Fulton Defensive Rebound.,4,7,-3,7,0.40941141129318603,0.4205011420083783,Delaware State,Coppin State,4,4,-0.3,400992732,2018-02-19
22,1,13:11,1991,1991,Saleik Edwards Defensive Rebound.,4,7,-3,14,0.4091684517204424,0.4202435965350738,Delaware State,Coppin State,4,4,-0.3,400992732,2018-02-19
23,1,12:57,1977,1977,Jonathan Walker Steal.,6,7,-1,0,0.4617021552522248,0.47303455912603665,Delaware State,Coppin State,4,4,-0.3,400992732,2018-02-19
24,1,12:57,1977,1977,Jonathan Walker made Free Throw.,7,7,0,0,0.4886205892246343,0.5,Delaware State,Coppin State,4,4,-0.3,400992732,2018-02-19
25,1,12:57,1977,1977,Jonathan Walker made Free Throw.,8,7,1,31,0.5156051839530937,0.5269654408739634,Delaware State,Coppin State,4,4,-0.3,400992732,2018-02-19
26,1,12:26,1946,1946,Jordan Hardwick Offensive Rebound.,8,7,1,40,0.5160611795538889,0.5273615685969871,Delaware State,Coppin State,4,4,-0.3,400992732,2018-02-19
27,1,11:46,1906,1906,Cedric Council Jr. Defensive Rebound.,8,10,-2,9,0.43333649480270103,0.44441165378257325,Delaware State,Coppin State,4,4,-0.3,400992732,2018-02-19
28,1,11:37,1897,1897,Kavon Waller Defensive Rebound.,8,10,-2,29,0.4331242381069884,0.444180347788381,Delaware State,Coppin State,4,4,-0.3,400992732,2018-02-19
29,1,11:08,1868,1868,Simon Okolue Offensive Rebound.,8,10,-2,27,0.4324409988378107,0.4434346812096754,Delaware State,Coppin State,4,4,-0.3,400992732,2018-02-19
30,1,10:41,1841,1841,Jordan Hardwick Defensive Rebound.,8,10,-2,40,0.4318032507151635,0.44273744711950436,Delaware State,Coppin State,4,4,-0.3,400992732,2018-02-19
31,1,10:01,1801,1801,Chad Andrews-Fulton Defensive Rebound.,8,13,-5,58,0.34754860231558454,0.3576132114296338,Delaware State,Coppin State,4,4,-0.3,400992732,2018-02-19
32,1,9:03,1743,1743,Saleik Edwards Steal.,10,13,-3,22,0.4002308836569774,0.41073553062116813,Delaware State,Coppin State,4,4,-0.3,400992732,2018-02-19
33,1,8:41,1721,1721,Keandre Fair Offensive Rebound.,12,13,-1,6,0.45886223767135675,0.4696507989640048,Delaware State,Coppin State,4,4,-0.3,400992732,2018-02-19
34,1,8:35,1715,1715,Delaware State Defensive Rebound.,12,13,-1,23,0.4587909475957147,0.4695656133376494,Delaware State,Coppin State,4,4,-0.3,400992732,2018-02-19
35,1,8:12,1692,1692,Marquis Collins made Free Throw.,13,13,0,0,0.4892239224019369,0.5,Delaware State,Coppin State,4,4,-0.3,400992732,2018-02-19
36,1,8:12,1692,1692,Marquis Collins made Free Throw.,14,13,1,37,0.5200162237045687,0.5307657570529517,Delaware State,Coppin State,4,4,-0.3,400992732,2018-02-19
37,1,7:35,1655,1655,Lamar Morgan Defensive Rebound.,14,15,-1,13,0.4580740600921049,0.4687062353624882,Delaware State,Coppin State,4,4,-0.3,400992732,2018-02-19
38,1,7:22,1642,1642,Demola Onifade Defensive Rebound.,14,15,-1,45,0.4579261587471356,0.46852605275690906,Delaware State,Coppin State,4,4,-0.3,400992732,2018-02-19
39,1,6:37,1597,1597,Kavon Waller Defensive Rebound.,17,15,2,7,0.5535136243801969,0.5639117441892415,Delaware State,Coppin State,4,4,-0.3,400992732,2018-02-19
40,1,6:30,1590,1590,Saleik Edwards made Free Throw.,18,15,3,0,0.5853129612721092,0.5954942131677781,Delaware State,Coppin State,4,4,-0.3,400992732,2018-02-19
41,1,6:30,1590,1590,Saleik Edwards missed Free Throw.,18,15,3,0,0.5853129612721092,0.5954942131677781,Delaware State,Coppin State,4,4,-0.3,400992732,2018-02-19
42,1,6:30,1590,1590,Cedric Council Jr. Defensive Rebound.,18,15,3,38,0.5853129612721092,0.5954942131677781,Delaware State,Coppin State,4,4,-0.3,400992732,2018-02-19
43,1,5:52,1552,1552,Kavon Waller Offensive Rebound.,18,15,3,22,0.5869350217924006,0.597007775129961,Delaware State,Coppin State,4,4,-0.3,400992732,2018-02-19
44,1,5:30,1530,1530,Cedric Council Jr. Steal.,18,15,3,16,0.5878981877172663,0.5979072382081879,Delaware State,Coppin State,4,4,-0.3,400992732,2018-02-19
45,1,5:14,1514,1514,Chad Andrews-Fulton Offensive Rebound.,18,15,3,26,0.5886157452747,0.5985781654969858,Delaware State,Coppin State,4,4,-0.3,400992732,2018-02-19
46,1,4:48,1488,1488,Karonn Davis Defensive Rebound.,18,17,1,8,0.5234151219085168,0.5336364061005578,Delaware State,Coppin State,4,4,-0.3,400992732,2018-02-19
47,1,4:40,1480,1480,Delaware State Defensive Rebound.,18,17,1,27,0.5235608667285229,0.533760524520124,Delaware State,Coppin State,4,4,-0.3,400992732,2018-02-19
48,1,4:13,1453,1453,Coppin State Defensive Rebound.,18,17,1,16,0.5240692609449711,0.5341961773450636,Delaware State,Coppin State,4,4,-0.3,400992732,2018-02-19
49,1,3:57,1437,1437,Demola Onifade Defensive Rebound.,18,17,1,148,0.5243775458140039,0.5344613525169652,Delaware State,Coppin State,4,4,-0.3,400992732,2018-02-19
50,1,1:29,1289,1289,Delaware State Offensive Rebound.,22,17,5,15,0.6677658554738918,0.6763203669438366,Delaware State,Coppin State,4,4,-0.3,400992732,2018-02-19
51,1,1:14,1274,1274,Saleik Edwards Defensive Rebound.,22,17,5,18,0.668948148418848,0.6774491478478336,Delaware State,Coppin State,4,4,-0.3,400992732,2018-02-19
52,1,0:56,1256,1256,Saleik Edwards made Free Throw.,23,17,6,0,0.7026241300144171,0.7105917749393762,Delaware State,Coppin State,4,4,-0.3,400992732,2018-02-19
53,1,0:56,1256,1256,Saleik Edwards made Free Throw.,24,17,7,56,0.7329291710019283,0.7403848646797173,Delaware State,Coppin State,4,4,-0.3,400992732,2018-02-19
54,1,0:00,1200,1200,Coppin State Deadball Team Rebound.,24,19,5,0,0.6755415641987395,0.6837696278036713,Delaware State,Coppin State,4,4,-0.3,400992732,2018-02-19
55,1,0:00,1200,1200,End of 1st half,24,19,5,0,0.6755415641987395,0.6837696278036713,Delaware State,Coppin State,4,4,-0.3,400992732,2018-02-19
56,2,20:00,1200,1200,PLAY,24,19,5,11,0.6755415641987395,0.6837696278036713,Delaware State,Coppin State,4,4,-0.3,400992732,2018-02-19
57,2,19:49,1189,1189,Marquis Collins Defensive Rebound.,24,19,5,47,0.6765754335866105,0.6847626322040206,Delaware State,Coppin State,4,4,-0.3,400992732,2018-02-19
58,2,19:02,1142,1142,Marquis Collins Defensive Rebound.,27,19,8,25,0.7745751477806795,0.7809942313554502,Delaware State,Coppin State,4,4,-0.3,400992732,2018-02-19
59,2,18:37,1117,1117,Chad Andrews-Fulton Defensive Rebound.,27,19,8,13,0.7773859550633465,0.7837001723369337,Delaware State,Coppin State,4,4,-0.3,400992732,2018-02-19
60,2,18:24,1104,1104,Chad Andrews-Fulton Offensive Rebound.,27,19,8,2,0.7788539584714285,0.7851136161369533,Delaware State,Coppin State,4,4,-0.3,400992732,2018-02-19
61,2,18:22,1102,1102,Simon Okolue Block.,27,19,8,1,0.7790809330642761,0.7853321774444654,Delaware State,Coppin State,4,4,-0.3,400992732,2018-02-19
62,2,18:21,1101,1101,Lamar Morgan Offensive Rebound.,27,19,8,35,0.7791945623041455,0.7854415973913584,Delaware State,Coppin State,4,4,-0.3,400992732,2018-02-19
63,2,17:46,1066,1066,Artem Tavakalyan Defensive Rebound.,30,21,9,16,0.8099825164548289,0.8155056819786426,Delaware State,Coppin State,4,4,-0.3,400992732,2018-02-19
64,2,17:30,1050,1050,Coppin State Defensive Rebound.,30,21,9,33,0.8119563303187546,0.8174080409693785,Delaware State,Coppin State,4,4,-0.3,400992732,2018-02-19
65,2,16:57,1017,1017,Chad Andrews-Fulton Steal.,30,24,6,11,0.7275496983670773,0.7345749731775599,Delaware State,Coppin State,4,4,-0.3,400992732,2018-02-19
66,2,16:46,1006,1006,Chad Andrews-Fulton missed Free Throw.,30,26,4,0,0.656445201012077,0.6644297850878392,Delaware State,Coppin State,4,4,-0.3,400992732,2018-02-19
67,2,16:46,1006,1006,Simon Okolue Defensive Rebound.,30,26,4,3,0.656445201012077,0.6644297850878392,Delaware State,Coppin State,4,4,-0.3,400992732,2018-02-19
68,2,16:43,1003,1003,Keandre Fair Defensive Rebound.,30,26,4,45,0.6567340004167568,0.664707467175814,Delaware State,Coppin State,4,4,-0.3,400992732,2018-02-19
69,2,15:58,958,958,Chad Andrews-Fulton made Free Throw.,33,27,6,0,0.7352959054814766,0.7420585545103657,Delaware State,Coppin State,4,4,-0.3,400992732,2018-02-19
70,2,15:58,958,958,Chad Andrews-Fulton made Free Throw.,33,28,5,60,0.6996316669118351,0.7069423193702896,Delaware State,Coppin State,4,4,-0.3,400992732,2018-02-19
71,2,14:58,898,898,Simon Okolue made Free Throw.,38,30,8,18,0.8054912033456166,0.810822948038706,Delaware State,Coppin State,4,4,-0.3,400992732,2018-02-19
72,2,14:40,880,880,Marquis Collins Defensive Rebound.,38,30,8,38,0.8074842073746437,0.8127465906462262,Delaware State,Coppin State,4,4,-0.3,400992732,2018-02-19
73,2,14:02,842,842,Johquin Wiley Steal.,40,30,10,4,0.8623682792462678,0.8663348355099465,Delaware State,Coppin State,4,4,-0.3,400992732,2018-02-19
74,2,13:58,838,838,Karonn Davis Steal.,40,30,10,24,0.8628202617025694,0.8667711355341409,Delaware State,Coppin State,4,4,-0.3,400992732,2018-02-19
75,2,13:34,814,814,Marquis Collins made Free Throw.,41,30,11,0,0.8862349842476415,0.8895734229950892,Delaware State,Coppin State,4,4,-0.3,400992732,2018-02-19
76,2,13:34,814,814,Marquis Collins made Free Throw.,42,30,12,25,0.9040032836944428,0.9068751005307473,Delaware State,Coppin State,4,4,-0.3,400992732,2018-02-19
77,2,13:09,789,789,Johquin Wiley Defensive Rebound.,44,30,14,31,0.9347394860612379,0.9367399608000705,Delaware State,Coppin State,4,4,-0.3,400992732,2018-02-19
78,2,12:38,758,758,Lucian Brownlee Defensive Rebound.,44,30,14,14,0.9382449208313349,0.9401240520093124,Delaware State,Coppin State,4,4,-0.3,400992732,2018-02-19
79,2,12:24,744,744,Artem Tavakalyan Defensive Rebound.,44,30,14,87,0.940007918500571,0.9418268185125896,Delaware State,Coppin State,4,4,-0.3,400992732,2018-02-19
80,2,10:57,657,657,Chad Andrews-Fulton made Free Throw.,49,34,15,0,0.9588741723354948,0.9601009849261101,Delaware State,Coppin State,4,4,-0.3,400992732,2018-02-19
81,2,10:57,657,657,Chad Andrews-Fulton made Free Throw.,49,35,14,64,0.9496491804134052,0.9511371578667968,Delaware State,Coppin State,4,4,-0.3,400992732,2018-02-19
82,2,9:53,593,593,Chad Andrews-Fulton made Free Throw.,51,39,12,0,0.9329175455812143,0.9348121605178422,Delaware State,Coppin State,4,4,-0.3,400992732,2018-02-19
83,2,9:53,593,593,Chad Andrews-Fulton missed Free Throw.,51,39,12,0,0.9329175455812143,0.9348121605178422,Delaware State,Coppin State,4,4,-0.3,400992732,2018-02-19
84,2,9:53,593,593,Marquis Collins Defensive Rebound.,51,39,12,27,0.9329175455812143,0.9348121605178422,Delaware State,Coppin State,4,4,-0.3,400992732,2018-02-19
85,2,9:26,566,566,Keandre Fair Defensive Rebound.,51,39,12,2,0.937150464300855,0.938908684227376,Delaware State,Coppin State,4,4,-0.3,400992732,2018-02-19
86,2,9:24,564,564,Simon Okolue Block.,51,39,12,1,0.9374946208113194,0.9392419067678563,Delaware State,Coppin State,4,4,-0.3,400992732,2018-02-19
87,2,9:23,563,563,Artem Tavakalyan Defensive Rebound.,51,39,12,32,0.9376683713602006,0.9394101451238415,Delaware State,Coppin State,4,4,-0.3,400992732,2018-02-19
88,2,8:51,531,531,Marquis Collins Steal.,53,39,14,23,0.9638204634477234,0.964839805604493,Delaware State,Coppin State,4,4,-0.3,400992732,2018-02-19
89,2,8:28,508,508,Johquin Wiley Defensive Rebound.,56,39,17,22,0.9832783651134464,0.9837525665573643,Delaware State,Coppin State,4,4,-0.3,400992732,2018-02-19
90,2,8:06,486,486,Karonn Davis Defensive Rebound.,56,39,17,21,0.9844879308038054,0.9849228538169882,Delaware State,Coppin State,4,4,-0.3,400992732,2018-02-19
91,2,7:45,465,465,Artem Tavakalyan Defensive Rebound.,56,39,17,22,0.9857213329757923,0.9861170441241522,Delaware State,Coppin State,4,4,-0.3,400992732,2018-02-19
92,2,7:23,443,443,Lamar Morgan Defensive Rebound.,56,39,17,7,0.9872345976650108,0.9875836059230612,Delaware State,Coppin State,4,4,-0.3,400992732,2018-02-19
93,2,7:16,436,436,Simon Okolue Steal.,56,39,17,6,0.9877755700173286,0.9881082141414389,Delaware State,Coppin State,4,4,-0.3,400992732,2018-02-19
94,2,7:10,430,430,Artem Tavakalyan Defensive Rebound.,58,39,19,23,0.9930220384284534,0.9932120019143167,Delaware State,Coppin State,4,4,-0.3,400992732,2018-02-19
95,2,6:47,407,407,Keandre Fair Defensive Rebound.,58,39,19,10,0.9941110658977719,0.9942684645471229,Delaware State,Coppin State,4,4,-0.3,400992732,2018-02-19
96,2,6:37,397,397,Lamar Morgan Steal.,58,39,19,28,0.9945049228939329,0.9946505258373347,Delaware State,Coppin State,4,4,-0.3,400992732,2018-02-19
97,2,6:09,369,369,Marquis Collins Block.,60,41,19,1,0.9954997094032038,0.9956158413106231,Delaware State,Coppin State,4,4,-0.3,400992732,2018-02-19
98,2,6:08,368,368,Demola Onifade Defensive Rebound.,60,41,19,23,0.9955340153532222,0.995649146451212,Delaware State,Coppin State,4,4,-0.3,400992732,2018-02-19
99,2,5:45,345,345,Lamar Morgan Defensive Rebound.,60,41,19,11,0.9963253456783413,0.9964178119284289,Delaware State,Coppin State,4,4,-0.3,400992732,2018-02-19
100,2,5:34,334,334,Marquis Collins Defensive Rebound.,60,41,19,56,0.9967092458684933,0.9967910351951201,Delaware State,Coppin State,4,4,-0.3,400992732,2018-02-19
101,2,4:38,278,278,Coppin State Defensive Rebound.,62,41,21,10,0.9988608961001507,0.9988873199348375,Delaware State,Coppin State,4,4,-0.3,400992732,2018-02-19
102,2,4:28,268,268,Delaware State Defensive Rebound.,62,41,21,23,0.9987997306096617,0.9988272022967711,Delaware State,Coppin State,4,4,-0.3,400992732,2018-02-19
103,2,4:05,245,245,Marquis Collins Defensive Rebound.,62,41,21,6,0.9986315227433546,0.9986618425837891,Delaware State,Coppin State,4,4,-0.3,400992732,2018-02-19
104,2,3:59,239,239,Chad Andrews-Fulton made Free Throw.,62,42,20,0,0.9980989763796099,0.9981406982617337,Delaware State,Coppin State,4,4,-0.3,400992732,2018-02-19
105,2,3:59,239,239,Chad Andrews-Fulton missed Free Throw.,62,42,20,0,0.9980989763796099,0.9981406982617337,Delaware State,Coppin State,4,4,-0.3,400992732,2018-02-19
106,2,3:59,239,239,Simon Okolue Defensive Rebound.,62,42,20,30,0.9980989763796099,0.9981406982617337,Delaware State,Coppin State,4,4,-0.3,400992732,2018-02-19
107,2,3:29,209,209,Delaware State Offensive Rebound.,62,42,20,4,0.9985011704467625,0.9985324928611159,Delaware State,Coppin State,4,4,-0.3,400992732,2018-02-19
108,2,3:25,205,205,Artem Tavakalyan missed Free Throw.,62,42,20,0,0.9986263491055082,0.9986548500735771,Delaware State,Coppin State,4,4,-0.3,400992732,2018-02-19
109,2,3:25,205,205,Delaware State Deadball Team Rebound.,62,42,20,0,0.9986263491055082,0.9986548500735771,Delaware State,Coppin State,4,4,-0.3,400992732,2018-02-19
110,2,3:25,205,205,Artem Tavakalyan made Free Throw.,63,42,21,14,0.9990125569366477,0.9990330524944713,Delaware State,Coppin State,4,4,-0.3,400992732,2018-02-19
111,2,3:11,191,191,Artem Tavakalyan Defensive Rebound.,63,42,21,38,0.99938136212713,0.9993938619766588,Delaware State,Coppin State,4,4,-0.3,400992732,2018-02-19
112,2,2:33,153,153,Artem Tavakalyan Defensive Rebound.,65,42,23,30,0.9999556705851244,0.9999564941645132,Delaware State,Coppin State,4,4,-0.3,400992732,2018-02-19
113,2,2:03,123,123,Tre' Thomas Defensive Rebound.,65,42,23,44,0.9999936724319525,0.999993781148036,Delaware State,Coppin State,4,4,-0.3,400992732,2018-02-19
114,2,1:19,79,79,Lucian Brownlee Defensive Rebound.,65,44,21,11,0.9999995843190401,0.9999995905197433,Delaware State,Coppin State,4,4,-0.3,400992732,2018-02-19
115,2,1:08,68,68,Lucian Brownlee made Free Throw.,65,45,20,0,0.9999997184449451,0.9999997224744355,Delaware State,Coppin State,4,4,-0.3,400992732,2018-02-19
116,2,1:08,68,68,Lucian Brownlee made Free Throw.,65,46,19,0,0.9999994010397033,0.9999994096117532,Delaware State,Coppin State,4,4,-0.3,400992732,2018-02-19
117,2,1:08,68,68,Marquis Collins made Free Throw.,66,46,20,0,0.9999997184449451,0.9999997224744355,Delaware State,Coppin State,4,4,-0.3,400992732,2018-02-19
118,2,1:08,68,68,Marquis Collins made Free Throw.,67,46,21,1,0.999999867648597,0.9999998695427516,Delaware State,Coppin State,4,4,-0.3,400992732,2018-02-19
119,2,1:07,67,67,Saleik Edwards made Free Throw.,68,46,22,0,0.9999999444508185,0.9999999452427109,Delaware State,Coppin State,4,4,-0.3,400992732,2018-02-19
120,2,1:07,67,67,Saleik Edwards made Free Throw.,69,46,23,16,0.9999999740219315,0.9999999743922671,Delaware State,Coppin State,4,4,-0.3,400992732,2018-02-19
121,2,0:51,51,51,Tre' Thomas Offensive Rebound.,69,46,23,6,0.9999999964071894,0.9999999964551378,Delaware State,Coppin State,4,4,-0.3,400992732,2018-02-19
122,2,0:45,45,45,Tre' Thomas Offensive Rebound.,69,46,23,33,0.9999999983675919,0.9999999983888058,Delaware State,Coppin State,4,4,-0.3,400992732,2018-02-19
123,2,0:12,12,12,Lucian Brownlee Defensive Rebound.,69,49,20,12,0.9999999996552053,0.999999999658991,Delaware State,Coppin State,4,4,-0.3,400992732,2018-02-19
124,2,0:00,0,0,End of Game,69,51,18,0,1,1,Delaware State,Coppin State,4,4,-0.3,400992732,2018-02-19
