play_id,half,time_remaining_half,secs_remaining,secs_remaining_absolute,description,home_score,away_score,score_diff,play_length,win_prob,naive_win_prob,home,away,home_time_out_remaining,away_time_out_remaining,home_favored_by,game_id,date
1,1,20:00,2400,2400,PLAY,0,0,0,12,0.843502884671893,0.5,Norfolk State,South Carolina State,4,4,10.5,400992800,2018-02-19
2,1,19:48,2388,2388,Patrell Rogers made Layup.,0,2,-2,26,0.8183081862848447,0.45572153375231284,Norfolk State,South Carolina State,4,4,10.5,400992800,2018-02-19
3,1,19:22,2362,2362,Alex Long missed Jumper.,0,2,-2,0,0.8173086347441502,0.4551678976921304,Norfolk State,South Carolina State,4,4,10.5,400992800,2018-02-19
4,1,19:22,2362,2362,Donte Wright Defensive Rebound.,0,2,-2,12,0.8173086347441502,0.4551678976921304,Norfolk State,South Carolina State,4,4,10.5,400992800,2018-02-19
5,1,19:10,2350,2350,Steven Whitley Defensive Rebound.,0,2,-2,17,0.8168368530075998,0.4549092390044173,Norfolk State,South Carolina State,4,4,10.5,400992800,2018-02-19
6,1,18:53,2333,2333,Ian Kinard Block.,0,2,-2,1,0.8161570569744064,0.45453965530089274,Norfolk State,South Carolina State,4,4,10.5,400992800,2018-02-19
7,1,18:52,2332,2332,Janai Raynor Powell Defensive Rebound.,0,2,-2,3,0.8161166485050587,0.45451780479293763,Norfolk State,South Carolina State,4,4,10.5,400992800,2018-02-19
8,1,18:49,2329,2329,Steven Whitley Defensive Rebound.,0,2,-2,10,0.8159951414538489,0.4544521819541921,Norfolk State,South Carolina State,4,4,10.5,400992800,2018-02-19
9,1,18:39,2319,2319,Ian Kinard Block.,0,2,-2,2,0.815587057130155,0.45423268255208255,Norfolk State,South Carolina State,4,4,10.5,400992800,2018-02-19
10,1,18:37,2317,2317,Alex Long Offensive Rebound.,0,2,-2,1,0.8155048732682125,0.4541886461494085,Norfolk State,South Carolina State,4,4,10.5,400992800,2018-02-19
11,1,18:36,2316,2316,Steven Whitley Offensive Rebound.,0,2,-2,46,0.8154637102535246,0.4541666112249718,Norfolk State,South Carolina State,4,4,10.5,400992800,2018-02-19
12,1,17:50,2270,2270,Alex Long made Free Throw.,4,4,0,15,0.840374895782095,0.5,Norfolk State,South Carolina State,4,4,10.5,400992800,2018-02-19
13,1,17:35,2255,2255,Alex Long Defensive Rebound.,4,4,0,12,0.8399778899073701,0.5,Norfolk State,South Carolina State,4,4,10.5,400992800,2018-02-19
14,1,17:23,2243,2243,Ozante Fields Defensive Rebound.,4,4,0,11,0.8396544841629188,0.5,Norfolk State,South Carolina State,4,4,10.5,400992800,2018-02-19
15,1,17:12,2232,2232,Steven Whitley Block.,4,4,0,2,0.8393534161638825,0.5,Norfolk State,South Carolina State,4,4,10.5,400992800,2018-02-19
16,1,17:10,2230,2230,Steven Whitley Defensive Rebound.,4,4,0,40,0.8392981968449622,0.5,Norfolk State,South Carolina State,4,4,10.5,400992800,2018-02-19
17,1,16:30,2190,2190,Kyle Williams Defensive Rebound.,6,4,2,19,0.8629437626245907,0.548680895285404,Norfolk State,South Carolina State,4,4,10.5,400992800,2018-02-19
18,1,16:11,2171,2171,Norfolk State Offensive Rebound.,6,4,2,54,0.8626638981569006,0.5491190010690518,Norfolk State,South Carolina State,4,4,10.5,400992800,2018-02-19
19,1,15:17,2117,2117,Bryan Gellineau Offensive Rebound.,9,4,5,2,0.8941386359329184,0.6237480439087985,Norfolk State,South Carolina State,4,4,10.5,400992800,2018-02-19
20,1,15:15,2115,2115,Bryan Gellineau missed Two Point Tip Shot.,9,4,5,0,0.8941394702926537,0.6238596434201479,Norfolk State,South Carolina State,4,4,10.5,400992800,2018-02-19
21,1,15:15,2115,2115,Steven Whitley Offensive Rebound.,9,4,5,59,0.8941394702926537,0.6238596434201479,Norfolk State,South Carolina State,4,4,10.5,400992800,2018-02-19
22,1,14:16,2056,2056,James Richardson Defensive Rebound.,12,7,5,36,0.8941417603798467,0.6271880839810767,Norfolk State,South Carolina State,4,4,10.5,400992800,2018-02-19
23,1,13:40,2020,2020,Steven Whitley Defensive Rebound.,12,7,5,7,0.8941249015251591,0.6292575594761398,Norfolk State,South Carolina State,4,4,10.5,400992800,2018-02-19
24,1,13:33,2013,2013,Steven Whitley missed Free Throw.,12,7,5,0,0.8941202899889118,0.6296637285287112,Norfolk State,South Carolina State,4,4,10.5,400992800,2018-02-19
25,1,13:33,2013,2013,Norfolk State Deadball Team Rebound.,12,7,5,0,0.8941202899889118,0.6296637285287112,Norfolk State,South Carolina State,4,4,10.5,400992800,2018-02-19
26,1,13:33,2013,2013,Steven Whitley missed Free Throw.,12,7,5,0,0.8941202899889118,0.6296637285287112,Norfolk State,South Carolina State,4,4,10.5,400992800,2018-02-19
27,1,13:33,2013,2013,David Bottenberg Defensive Rebound.,12,7,5,12,0.8941202899889118,0.6296637285287112,Norfolk State,South Carolina State,4,4,10.5,400992800,2018-02-19
28,1,13:21,2001,2001,Dan Robinson Block.,12,7,5,1,0.894111486014098,0.6303630272451317,Norfolk State,South Carolina State,4,4,10.5,400992800,2018-02-19
29,1,13:20,2000,2000,Dan Robinson Defensive Rebound.,12,7,5,77,0.8941107034327317,0.6304214768429788,Norfolk State,South Carolina State,4,4,10.5,400992800,2018-02-19
30,1,12:03,1923,1923,Norfolk State Deadball Team Rebound.,16,9,7,168,0.913260261202222,0.6846592961865399,Norfolk State,South Carolina State,4,4,10.5,400992800,2018-02-19
31,1,9:15,1755,1755,Alex Long Block.,24,14,10,1,0.9385109632183075,0.767889764312036,Norfolk State,South Carolina State,4,4,10.5,400992800,2018-02-19
32,1,9:14,1754,1754,Nic Thomas Defensive Rebound.,24,14,10,21,0.9385246544286384,0.7679880980815545,Norfolk State,South Carolina State,4,4,10.5,400992800,2018-02-19
33,1,8:53,1733,1733,Norfolk State Defensive Rebound.,24,14,10,56,0.9388154863146669,0.770065387494896,Norfolk State,South Carolina State,4,4,10.5,400992800,2018-02-19
34,1,7:57,1677,1677,Donte Wright Defensive Rebound.,26,17,9,28,0.9321882802489465,0.7533982998793303,Norfolk State,South Carolina State,4,4,10.5,400992800,2018-02-19
35,1,7:29,1649,1649,Steven Whitley Defensive Rebound.,26,17,9,27,0.9324908094447999,0.7560354135506394,Norfolk State,South Carolina State,4,4,10.5,400992800,2018-02-19
36,1,7:02,1622,1622,Stavian Allen Defensive Rebound.,26,17,9,26,0.9327401910910122,0.7584977993838061,Norfolk State,South Carolina State,4,4,10.5,400992800,2018-02-19
37,1,6:36,1596,1596,Stavian Allen Offensive Rebound.,26,17,9,5,0.9329563761409636,0.7608290038154768,Norfolk State,South Carolina State,4,4,10.5,400992800,2018-02-19
38,1,6:31,1591,1591,Stavian Allen Offensive Rebound.,26,17,9,0,0.9329964750598443,0.7612755546673405,Norfolk State,South Carolina State,4,4,10.5,400992800,2018-02-19
39,1,6:31,1591,1591,Stavian Allen made Free Throw.,27,17,10,0,0.940615999026472,0.7838998628832572,Norfolk State,South Carolina State,4,4,10.5,400992800,2018-02-19
40,1,6:31,1591,1591,Stavian Allen missed Free Throw.,27,17,10,0,0.940615999026472,0.7838998628832572,Norfolk State,South Carolina State,4,4,10.5,400992800,2018-02-19
41,1,6:31,1591,1591,Damani Applewhite Defensive Rebound.,27,17,10,43,0.940615999026472,0.7838998628832572,Norfolk State,South Carolina State,4,4,10.5,400992800,2018-02-19
42,1,5:48,1548,1548,Stavian Allen Offensive Rebound.,27,20,7,22,0.9150364915352043,0.7147567713483584,Norfolk State,South Carolina State,4,4,10.5,400992800,2018-02-19
43,1,5:26,1526,1526,Norfolk State Defensive Rebound.,27,20,7,24,0.915080321014997,0.7165414387559381,Norfolk State,South Carolina State,4,4,10.5,400992800,2018-02-19
44,1,5:02,1502,1502,Norfolk State Offensive Rebound.,27,20,7,21,0.915151086205412,0.718547665005663,Norfolk State,South Carolina State,4,4,10.5,400992800,2018-02-19
45,1,4:41,1481,1481,Bryan Gellineau Offensive Rebound.,27,20,7,3,0.9152413101099358,0.7203695730890826,Norfolk State,South Carolina State,4,4,10.5,400992800,2018-02-19
46,1,4:38,1478,1478,Ozante Fields Block.,27,20,7,3,0.9152568261291941,0.7206357522671273,Norfolk State,South Carolina State,4,4,10.5,400992800,2018-02-19
47,1,4:35,1475,1475,Ozante Fields Defensive Rebound.,27,20,7,5,0.9152730647041892,0.7209035251850643,Norfolk State,South Carolina State,4,4,10.5,400992800,2018-02-19
48,1,4:30,1470,1470,James Richardson Offensive Rebound.,27,20,7,5,0.9153017940586943,0.7213534601655,Norfolk State,South Carolina State,4,4,10.5,400992800,2018-02-19
49,1,4:25,1465,1465,Alex Long Defensive Rebound.,27,20,7,10,0.915332692283286,0.7218081082803176,Norfolk State,South Carolina State,4,4,10.5,400992800,2018-02-19
50,1,4:15,1455,1455,Damani Applewhite Defensive Rebound.,27,20,7,18,0.915401398046819,0.7227322531711553,Norfolk State,South Carolina State,4,4,10.5,400992800,2018-02-19
51,1,3:57,1437,1437,Damani Applewhite missed Free Throw.,27,22,5,0,0.8915824306036775,0.6660384479101803,Norfolk State,South Carolina State,4,4,10.5,400992800,2018-02-19
52,1,3:57,1437,1437,Kyle Williams Defensive Rebound.,27,22,5,63,0.8915824306036775,0.6660384479101803,Norfolk State,South Carolina State,4,4,10.5,400992800,2018-02-19
53,1,2:54,1374,1374,Ozante Fields Defensive Rebound.,29,24,5,79,0.8911483660146471,0.6704168320337192,Norfolk State,South Carolina State,4,4,10.5,400992800,2018-02-19
54,1,1:35,1295,1295,Norfolk State Offensive Rebound.,29,28,1,20,0.8187533351352321,0.5366790011320641,Norfolk State,South Carolina State,4,4,10.5,400992800,2018-02-19
55,1,1:15,1275,1275,David Bottenberg Defensive Rebound.,29,28,1,46,0.8177568700800313,0.537018308236849,Norfolk State,South Carolina State,4,4,10.5,400992800,2018-02-19
56,1,0:29,1229,1229,James Richardson Defensive Rebound.,29,30,-1,29,0.7654065317154417,0.4621245700976711,Norfolk State,South Carolina State,4,4,10.5,400992800,2018-02-19
57,1,0:00,1200,1200,South Carolina State Deadball Team Rebound.,31,30,1,0,0.8141159061539484,0.5384812553577752,Norfolk State,South Carolina State,4,4,10.5,400992800,2018-02-19
58,1,0:00,1200,1200,End of 1st half,31,30,1,0,0.8141159061539484,0.5384812553577752,Norfolk State,South Carolina State,4,4,10.5,400992800,2018-02-19
59,2,20:00,1200,1200,PLAY,31,30,1,13,0.8141159061539484,0.5384812553577752,Norfolk State,South Carolina State,4,4,10.5,400992800,2018-02-19
60,2,19:47,1187,1187,Steven Whitley Defensive Rebound.,31,30,1,39,0.8135001108232602,0.5387507609385184,Norfolk State,South Carolina State,4,4,10.5,400992800,2018-02-19
61,2,19:08,1148,1148,Alex Long Defensive Rebound.,33,30,3,20,0.8554100050715928,0.6166547042303746,Norfolk State,South Carolina State,4,4,10.5,400992800,2018-02-19
62,2,18:48,1128,1128,Damani Applewhite Steal.,33,30,3,102,0.8550339984447305,0.6177791147859117,Norfolk State,South Carolina State,4,4,10.5,400992800,2018-02-19
63,2,17:06,1026,1026,Janai Raynor Powell Offensive Rebound.,38,35,3,51,0.8532911802738501,0.6239467358408677,Norfolk State,South Carolina State,4,4,10.5,400992800,2018-02-19
64,2,16:15,975,975,Alex Long Block.,38,35,3,1,0.8526837163058102,0.627729611862876,Norfolk State,South Carolina State,4,4,10.5,400992800,2018-02-19
65,2,16:14,974,974,Mastadi Pitt Defensive Rebound.,38,35,3,7,0.8526744891768695,0.6278109426143734,Norfolk State,South Carolina State,4,4,10.5,400992800,2018-02-19
66,2,16:07,967,967,Ozante Fields Steal.,38,35,3,67,0.8526122989243952,0.6283853208754283,Norfolk State,South Carolina State,4,4,10.5,400992800,2018-02-19
67,2,15:00,900,900,Bryan Gellineau Offensive Rebound.,41,39,2,18,0.8274837083479243,0.5898846434427828,Norfolk State,South Carolina State,4,4,10.5,400992800,2018-02-19
68,2,14:42,882,882,Norfolk State Deadball Team Rebound.,43,39,4,39,0.8734010655877822,0.6755248684340318,Norfolk State,South Carolina State,4,4,10.5,400992800,2018-02-19
69,2,14:03,843,843,Rayshawn Neal Offensive Rebound.,46,39,7,41,0.9235856035369399,0.787111111223585,Norfolk State,South Carolina State,4,4,10.5,400992800,2018-02-19
70,2,13:22,802,802,Damani Applewhite made Free Throw.,48,40,8,0,0.9368736921529884,0.821694864446192,Norfolk State,South Carolina State,4,4,10.5,400992800,2018-02-19
71,2,13:22,802,802,Damani Applewhite made Free Throw.,48,41,7,35,0.9245911340342966,0.7919778218896013,Norfolk State,South Carolina State,4,4,10.5,400992800,2018-02-19
72,2,12:47,767,767,Rayshawn Neal Offensive Rebound.,48,41,7,68,0.9257534716102745,0.7970158266859125,Norfolk State,South Carolina State,4,4,10.5,400992800,2018-02-19
73,2,11:39,699,699,Ozante Fields made Free Throw.,50,42,8,0,0.9412664102777962,0.8389445456411938,Norfolk State,South Carolina State,4,4,10.5,400992800,2018-02-19
74,2,11:39,699,699,Ozante Fields made Free Throw.,50,43,7,41,0.9287678755623572,0.8090881983430694,Norfolk State,South Carolina State,4,4,10.5,400992800,2018-02-19
75,2,10:58,658,658,Preston Bungei made Free Throw.,53,43,10,23,0.9617382284242467,0.8927476876668756,Norfolk State,South Carolina State,4,4,10.5,400992800,2018-02-19
76,2,10:35,635,635,Damani Applewhite made Free Throw.,53,44,9,0,0.9539200055259252,0.8738723973202879,Norfolk State,South Carolina State,4,4,10.5,400992800,2018-02-19
77,2,10:35,635,635,Damani Applewhite made Free Throw.,53,45,8,19,0.9434879541206834,0.8482021271915174,Norfolk State,South Carolina State,4,4,10.5,400992800,2018-02-19
78,2,10:16,616,616,Damani Applewhite Defensive Rebound.,53,45,8,26,0.9442170269013304,0.8511234206036097,Norfolk State,South Carolina State,4,4,10.5,400992800,2018-02-19
79,2,9:50,590,590,Rayshawn Neal Offensive Rebound.,53,45,8,41,0.9454293499578844,0.8556962533547391,Norfolk State,South Carolina State,4,4,10.5,400992800,2018-02-19
80,2,9:09,549,549,Preston Bungei Defensive Rebound.,56,47,9,15,0.9584053133523127,0.8898313018675503,Norfolk State,South Carolina State,4,4,10.5,400992800,2018-02-19
81,2,8:54,534,534,Janai Raynor Powell Defensive Rebound.,56,47,9,27,0.9593814207212424,0.893118986118199,Norfolk State,South Carolina State,4,4,10.5,400992800,2018-02-19
82,2,8:27,507,507,Nic Thomas Offensive Rebound.,56,47,9,48,0.9607359137331292,0.8979087898174489,Norfolk State,South Carolina State,4,4,10.5,400992800,2018-02-19
83,2,7:39,459,459,Nic Thomas Defensive Rebound.,61,49,12,26,0.9824081473045139,0.9538587899906082,Norfolk State,South Carolina State,4,4,10.5,400992800,2018-02-19
84,2,7:13,433,433,Janai Raynor Powell Defensive Rebound.,61,49,12,9,0.9838445413391054,0.958279033227031,Norfolk State,South Carolina State,4,4,10.5,400992800,2018-02-19
85,2,7:04,424,424,David Bottenberg Offensive Rebound.,61,49,12,7,0.9844243233586749,0.9600144024204318,Norfolk State,South Carolina State,4,4,10.5,400992800,2018-02-19
86,2,6:57,417,417,Derrik Jamerson Jr. Steal.,61,49,12,32,0.9848360071752768,0.9612598988136729,Norfolk State,South Carolina State,4,4,10.5,400992800,2018-02-19
87,2,6:25,385,385,Norfolk State Defensive Rebound.,61,49,12,22,0.9864411460530705,0.9661987052744433,Norfolk State,South Carolina State,4,4,10.5,400992800,2018-02-19
88,2,6:03,363,363,Donte Wright Defensive Rebound.,61,49,12,10,0.9874995941365768,0.9694129307425476,Norfolk State,South Carolina State,4,4,10.5,400992800,2018-02-19
89,2,5:53,353,353,Bryan Gellineau Block.,61,49,12,1,0.9880162378023207,0.9709364499109127,Norfolk State,South Carolina State,4,4,10.5,400992800,2018-02-19
90,2,5:52,352,352,Damani Applewhite Offensive Rebound.,61,49,12,0,0.9880697395429997,0.9710922792710138,Norfolk State,South Carolina State,4,4,10.5,400992800,2018-02-19
91,2,5:52,352,352,Damani Applewhite made Free Throw.,61,50,11,0,0.9840750611621506,0.9616336722811745,Norfolk State,South Carolina State,4,4,10.5,400992800,2018-02-19
92,2,5:52,352,352,Damani Applewhite made Free Throw.,61,51,10,71,0.9787715586092607,0.9492419738973797,Norfolk State,South Carolina State,4,4,10.5,400992800,2018-02-19
93,2,4:41,281,281,Preston Bungei made Free Throw.,67,54,13,22,0.9935791806816,0.9854583139356772,Norfolk State,South Carolina State,4,4,10.5,400992800,2018-02-19
94,2,4:19,259,259,Bryan Gellineau Steal.,67,54,13,16,0.9929137328417135,0.9843451871831795,Norfolk State,South Carolina State,4,4,10.5,400992800,2018-02-19
95,2,4:03,243,243,Patrell Rogers Defensive Rebound.,67,54,13,10,0.9924144740787911,0.9835525952593592,Norfolk State,South Carolina State,4,4,10.5,400992800,2018-02-19
96,2,3:53,233,233,James Richardson Offensive Rebound.,67,54,13,7,0.9922879671330105,0.9834760772585507,Norfolk State,South Carolina State,4,4,10.5,400992800,2018-02-19
97,2,3:46,226,226,Derrik Jamerson Jr. Block.,67,54,13,1,0.9923495602481125,0.9837454007388966,Norfolk State,South Carolina State,4,4,10.5,400992800,2018-02-19
98,2,3:45,225,225,Steven Whitley Defensive Rebound.,67,54,13,24,0.9923705340877033,0.9838095323952616,Norfolk State,South Carolina State,4,4,10.5,400992800,2018-02-19
99,2,3:21,201,201,Alex Long Block.,69,54,15,0,0.996873432840247,0.99353851429296125,Norfolk State,South Carolina State,4,4,10.5,400992800,2018-02-19
100,2,3:21,201,201,Alex Long Defensive Rebound.,69,54,15,28,0.996873432840247,0.99353851429296125,Norfolk State,South Carolina State,4,4,10.5,400992800,2018-02-19
101,2,2:53,173,173,Nic Thomas made Free Throw.,70,54,16,0,0.9990321820944839,0.998076680633102,Norfolk State,South Carolina State,4,4,10.5,400992800,2018-02-19
102,2,2:53,173,173,Nic Thomas made Free Throw.,71,54,17,16,0.9993450093647763,0.9986979516136492,Norfolk State,South Carolina State,4,4,10.5,400992800,2018-02-19
103,2,2:37,157,157,Janai Raynor Powell Offensive Rebound.,71,54,17,6,0.9996371529034201,0.9992962584815168,Norfolk State,South Carolina State,4,4,10.5,400992800,2018-02-19
104,2,2:31,151,151,Janai Raynor Powell missed Free Throw.,71,54,17,0,0.9997142426103266,0.9994510168094948,Norfolk State,South Carolina State,4,4,10.5,400992800,2018-02-19
105,2,2:31,151,151,Steven Whitley Defensive Rebound.,71,54,17,21,0.9997142426103266,0.9994510168094948,Norfolk State,South Carolina State,4,4,10.5,400992800,2018-02-19
106,2,2:10,130,130,Steven Whitley Offensive Rebound.,71,54,17,43,0.9998889191132581,0.9997938288277184,Norfolk State,South Carolina State,4,4,10.5,400992800,2018-02-19
107,2,1:27,87,87,Janai Raynor Powell Steal.,73,57,16,0,0.9999857157483796,0.9999754568190021,Norfolk State,South Carolina State,4,4,10.5,400992800,2018-02-19
108,2,1:27,87,87,Janai Raynor Powell made Free Throw.,73,58,15,0,0.9999722680564769,0.9999523514739334,Norfolk State,South Carolina State,4,4,10.5,400992800,2018-02-19
109,2,1:27,87,87,Janai Raynor Powell made Free Throw.,73,59,14,12,0.9999461609207407,0.9999074963978132,Norfolk State,South Carolina State,4,4,10.5,400992800,2018-02-19
110,2,1:15,75,75,Preston Bungei Offensive Rebound.,73,59,14,22,0.9999749178212873,0.9999578841008567,Norfolk State,South Carolina State,4,4,10.5,400992800,2018-02-19
111,2,0:53,53,53,Steven Whitley made Free Throw.,75,62,13,0,0.999987958797474,0.9999806504412616,Norfolk State,South Carolina State,4,4,10.5,400992800,2018-02-19
112,2,0:53,53,53,Steven Whitley made Free Throw.,74,62,12,14,0.9999722523532177,0.9999554114631157,Norfolk State,South Carolina State,4,4,10.5,400992800,2018-02-19
113,2,0:39,39,39,Donte Wright Offensive Rebound.,75,62,13,4,0.9999956759866498,0.9999932509777615,Norfolk State,South Carolina State,4,4,10.5,400992800,2018-02-19
114,2,0:35,35,35,Alex Long Defensive Rebound.,75,62,13,4,0.9999968236156009,0.9999950841850497,Norfolk State,South Carolina State,4,4,10.5,400992800,2018-02-19
115,2,0:31,31,31,Alex Long missed Free Throw.,75,62,13,0,0.9999976806234798,0.9999964411368668,Norfolk State,South Carolina State,4,4,10.5,400992800,2018-02-19
116,2,0:31,31,31,Norfolk State Deadball Team Rebound.,75,62,13,0,0.9999976806234798,0.9999964411368668,Norfolk State,South Carolina State,4,4,10.5,400992800,2018-02-19
117,2,0:31,31,31,Alex Long made Free Throw.,76,62,14,8,0.9999991164276889,0.9999986442411101,Norfolk State,South Carolina State,4,4,10.5,400992800,2018-02-19
118,2,0:23,23,23,Preston Bungei Steal.,76,62,14,0,0.9999995590878232,0.9999993350900122,Norfolk State,South Carolina State,4,4,10.5,400992800,2018-02-19
