play_id,half,time_remaining_half,secs_remaining,secs_remaining_absolute,description,home_score,away_score,score_diff,play_length,win_prob,naive_win_prob,home,away,home_time_out_remaining,away_time_out_remaining,home_favored_by,game_id,date
1,1,20:00,2400,2400,PLAY,0,0,0,47,0.9110278313092568,0.5,Wright State,Cleveland State,4,4,14.5,400992101,2018-02-19
2,1,19:13,2353,2353,Stefan Kenic Defensive Rebound.,0,2,-2,17,0.8942115995723356,0.45497408096351394,Wright State,Cleveland State,4,4,14.5,400992101,2018-02-19
3,1,18:56,2336,2336,Parker Ernsthausen Defensive Rebound.,0,2,-2,26,0.8936730838247998,0.4546051347726533,Wright State,Cleveland State,4,4,14.5,400992101,2018-02-19
4,1,18:30,2310,2310,Bobby Word Steal.,0,2,-2,22,0.8928261012358757,0.4540341708711008,Wright State,Cleveland State,4,4,14.5,400992101,2018-02-19
5,1,18:08,2288,2288,Cole Gentry Defensive Rebound.,0,2,-2,45,0.8920868221680988,0.4535453277550481,Wright State,Cleveland State,4,4,14.5,400992101,2018-02-19
6,1,17:23,2243,2243,Cole Gentry Defensive Rebound.,2,2,0,27,0.9077433195103624,0.5,Wright State,Cleveland State,4,4,14.5,400992101,2018-02-19
7,1,16:56,2216,2216,Loudon Love made Free Throw.,3,2,1,0,0.914916954124765,0.5240978763366215,Wright State,Cleveland State,4,4,14.5,400992101,2018-02-19
8,1,16:56,2216,2216,Loudon Love missed Free Throw.,3,2,1,0,0.914916954124765,0.5240978763366215,Wright State,Cleveland State,4,4,14.5,400992101,2018-02-19
9,1,16:56,2216,2216,Jamarcus Hairston Defensive Rebound.,3,2,1,30,0.914916954124765,0.5240978763366215,Wright State,Cleveland State,4,4,14.5,400992101,2018-02-19
10,1,16:26,2186,2186,Wright State Defensive Rebound.,3,2,1,16,0.9143388892042957,0.5244447916132549,Wright State,Cleveland State,4,4,14.5,400992101,2018-02-19
11,1,16:10,2170,2170,Anthony Wright Defensive Rebound.,3,2,1,42,0.9140190975855982,0.5246306745998974,Wright State,Cleveland State,4,4,14.5,400992101,2018-02-19
12,1,15:28,2128,2128,Bobby Word Defensive Rebound.,3,5,-2,9,0.8860381476301247,0.4498810251759297,Wright State,Cleveland State,4,4,14.5,400992101,2018-02-19
13,1,15:19,2119,2119,Kasheem Thomas Offensive Rebound.,3,5,-2,47,0.8856607780612935,0.44966980006767543,Wright State,Cleveland State,4,4,14.5,400992101,2018-02-19
14,1,14:32,2072,2072,Mark Hughes Defensive Rebound.,3,7,-4,19,0.8606485226902992,0.39818671668279626,Wright State,Cleveland State,4,4,14.5,400992101,2018-02-19
15,1,14:13,2053,2053,Anthony Wright Defensive Rebound.,6,7,-1,15,0.8931268764967405,0.47397828444364243,Wright State,Cleveland State,4,4,14.5,400992101,2018-02-19
16,1,13:58,2038,2038,Parker Ernsthausen Block.,6,7,-1,0,0.8925621518057473,0.4737948700033326,Wright State,Cleveland State,4,4,14.5,400992101,2018-02-19
17,1,13:58,2038,2038,Cleveland State Offensive Rebound.,6,7,-1,14,0.8925621518057473,0.4737948700033326,Wright State,Cleveland State,4,4,14.5,400992101,2018-02-19
18,1,13:44,2024,2024,Parker Ernsthausen Block.,6,7,-1,1,0.8920263382534123,0.4736224740327764,Wright State,Cleveland State,4,4,14.5,400992101,2018-02-19
19,1,13:43,2023,2023,Parker Ernsthausen Defensive Rebound.,6,7,-1,6,0.8919877423933736,0.47361011408406606,Wright State,Cleveland State,4,4,14.5,400992101,2018-02-19
20,1,13:37,2017,2017,Kenny Carpenter Defensive Rebound.,6,7,-1,7,0.8917552602293141,0.47353582322608984,Wright State,Cleveland State,4,4,14.5,400992101,2018-02-19
21,1,13:30,2010,2010,Parker Ernsthausen Defensive Rebound.,6,7,-1,49,0.8914820639659378,0.4734488627503662,Wright State,Cleveland State,4,4,14.5,400992101,2018-02-19
22,1,12:41,1961,1961,Mark Hughes Defensive Rebound.,8,7,1,180,0.90915108329122,0.5271690218209801,Wright State,Cleveland State,4,4,14.5,400992101,2018-02-19
23,1,9:41,1781,1781,Bobby Word made Free Throw.,15,13,2,0,0.9136573780671577,0.5588377739524277,Wright State,Cleveland State,4,4,14.5,400992101,2018-02-19
24,1,9:41,1781,1781,Bobby Word made Free Throw.,15,14,1,0,0.90386347472945,0.529521443051936,Wright State,Cleveland State,4,4,14.5,400992101,2018-02-19
25,1,9:41,1781,1781,Bobby Word made Free Throw.,15,15,0,75,0.8930886372342292,0.5,Wright State,Cleveland State,4,4,14.5,400992101,2018-02-19
26,1,8:26,1706,1706,Grant Benzinger Defensive Rebound.,20,18,2,44,0.9117143629092692,0.5608986918759065,Wright State,Cleveland State,4,4,14.5,400992101,2018-02-19
27,1,7:42,1662,1662,Cleveland State Deadball Team Rebound.,20,21,-1,43,0.874906018081354,0.4688042192408571,Wright State,Cleveland State,4,4,14.5,400992101,2018-02-19
28,1,6:59,1619,1619,Kenny Carpenter Steal.,20,21,-1,3,0.8723679648526619,0.46821133033697643,Wright State,Cleveland State,4,4,14.5,400992101,2018-02-19
29,1,6:56,1616,1616,Loudon Love Defensive Rebound.,20,21,-1,35,0.8721855192624437,0.4681705229978664,Wright State,Cleveland State,4,4,14.5,400992101,2018-02-19
30,1,6:21,1581,1581,Kasheem Thomas made Free Throw.,22,22,0,0,0.883956885063237,0.5,Wright State,Cleveland State,4,4,14.5,400992101,2018-02-19
31,1,6:21,1581,1581,Kasheem Thomas made Free Throw.,22,23,-1,91,0.8700098351868248,0.467694874775941,Wright State,Cleveland State,4,4,14.5,400992101,2018-02-19
32,1,4:50,1490,1490,Cleveland State Defensive Rebound.,24,28,-4,60,0.8092538706670238,0.3685358893831622,Wright State,Cleveland State,4,4,14.5,400992101,2018-02-19
33,1,3:50,1430,1430,Anthony Wright made Free Throw.,26,31,-5,0,0.7790496964969236,0.33345484167943473,Wright State,Cleveland State,4,4,14.5,400992101,2018-02-19
34,1,3:50,1430,1430,Anthony Wright made Free Throw.,26,32,-6,11,0.7542885200117067,0.3034081918520713,Wright State,Cleveland State,4,4,14.5,400992101,2018-02-19
35,1,3:39,1419,1419,Parker Ernsthausen made Free Throw.,29,32,-3,39,0.8219039544709806,0.39707333833928277,Wright State,Cleveland State,4,4,14.5,400992101,2018-02-19
36,1,3:00,1380,1380,Anthony Wright Defensive Rebound.,29,34,-5,7,0.7716982397543962,0.32998879271765136,Wright State,Cleveland State,4,4,14.5,400992101,2018-02-19
37,1,2:53,1373,1373,Cole Gentry Defensive Rebound.,29,34,-5,15,0.7706515678664296,0.32951563290436175,Wright State,Cleveland State,4,4,14.5,400992101,2018-02-19
38,1,2:38,1358,1358,Parker Ernsthausen made Free Throw.,30,34,-4,0,0.7928565768678165,0.36078223600340925,Wright State,Cleveland State,4,4,14.5,400992101,2018-02-19
39,1,2:38,1358,1358,Parker Ernsthausen made Free Throw.,31,34,-3,15,0.8153602759840949,0.3943704081327692,Wright State,Cleveland State,4,4,14.5,400992101,2018-02-19
40,1,2:23,1343,1343,Evan Clayborne missed Free Throw.,31,36,-5,0,0.7660967613043514,0.3274863180350783,Wright State,Cleveland State,4,4,14.5,400992101,2018-02-19
41,1,2:23,1343,1343,Grant Benzinger Defensive Rebound.,31,36,-5,9,0.7660967613043514,0.3274863180350783,Wright State,Cleveland State,4,4,14.5,400992101,2018-02-19
42,1,2:14,1334,1334,Kenny Carpenter Defensive Rebound.,31,36,-5,24,0.7647049114190714,0.32687124152703373,Wright State,Cleveland State,4,4,14.5,400992101,2018-02-19
43,1,1:50,1310,1310,Jaylon Hall missed Free Throw.,31,36,-5,0,0.7609246299193233,0.32519903947404744,Wright State,Cleveland State,4,4,14.5,400992101,2018-02-19
44,1,1:50,1310,1310,Wright State Deadball Team Rebound.,31,36,-5,0,0.7609246299193233,0.32519903947404744,Wright State,Cleveland State,4,4,14.5,400992101,2018-02-19
45,1,1:50,1310,1310,Jaylon Hall missed Free Throw.,31,36,-5,0,0.7609246299193233,0.32519903947404744,Wright State,Cleveland State,4,4,14.5,400992101,2018-02-19
46,1,1:50,1310,1310,Grant Benzinger Offensive Rebound.,31,36,-5,12,0.7609246299193233,0.32519903947404744,Wright State,Cleveland State,4,4,14.5,400992101,2018-02-19
47,1,1:38,1298,1298,Anthony Wright Defensive Rebound.,31,36,-5,54,0.7589924646786892,0.324338601011039,Wright State,Cleveland State,4,4,14.5,400992101,2018-02-19
48,1,0:44,1244,1244,Wright State Deadball Team Rebound.,31,36,-5,2,0.7498726236602425,0.3201537286547831,Wright State,Cleveland State,4,4,14.5,400992101,2018-02-19
49,1,0:42,1242,1242,Parker Ernsthausen made Free Throw.,32,36,-4,0,0.7767486527718553,0.3536421198964404,Wright State,Cleveland State,4,4,14.5,400992101,2018-02-19
50,1,0:42,1242,1242,Parker Ernsthausen made Free Throw.,33,36,-3,14,0.8018004699154972,0.3888138393962647,Wright State,Cleveland State,4,4,14.5,400992101,2018-02-19
51,1,0:28,1228,1228,Mark Hughes Defensive Rebound.,33,36,-3,25,0.8000318234950057,0.3880254361329149,Wright State,Cleveland State,4,4,14.5,400992101,2018-02-19
52,1,0:03,1203,1203,Terrell Hales Steal.,33,36,-3,3,0.7967936003983668,0.3865285927396723,Wright State,Cleveland State,4,4,14.5,400992101,2018-02-19
53,1,0:00,1200,1200,End of 1st half,33,36,-3,0,0.7964031775100178,0.38634786325026177,Wright State,Cleveland State,4,4,14.5,400992101,2018-02-19
54,2,20:00,1200,1200,PLAY,33,36,-3,69,0.7964031775100178,0.38634786325026177,Wright State,Cleveland State,4,4,14.5,400992101,2018-02-19
55,2,18:51,1131,1131,Mark Hughes Steal.,35,39,-4,67,0.7595193840066704,0.34542202988770526,Wright State,Cleveland State,4,4,14.5,400992101,2018-02-19
56,2,17:44,1064,1064,Anthony Wright Defensive Rebound.,38,41,-3,18,0.7785372133736771,0.3785007818778264,Wright State,Cleveland State,4,4,14.5,400992101,2018-02-19
57,2,17:26,1046,1046,Grant Benzinger Defensive Rebound.,38,41,-3,13,0.7760002852261977,0.3773729473130904,Wright State,Cleveland State,4,4,14.5,400992101,2018-02-19
58,2,17:13,1033,1033,Kasheem Thomas Defensive Rebound.,38,41,-3,44,0.7741183932510586,0.3765240061528634,Wright State,Cleveland State,4,4,14.5,400992101,2018-02-19
59,2,16:29,989,989,Kenny Carpenter Steal.,38,44,-6,29,0.6627863686525094,0.2620179146598613,Wright State,Cleveland State,4,4,14.5,400992101,2018-02-19
60,2,16:00,960,960,Grant Benzinger made Free Throw.,39,46,-7,0,0.6137800915068117,0.225960910914484,Wright State,Cleveland State,4,4,14.5,400992101,2018-02-19
61,2,16:00,960,960,Grant Benzinger made Free Throw.,40,46,-6,22,0.6545554408950656,0.2581960106387337,Wright State,Cleveland State,4,4,14.5,400992101,2018-02-19
62,2,15:38,938,938,Loudon Love Block.,40,46,-6,1,0.6486769038848672,0.25554547726112725,Wright State,Cleveland State,4,4,14.5,400992101,2018-02-19
63,2,15:37,937,937,Everett Winchester Defensive Rebound.,40,46,-6,15,0.6484206473508034,0.25543203796484243,Wright State,Cleveland State,4,4,14.5,400992101,2018-02-19
64,2,15:22,922,922,Kenny Carpenter Defensive Rebound.,40,46,-6,12,0.6446688581896545,0.2537892648333808,Wright State,Cleveland State,4,4,14.5,400992101,2018-02-19
65,2,15:10,910,910,Loudon Love Defensive Rebound.,40,46,-6,15,0.6417691374922353,0.2525401150187362,Wright State,Cleveland State,4,4,14.5,400992101,2018-02-19
66,2,14:55,895,895,Loudon Love made Free Throw.,43,46,-3,33,0.7529183763715712,0.36666427500089505,Wright State,Cleveland State,4,4,14.5,400992101,2018-02-19
67,2,14:22,862,862,Anthony Wright Offensive Rebound.,43,46,-3,4,0.7483215683230243,0.3646535460524669,Wright State,Cleveland State,4,4,14.5,400992101,2018-02-19
68,2,14:18,858,858,Grant Benzinger Defensive Rebound.,43,46,-3,47,0.7477576733226081,0.36440576060341545,Wright State,Cleveland State,4,4,14.5,400992101,2018-02-19
69,2,13:31,811,811,Anthony Wright Defensive Rebound.,46,46,0,32,0.8347621191426005,0.5,Wright State,Cleveland State,4,4,14.5,400992101,2018-02-19
70,2,12:59,779,779,Mark Hughes made Free Throw.,47,49,-2,0,0.7711853672008878,0.4043093833426463,Wright State,Cleveland State,4,4,14.5,400992101,2018-02-19
71,2,12:59,779,779,Mark Hughes made Free Throw.,48,49,-1,34,0.8035745639445087,0.45170837512706297,Wright State,Cleveland State,4,4,14.5,400992101,2018-02-19
72,2,12:25,745,745,Bobby Word Defensive Rebound.,48,51,-3,7,0.7282973548871594,0.3552212666714494,Wright State,Cleveland State,4,4,14.5,400992101,2018-02-19
73,2,12:18,738,738,Wright State Defensive Rebound.,48,51,-3,18,0.7267030139599366,0.35441958213896413,Wright State,Cleveland State,4,4,14.5,400992101,2018-02-19
74,2,12:00,720,720,Loudon Love Offensive Rebound.,48,51,-3,8,0.722416136009485,0.35226836234278713,Wright State,Cleveland State,4,4,14.5,400992101,2018-02-19
75,2,11:52,712,712,Jaylon Hall made Free Throw.,51,51,0,14,0.826397341418036,0.5,Wright State,Cleveland State,4,4,14.5,400992101,2018-02-19
76,2,11:38,698,698,Mark Hughes Defensive Rebound.,51,51,0,21,0.8251019115899108,0.5,Wright State,Cleveland State,4,4,14.5,400992101,2018-02-19
77,2,11:17,677,677,Cleveland State Defensive Rebound.,51,51,0,18,0.8231859360048943,0.5,Wright State,Cleveland State,4,4,14.5,400992101,2018-02-19
78,2,10:59,659,659,Terrell Hales Offensive Rebound.,51,51,0,4,0.8215401411595767,0.5,Wright State,Cleveland State,4,4,14.5,400992101,2018-02-19
79,2,10:55,655,655,Terrell Hales missed Two Point Tip Shot.,51,51,0,0,0.8211708973862522,0.5,Wright State,Cleveland State,4,4,14.5,400992101,2018-02-19
80,2,10:55,655,655,Loudon Love Defensive Rebound.,51,51,0,92,0.8211708973862522,0.5,Wright State,Cleveland State,4,4,14.5,400992101,2018-02-19
81,2,9:23,563,563,Loudon Love made Free Throw.,57,57,0,23,0.8114620721126431,0.5,Wright State,Cleveland State,4,4,14.5,400992101,2018-02-19
82,2,9:00,540,540,Jamarcus Hairston Offensive Rebound.,57,57,0,4,0.8084407652854735,0.5,Wright State,Cleveland State,4,4,14.5,400992101,2018-02-19
83,2,8:56,536,536,Jamarcus Hairston made Two Point Tip Shot.,57,59,-2,12,0.7242641891384003,0.3844169427159169,Wright State,Cleveland State,4,4,14.5,400992101,2018-02-19
84,2,8:44,524,524,Loudon Love Offensive Rebound.,57,59,-2,5,0.7212104271083055,0.3831465821827327,Wright State,Cleveland State,4,4,14.5,400992101,2018-02-19
85,2,8:39,519,519,Loudon Love missed Two Point Tip Shot.,57,59,-2,0,0.7199727785999988,0.3826512159023196,Wright State,Cleveland State,4,4,14.5,400992101,2018-02-19
86,2,8:39,519,519,Anthony Wright Defensive Rebound.,57,59,-2,22,0.7199727785999988,0.3826512159023196,Wright State,Cleveland State,4,4,14.5,400992101,2018-02-19
87,2,8:17,497,497,Loudon Love Defensive Rebound.,57,59,-2,39,0.7145823916308998,0.38056547979097555,Wright State,Cleveland State,4,4,14.5,400992101,2018-02-19
88,2,7:38,458,458,Mark Hughes Defensive Rebound.,60,59,1,17,0.8353594222946291,0.5628371342706873,Wright State,Cleveland State,4,4,14.5,400992101,2018-02-19
89,2,7:21,441,441,Mark Hughes made Free Throw.,61,59,2,0,0.8665933981383764,0.62627519960152,Wright State,Cleveland State,4,4,14.5,400992101,2018-02-19
90,2,7:21,441,441,Mark Hughes made Free Throw.,62,59,3,31,0.8937188563259928,0.6844730745644677,Wright State,Cleveland State,4,4,14.5,400992101,2018-02-19
91,2,6:50,410,410,Cole Gentry Steal.,62,59,3,12,0.8939168033296598,0.6922747795944373,Wright State,Cleveland State,4,4,14.5,400992101,2018-02-19
92,2,6:38,398,398,Mark Hughes made Free Throw.,63,59,4,0,0.9171992335101818,0.7500032626367592,Wright State,Cleveland State,4,4,14.5,400992101,2018-02-19
93,2,6:38,398,398,Mark Hughes made Free Throw.,64,59,5,103,0.9358087859878153,0.7979107168241443,Wright State,Cleveland State,4,4,14.5,400992101,2018-02-19
94,2,4:55,295,295,Grant Benzinger Defensive Rebound.,66,59,7,89,0.9686631315356532,0.9063359138561607,Wright State,Cleveland State,4,4,14.5,400992101,2018-02-19
95,2,3:26,206,206,Everett Winchester Defensive Rebound.,71,59,12,17,0.9930951805649448,0.9811450999955544,Wright State,Cleveland State,4,4,14.5,400992101,2018-02-19
96,2,3:09,189,189,Kasheem Thomas Defensive Rebound.,71,59,12,20,0.9948609147255553,0.9863817115119354,Wright State,Cleveland State,4,4,14.5,400992101,2018-02-19
97,2,2:49,169,169,Loudon Love Steal.,71,59,12,17,0.9967797925180837,0.9917877404361098,Wright State,Cleveland State,4,4,14.5,400992101,2018-02-19
98,2,2:32,152,152,Kenny Carpenter Defensive Rebound.,71,59,12,15,0.9979202259345169,0.9948785057584516,Wright State,Cleveland State,4,4,14.5,400992101,2018-02-19
99,2,2:17,137,137,Mark Hughes Defensive Rebound.,71,59,12,43,0.9986617406035911,0.9968103247713381,Wright State,Cleveland State,4,4,14.5,400992101,2018-02-19
100,2,1:34,94,94,Anthony Wright made Free Throw.,71,60,11,0,0.9995562155807075,0.999046159699373,Wright State,Cleveland State,4,4,14.5,400992101,2018-02-19
101,2,1:34,94,94,Anthony Wright missed Free Throw.,71,60,11,0,0.9995562155807075,0.999046159699373,Wright State,Cleveland State,4,4,14.5,400992101,2018-02-19
102,2,1:34,94,94,Everett Winchester Defensive Rebound.,71,60,11,28,0.9995562155807075,0.999046159699373,Wright State,Cleveland State,4,4,14.5,400992101,2018-02-19
103,2,1:06,66,66,Terrell Hales Defensive Rebound.,71,60,11,12,0.9998892705975659,0.999778987581725,Wright State,Cleveland State,4,4,14.5,400992101,2018-02-19
104,2,0:54,54,54,Kenny Carpenter made Free Throw.,71,61,10,0,0.999870393811663,0.9997498037593856,Wright State,Cleveland State,4,4,14.5,400992101,2018-02-19
105,2,0:54,54,54,Kenny Carpenter made Free Throw.,71,62,9,0,0.9997030289653716,0.9994268061781281,Wright State,Cleveland State,4,4,14.5,400992101,2018-02-19
106,2,0:54,54,54,Cole Gentry missed Free Throw.,71,62,9,0,0.9997030289653716,0.9994268061781281,Wright State,Cleveland State,4,4,14.5,400992101,2018-02-19
107,2,0:54,54,54,Wright State Deadball Team Rebound.,71,62,9,0,0.9997030289653716,0.9994268061781281,Wright State,Cleveland State,4,4,14.5,400992101,2018-02-19
108,2,0:54,54,54,Cole Gentry missed Free Throw.,71,62,9,0,0.9997030289653716,0.9994268061781281,Wright State,Cleveland State,4,4,14.5,400992101,2018-02-19
109,2,0:54,54,54,Kasheem Thomas Defensive Rebound.,71,62,9,9,0.9997030289653716,0.9994268061781281,Wright State,Cleveland State,4,4,14.5,400992101,2018-02-19
110,2,0:45,45,45,Cole Gentry Steal.,71,62,9,17,0.9998073979268179,0.999637622409992,Wright State,Cleveland State,4,4,14.5,400992101,2018-02-19
111,2,0:28,28,28,Kenny Carpenter Steal.,71,62,9,2,0.9999203864975801,0.9998574876294023,Wright State,Cleveland State,4,4,14.5,400992101,2018-02-19
112,2,0:26,26,26,Kenny Carpenter missed Free Throw.,71,62,9,0,0.9999285756858777,0.9998729088585575,Wright State,Cleveland State,4,4,14.5,400992101,2018-02-19
113,2,0:26,26,26,Cleveland State Deadball Team Rebound.,71,62,9,0,0.9999285756858777,0.9998729088585575,Wright State,Cleveland State,4,4,14.5,400992101,2018-02-19
114,2,0:26,26,26,Kenny Carpenter made Free Throw.,71,63,8,2,0.9998065080038255,0.9996557365726595,Wright State,Cleveland State,4,4,14.5,400992101,2018-02-19
115,2,0:24,24,24,Grant Benzinger missed Free Throw.,71,63,8,0,0.9998243056776278,0.9996892696721271,Wright State,Cleveland State,4,4,14.5,400992101,2018-02-19
116,2,0:24,24,24,Wright State Deadball Team Rebound.,71,63,8,0,0.9998243056776278,0.9996892696721271,Wright State,Cleveland State,4,4,14.5,400992101,2018-02-19
117,2,0:24,24,24,Grant Benzinger made Free Throw.,72,63,9,8,0.9999359718349571,0.9998867510319965,Wright State,Cleveland State,4,4,14.5,400992101,2018-02-19
118,2,0:16,16,16,Mark Hughes Steal.,72,63,9,16,0.9999592304266782,0.9999296212658451,Wright State,Cleveland State,4,4,14.5,400992101,2018-02-19
119,2,0:00,0,0,End of Game,72,63,9,0,1,1,Wright State,Cleveland State,4,4,14.5,400992101,2018-02-19
