play_id,half,time_remaining_half,secs_remaining,secs_remaining_absolute,description,home_score,away_score,score_diff,play_length,win_prob,naive_win_prob,home,away,home_time_out_remaining,away_time_out_remaining,home_favored_by,game_id,date
1,1,20:00,2400,2400,PLAY,0,0,0,57,0.6587586416713004,0.5,Miami,Syracuse,4,4,4.1,400986264,2018-02-17
2,1,19:03,2343,2343,Oshae Brissett Offensive Rebound.,3,0,3,3,0.7162870776695174,0.5676328117471199,Miami,Syracuse,4,4,4.1,400986264,2018-02-17
3,1,19:00,2340,2340,Paschal Chukwu Offensive Rebound.,3,0,3,6,0.7163245991346666,0.5677296468698028,Miami,Syracuse,4,4,4.1,400986264,2018-02-17
4,1,18:54,2334,2334,Dejan Vasiljevic Steal.,3,0,3,3,0.7163995840505888,0.5679238011187568,Miami,Syracuse,4,4,4.1,400986264,2018-02-17
5,1,18:51,2331,2331,Paschal Chukwu Defensive Rebound.,3,0,3,17,0.7164370428190664,0.5680211159857175,Miami,Syracuse,4,4,4.1,400986264,2018-02-17
6,1,18:34,2314,2314,Dejan Vasiljevic Defensive Rebound.,3,0,3,18,0.7166487572827661,0.5685754445264711,Miami,Syracuse,4,4,4.1,400986264,2018-02-17
7,1,18:16,2296,2296,Paschal Chukwu Defensive Rebound.,3,0,3,25,0.7168715576164851,0.5691673982971774,Miami,Syracuse,4,4,4.1,400986264,2018-02-17
8,1,17:51,2271,2271,Anthony Lawrence II Defensive Rebound.,3,0,3,4,0.7171777395888119,0.5699972718782212,Miami,Syracuse,4,4,4.1,400986264,2018-02-17
9,1,17:47,2267,2267,Oshae Brissett Defensive Rebound.,3,0,3,23,0.7172262982338465,0.5701308127442787,Miami,Syracuse,4,4,4.1,400986264,2018-02-17
10,1,17:24,2244,2244,Anthony Lawrence II Steal.,3,0,3,1,0.717502742543063,0.5709023243373903,Miami,Syracuse,4,4,4.1,400986264,2018-02-17
11,1,17:23,2243,2243,Chris Lykes made Free Throw.,4,0,4,0,0.7364096437663137,0.5940888771738667,Miami,Syracuse,4,4,4.1,400986264,2018-02-17
12,1,17:23,2243,2243,Chris Lykes missed Free Throw.,4,0,4,0,0.7364096437663137,0.5940888771738667,Miami,Syracuse,4,4,4.1,400986264,2018-02-17
13,1,17:23,2243,2243,Syracuse Defensive Rebound.,4,0,4,22,0.7364096437663137,0.5940888771738667,Miami,Syracuse,4,4,4.1,400986264,2018-02-17
14,1,17:01,2221,2221,Dewan Huell Defensive Rebound.,4,0,4,26,0.7368539650765449,0.595064408949962,Miami,Syracuse,4,4,4.1,400986264,2018-02-17
15,1,16:35,2195,2195,Oshae Brissett Defensive Rebound.,4,0,4,37,0.7373727232453867,0.596223883198557,Miami,Syracuse,4,4,4.1,400986264,2018-02-17
16,1,15:58,2158,2158,Paschal Chukwu Block.,4,2,2,0,0.6979954983541078,0.5494197980081144,Miami,Syracuse,4,4,4.1,400986264,2018-02-17
17,1,15:58,2158,2158,Miami Offensive Rebound.,4,2,2,13,0.6979954983541078,0.5494197980081144,Miami,Syracuse,4,4,4.1,400986264,2018-02-17
18,1,15:45,2145,2145,Oshae Brissett Defensive Rebound.,4,2,2,35,0.6980121321780082,0.5497218799510991,Miami,Syracuse,4,4,4.1,400986264,2018-02-17
19,1,15:10,2110,2110,Oshae Brissett Defensive Rebound.,4,2,2,15,0.6980463692669578,0.5505421479818391,Miami,Syracuse,4,4,4.1,400986264,2018-02-17
20,1,14:55,2095,2095,Anthony Lawrence II Steal.,4,2,2,7,0.6980567064091373,0.5508970677165204,Miami,Syracuse,4,4,4.1,400986264,2018-02-17
21,1,14:48,2088,2088,Dewan Huell missed Free Throw.,4,2,2,0,0.6980607092359131,0.5510634392815655,Miami,Syracuse,4,4,4.1,400986264,2018-02-17
22,1,14:48,2088,2088,Miami Deadball Team Rebound.,4,2,2,0,0.6980607092359131,0.5510634392815655,Miami,Syracuse,4,4,4.1,400986264,2018-02-17
23,1,14:48,2088,2088,Dewan Huell made Free Throw.,5,2,3,130,0.7192136245719886,0.5762633298081224,Miami,Syracuse,4,4,4.1,400986264,2018-02-17
24,1,12:38,1958,1958,Paschal Chukwu Block.,8,9,-1,0,0.6251045451676425,0.4727926015739934,Miami,Syracuse,4,4,4.1,400986264,2018-02-17
25,1,12:38,1958,1958,Miami Offensive Rebound.,8,9,-1,3,0.6251045451676425,0.4727926015739934,Miami,Syracuse,4,4,4.1,400986264,2018-02-17
26,1,12:35,1955,1955,Marek Dolezaj Defensive Rebound.,8,9,-1,60,0.6249947807520297,0.47275415905318724,Miami,Syracuse,4,4,4.1,400986264,2018-02-17
27,1,11:35,1895,1895,Sam Waardenburg Block.,8,11,-3,1,0.5687645335871948,0.4166278204378641,Miami,Syracuse,4,4,4.1,400986264,2018-02-17
28,1,11:34,1894,1894,Syracuse Offensive Rebound.,8,11,-3,14,0.5686990849810883,0.41658987410298953,Miami,Syracuse,4,4,4.1,400986264,2018-02-17
29,1,11:20,1880,1880,Syracuse Offensive Rebound.,8,11,-3,25,0.5677796855825519,0.41605856931960766,Miami,Syracuse,4,4,4.1,400986264,2018-02-17
30,1,10:55,1855,1855,Ja'Quan Newton missed Free Throw.,8,11,-3,0,0.5661223778365345,0.41510807829856994,Miami,Syracuse,4,4,4.1,400986264,2018-02-17
31,1,10:55,1855,1855,Miami Deadball Team Rebound.,8,11,-3,0,0.5661223778365345,0.41510807829856994,Miami,Syracuse,4,4,4.1,400986264,2018-02-17
32,1,10:55,1855,1855,Ja'Quan Newton made Free Throw.,9,11,-2,23,0.5939560224039409,0.4430995317453636,Miami,Syracuse,4,4,4.1,400986264,2018-02-17
33,1,10:32,1832,1832,Ebuka Izundu Defensive Rebound.,9,11,-2,12,0.5927310736739803,0.44250385571185863,Miami,Syracuse,4,4,4.1,400986264,2018-02-17
34,1,10:20,1820,1820,Miami Offensive Rebound.,9,11,-2,33,0.5920850456714829,0.44219117356016835,Miami,Syracuse,4,4,4.1,400986264,2018-02-17
35,1,9:47,1787,1787,Frank Howard Block.,9,11,-2,2,0.590282565839324,0.4413220202407996,Miami,Syracuse,4,4,4.1,400986264,2018-02-17
36,1,9:45,1785,1785,Syracuse Defensive Rebound.,9,11,-2,16,0.5901720572425829,0.4412688230344889,Miami,Syracuse,4,4,4.1,400986264,2018-02-17
37,1,9:29,1769,1769,Miami Defensive Rebound.,9,11,-2,18,0.5892825665264487,0.440840726454833,Miami,Syracuse,4,4,4.1,400986264,2018-02-17
38,1,9:11,1751,1751,Tyus Battle Steal.,9,11,-2,27,0.5882700558679621,0.4403532040867342,Miami,Syracuse,4,4,4.1,400986264,2018-02-17
39,1,8:44,1724,1724,Oshae Brissett Defensive Rebound.,9,14,-5,28,0.4965806306972356,0.35277128482776327,Miami,Syracuse,4,4,4.1,400986264,2018-02-17
40,1,8:16,1696,1696,Oshae Brissett Offensive Rebound.,9,14,-5,14,0.49369127384529743,0.350936566303155,Miami,Syracuse,4,4,4.1,400986264,2018-02-17
41,1,8:02,1682,1682,Oshae Brissett made Two Point Tip Shot.,9,16,-7,25,0.4307713197854368,0.29595878355556327,Miami,Syracuse,4,4,4.1,400986264,2018-02-17
42,1,7:37,1657,1657,Bourama Sidibe Block.,9,16,-7,0,0.4275289268271469,0.2938854527806277,Miami,Syracuse,4,4,4.1,400986264,2018-02-17
43,1,7:37,1657,1657,Miami Deadball Team Rebound.,9,16,-7,34,0.4275289268271469,0.2938854527806277,Miami,Syracuse,4,4,4.1,400986264,2018-02-17
44,1,7:03,1623,1623,Anthony Lawrence II Defensive Rebound.,11,16,-5,15,0.48612785868036607,0.3462558256590855,Miami,Syracuse,4,4,4.1,400986264,2018-02-17
45,1,6:48,1608,1608,Bourama Sidibe Block.,11,16,-5,3,0.48458341645101427,0.34532926346492954,Miami,Syracuse,4,4,4.1,400986264,2018-02-17
46,1,6:45,1605,1605,Matthew Moyer Defensive Rebound.,11,16,-5,8,0.4842740596317636,0.34514439076209263,Miami,Syracuse,4,4,4.1,400986264,2018-02-17
47,1,6:37,1597,1597,Bourama Sidibe Offensive Rebound.,11,16,-5,4,0.4834479314544956,0.3446516381106799,Miami,Syracuse,4,4,4.1,400986264,2018-02-17
48,1,6:33,1593,1593,Bourama Sidibe missed Two Point Tip Shot.,11,16,-5,0,0.48303409552868476,0.3444052441426925,Miami,Syracuse,4,4,4.1,400986264,2018-02-17
49,1,6:33,1593,1593,Dejan Vasiljevic Defensive Rebound.,11,16,-5,9,0.48303409552868476,0.3444052441426925,Miami,Syracuse,4,4,4.1,400986264,2018-02-17
50,1,6:24,1584,1584,Tyus Battle Steal.,11,16,-5,7,0.48210063982937146,0.34385030654282556,Miami,Syracuse,4,4,4.1,400986264,2018-02-17
51,1,6:17,1577,1577,Dewan Huell Defensive Rebound.,11,16,-5,52,0.4813719890933787,0.34341769861763755,Miami,Syracuse,4,4,4.1,400986264,2018-02-17
52,1,5:25,1525,1525,Tyus Battle Defensive Rebound.,13,18,-5,10,0.4758495465553033,0.340134156497824,Miami,Syracuse,4,4,4.1,400986264,2018-02-17
53,1,5:15,1515,1515,Dewan Huell Defensive Rebound.,13,18,-5,8,0.474757699549453,0.33947987705900246,Miami,Syracuse,4,4,4.1,400986264,2018-02-17
54,1,5:07,1507,1507,Chris Lykes made Free Throw.,14,18,-4,0,0.5072502055931425,0.3694948178282831,Miami,Syracuse,4,4,4.1,400986264,2018-02-17
55,1,5:07,1507,1507,Chris Lykes missed Free Throw.,14,18,-4,0,0.5072502055931425,0.3694948178282831,Miami,Syracuse,4,4,4.1,400986264,2018-02-17
56,1,5:07,1507,1507,Frank Howard Defensive Rebound.,14,18,-4,63,0.5072502055931425,0.3694948178282831,Miami,Syracuse,4,4,4.1,400986264,2018-02-17
57,1,4:04,1444,1444,Anthony Lawrence II Defensive Rebound.,16,20,-4,17,0.5009490992105309,0.3657697134168506,Miami,Syracuse,4,4,4.1,400986264,2018-02-17
58,1,3:47,1427,1427,Bourama Sidibe Steal.,16,20,-4,31,0.4992140103101059,0.3647388779417739,Miami,Syracuse,4,4,4.1,400986264,2018-02-17
59,1,3:16,1396,1396,Dewan Huell Defensive Rebound.,16,20,-4,56,0.49610435860068003,0.3629334043478855,Miami,Syracuse,4,4,4.1,400986264,2018-02-17
60,1,2:20,1340,1340,Ja'Quan Newton Steal.,19,20,-1,14,0.5973327422130532,0.46403696871277916,Miami,Syracuse,4,4,4.1,400986264,2018-02-17
61,1,2:06,1326,1326,Marek Dolezaj missed Free Throw.,21,20,1,0,0.66401894522724,0.5361805373525096,Miami,Syracuse,4,4,4.1,400986264,2018-02-17
62,1,2:06,1326,1326,Syracuse Deadball Team Rebound.,21,20,1,0,0.66401894522724,0.5361805373525096,Miami,Syracuse,4,4,4.1,400986264,2018-02-17
63,1,2:06,1326,1326,Marek Dolezaj made Free Throw.,21,21,0,54,0.6309467128206055,0.5,Miami,Syracuse,4,4,4.1,400986264,2018-02-17
64,1,1:12,1272,1272,Frank Howard Defensive Rebound.,23,23,0,23,0.6289685174980654,0.5,Miami,Syracuse,4,4,4.1,400986264,2018-02-17
65,1,0:49,1249,1249,Chris Lykes made Free Throw.,24,25,-1,0,0.592410576969194,0.462512318079211,Miami,Syracuse,4,4,4.1,400986264,2018-02-17
66,1,0:49,1249,1249,Chris Lykes made Free Throw.,25,25,0,19,0.6281228562098414,0.5,Miami,Syracuse,4,4,4.1,400986264,2018-02-17
67,1,0:30,1230,1230,Dewan Huell Block.,25,25,0,1,0.6274252810831494,0.5,Miami,Syracuse,4,4,4.1,400986264,2018-02-17
68,1,0:29,1229,1229,Dewan Huell Defensive Rebound.,25,25,0,5,0.6273886191919135,0.5,Miami,Syracuse,4,4,4.1,400986264,2018-02-17
69,1,0:24,1224,1224,Dejan Vasiljevic Offensive Rebound.,25,25,0,19,0.6272054123500537,0.5,Miami,Syracuse,4,4,4.1,400986264,2018-02-17
70,1,0:05,1205,1205,Frank Howard Steal.,25,25,0,5,0.6265112632079819,0.5,Miami,Syracuse,4,4,4.1,400986264,2018-02-17
71,1,0:00,1200,1200,Syracuse Deadball Team Rebound.,25,25,0,0,0.6263294882637378,0.5,Miami,Syracuse,4,4,4.1,400986264,2018-02-17
72,1,0:00,1200,1200,End of 1st half,25,25,0,0,0.6263294882637378,0.5,Miami,Syracuse,4,4,4.1,400986264,2018-02-17
73,2,20:00,1200,1200,PLAY,25,25,0,11,0.6263294882637378,0.5,Miami,Syracuse,4,4,4.1,400986264,2018-02-17
74,2,19:49,1189,1189,Anthony Lawrence II Offensive Rebound.,25,25,0,68,0.625931093758801,0.5,Miami,Syracuse,4,4,4.1,400986264,2018-02-17
75,2,18:41,1121,1121,Paschal Chukwu Defensive Rebound.,28,27,1,51,0.6603852307900068,0.5400641577836345,Miami,Syracuse,4,4,4.1,400986264,2018-02-17
76,2,17:50,1070,1070,Oshae Brissett Defensive Rebound.,28,29,-1,35,0.5822055695687031,0.4588959930529921,Miami,Syracuse,4,4,4.1,400986264,2018-02-17
77,2,17:15,1035,1035,Dewan Huell Offensive Rebound.,28,31,-3,5,0.4968577936724314,0.3766566906929552,Miami,Syracuse,4,4,4.1,400986264,2018-02-17
78,2,17:10,1030,1030,Oshae Brissett Defensive Rebound.,28,31,-3,36,0.49630691267554855,0.37632348714103175,Miami,Syracuse,4,4,4.1,400986264,2018-02-17
79,2,16:34,994,994,Marek Dolezaj Defensive Rebound.,28,33,-5,35,0.4072069151523167,0.2972970855605685,Miami,Syracuse,4,4,4.1,400986264,2018-02-17
80,2,15:59,959,959,Paschal Chukwu Defensive Rebound.,28,36,-8,51,0.283113168111108,0.1965428296017064,Miami,Syracuse,4,4,4.1,400986264,2018-02-17
81,2,15:08,908,908,Oshae Brissett Defensive Rebound.,28,38,-10,7,0.20768915681165925,0.14059971930322054,Miami,Syracuse,4,4,4.1,400986264,2018-02-17
82,2,15:01,901,901,Dewan Huell Defensive Rebound.,28,38,-10,35,0.20650440845673892,0.13984741839852485,Miami,Syracuse,4,4,4.1,400986264,2018-02-17
83,2,14:26,866,866,Tyus Battle Defensive Rebound.,28,38,-10,95,0.20076025574148595,0.13620163738517935,Miami,Syracuse,4,4,4.1,400986264,2018-02-17
84,2,12:51,771,771,Tyus Battle Block.,31,40,-9,0,0.2138799428174722,0.14760143961487363,Miami,Syracuse,4,4,4.1,400986264,2018-02-17
85,2,12:51,771,771,Miami Offensive Rebound.,31,40,-9,9,0.2138799428174722,0.14760143961487363,Miami,Syracuse,4,4,4.1,400986264,2018-02-17
86,2,12:42,762,762,Ebuka Izundu Offensive Rebound.,31,40,-9,38,0.21171557245120354,0.14617019756395017,Miami,Syracuse,4,4,4.1,400986264,2018-02-17
87,2,12:04,724,724,Ebuka Izundu Steal.,34,40,-6,69,0.31633431130718953,0.22897661670234412,Miami,Syracuse,4,4,4.1,400986264,2018-02-17
88,2,10:55,655,655,Sam Waardenburg Defensive Rebound.,37,43,-6,34,0.30092975366622265,0.21859318317363483,Miami,Syracuse,4,4,4.1,400986264,2018-02-17
89,2,10:21,621,621,Ja'Quan Newton Steal.,39,43,-4,34,0.3908379912184224,0.29554880923503235,Miami,Syracuse,4,4,4.1,400986264,2018-02-17
90,2,9:47,587,587,Sam Waardenburg Defensive Rebound.,41,43,-2,26,0.492959632915611,0.39026898593701626,Miami,Syracuse,4,4,4.1,400986264,2018-02-17
91,2,9:21,561,561,Anthony Lawrence II Steal.,43,43,0,11,0.6016221397620114,0.5,Miami,Syracuse,4,4,4.1,400986264,2018-02-17
92,2,9:10,550,550,Syracuse Defensive Rebound.,43,43,0,22,0.6009859641043176,0.5,Miami,Syracuse,4,4,4.1,400986264,2018-02-17
93,2,8:48,528,528,Marek Dolezaj Offensive Rebound.,43,43,0,39,0.5997276717254502,0.5,Miami,Syracuse,4,4,4.1,400986264,2018-02-17
94,2,8:09,489,489,Oshae Brissett Defensive Rebound.,43,45,-2,29,0.4762601092989911,0.37979320928376264,Miami,Syracuse,4,4,4.1,400986264,2018-02-17
95,2,7:40,460,460,Frank Howard made Free Throw.,43,48,-5,44,0.29477539167496375,0.22087006935650047,Miami,Syracuse,4,4,4.1,400986264,2018-02-17
96,2,6:56,416,416,Syracuse Offensive Rebound.,45,48,-3,36,0.39445899442547705,0.3091722867458498,Miami,Syracuse,4,4,4.1,400986264,2018-02-17
97,2,6:20,380,380,Sam Waardenburg Offensive Rebound.,45,50,-5,5,0.26049595222859223,0.19680814386983217,Miami,Syracuse,4,4,4.1,400986264,2018-02-17
98,2,6:15,375,375,Miami Offensive Rebound.,45,50,-5,17,0.2583097471839671,0.1953037739423814,Miami,Syracuse,4,4,4.1,400986264,2018-02-17
99,2,5:58,358,358,Paschal Chukwu Defensive Rebound.,45,50,-5,61,0.25047537550318,0.18988227699451454,Miami,Syracuse,4,4,4.1,400986264,2018-02-17
100,2,4:57,297,297,Dewan Huell Offensive Rebound.,45,52,-7,37,0.1259341194829578,0.0939221491440551,Miami,Syracuse,4,4,4.1,400986264,2018-02-17
101,2,4:20,260,260,Paschal Chukwu Offensive Rebound.,47,52,-5,3,0.21738498057327602,0.16878058696701173,Miami,Syracuse,4,4,4.1,400986264,2018-02-17
102,2,4:17,257,257,Dewan Huell Defensive Rebound.,47,52,-5,69,0.21793101097539175,0.16941688501255628,Miami,Syracuse,4,4,4.1,400986264,2018-02-17
103,2,3:08,188,188,Bourama Sidibe Block.,49,54,-5,4,0.17983646712774073,0.14247875292916778,Miami,Syracuse,4,4,4.1,400986264,2018-02-17
104,2,3:04,184,184,Bourama Sidibe Defensive Rebound.,49,54,-5,39,0.1734165435852838,0.13744645206527548,Miami,Syracuse,4,4,4.1,400986264,2018-02-17
105,2,2:25,145,145,Tyus Battle Defensive Rebound.,49,54,-5,25,0.11574116174061938,0.09240194952497945,Miami,Syracuse,4,4,4.1,400986264,2018-02-17
106,2,2:00,120,120,Dewan Huell Defensive Rebound.,49,54,-5,80,0.08159142653700374,0.06563596700207514,Miami,Syracuse,4,4,4.1,400986264,2018-02-17
107,2,0:40,40,40,Tyus Battle missed Free Throw.,53,57,-4,0,0.030334014999493102,0.025596908924922356,Miami,Syracuse,4,4,4.1,400986264,2018-02-17
108,2,0:40,40,40,Syracuse Deadball Team Rebound.,53,57,-4,0,0.030334014999493102,0.025596908924922356,Miami,Syracuse,4,4,4.1,400986264,2018-02-17
109,2,0:40,40,40,Tyus Battle made Free Throw.,53,58,-5,11,0.012437541014293854,0.0104650718902633,Miami,Syracuse,4,4,4.1,400986264,2018-02-17
110,2,0:29,29,29,Sam Waardenburg Offensive Rebound.,53,58,-5,4,0.008811669379766063,0.007477699414996424,Miami,Syracuse,4,4,4.1,400986264,2018-02-17
111,2,0:25,25,25,Sam Waardenburg made Free Throw.,54,58,-4,0,0.02082910950910221,0.01776734298504168,Miami,Syracuse,4,4,4.1,400986264,2018-02-17
112,2,0:25,25,25,Sam Waardenburg made Free Throw.,55,58,-3,6,0.05482425614362768,0.047005273609936685,Miami,Syracuse,4,4,4.1,400986264,2018-02-17
113,2,0:19,19,19,Marek Dolezaj made Free Throw.,55,59,-4,0,0.017778895113275933,0.015235341616680557,Miami,Syracuse,4,4,4.1,400986264,2018-02-17
114,2,0:19,19,19,Marek Dolezaj made Free Throw.,55,60,-5,3,0.006343250012900203,0.005426708213685131,Miami,Syracuse,4,4,4.1,400986264,2018-02-17
115,2,0:16,16,16,Oshae Brissett Defensive Rebound.,55,60,-5,7,0.005722618167652879,0.004907985272695086,Miami,Syracuse,4,4,4.1,400986264,2018-02-17
116,2,0:09,9,9,Tyus Battle made Free Throw.,55,61,-6,0,0.0014743775767391814,0.0012715032527373625,Miami,Syracuse,4,4,4.1,400986264,2018-02-17
117,2,0:09,9,9,Tyus Battle made Free Throw.,55,62,-7,5,4.858663058618939e-4,4.189540423381101e-4,Miami,Syracuse,4,4,4.1,400986264,2018-02-17
118,2,0:04,4,4,Tyus Battle Defensive Rebound.,55,62,-7,4,3.7643835947638436e-4,3.260376405145917e-4,Miami,Syracuse,4,4,4.1,400986264,2018-02-17
119,2,0:00,0,0,End of Game,55,62,-7,0,1.8199219201530793e-61,1.580420060273613e-61,Miami,Syracuse,4,4,4.1,400986264,2018-02-17
