play_id,half,time_remaining_half,secs_remaining,secs_remaining_absolute,description,home_score,away_score,score_diff,play_length,win_prob,naive_win_prob,home,away,home_time_out_remaining,away_time_out_remaining,home_favored_by,game_id,date
1,1,20:00,2400,2400,PLAY,0,0,0,43,0.948034040072165,0.5,Boise State,Air Force,4,4,18.1,400991701,2018-02-17
2,1,19:17,2357,2357,Chandler Hutchison Defensive Rebound.,2,0,2,13,0.9556948326878794,0.5449396457150346,Boise State,Air Force,4,4,18.1,400991701,2018-02-17
3,1,19:04,2344,2344,CJ Siples Steal.,2,0,2,6,0.9555744663050293,0.5452207909535292,Boise State,Air Force,4,4,18.1,400991701,2018-02-17
4,1,18:58,2338,2338,CJ Siples Offensive Rebound.,2,0,2,30,0.955518039758818,0.5453512728162102,Boise State,Air Force,4,4,18.1,400991701,2018-02-17
5,1,18:28,2308,2308,Boise State Defensive Rebound.,2,0,2,64,0.9552272980303556,0.5460100625768887,Boise State,Air Force,4,4,18.1,400991701,2018-02-17
6,1,17:24,2244,2244,Ryan Swan Defensive Rebound.,4,2,2,21,0.9545551098147068,0.5474457454180928,Boise State,Air Force,4,4,18.1,400991701,2018-02-17
7,1,17:03,2223,2223,Zach Haney Block.,4,2,2,2,0.9543177314131066,0.5479240095827266,Boise State,Air Force,4,4,18.1,400991701,2018-02-17
8,1,17:01,2221,2221,Zach Haney Defensive Rebound.,4,2,2,70,0.9542946622303872,0.5479697085553288,Boise State,Air Force,4,4,18.1,400991701,2018-02-17
9,1,15:51,2151,2151,CJ Siples Defensive Rebound.,8,6,2,28,0.9534335788572997,0.5495822928983269,Boise State,Air Force,4,4,18.1,400991701,2018-02-17
10,1,15:23,2123,2123,Lexus Williams Defensive Rebound.,8,6,2,23,0.9530601008755513,0.5502362343092052,Boise State,Air Force,4,4,18.1,400991701,2018-02-17
11,1,15:00,2100,2100,Lavelle Scottie Steal.,8,6,2,16,0.9527413205633448,0.5507785234673286,Boise State,Air Force,4,4,18.1,400991701,2018-02-17
12,1,14:44,2084,2084,Lexus Williams Defensive Rebound.,8,6,2,16,0.9525132391947407,0.5511587272416973,Boise State,Air Force,4,4,18.1,400991701,2018-02-17
13,1,14:28,2068,2068,Ryan Swan Steal.,8,6,2,5,0.9522800117746654,0.5515415163875809,Boise State,Air Force,4,4,18.1,400991701,2018-02-17
14,1,14:23,2063,2063,Alex Hobbs Defensive Rebound.,8,6,2,20,0.9522060784979459,0.5516616898912091,Boise State,Air Force,4,4,18.1,400991701,2018-02-17
15,1,14:03,2043,2043,Trevor Lyons Defensive Rebound.,8,6,2,18,0.9519053767821019,0.5521451263571212,Boise State,Air Force,4,4,18.1,400991701,2018-02-17
16,1,13:45,2025,2025,Christian Sengfelder Defensive Rebound.,8,6,2,48,0.9516279916974678,0.5525841348179314,Boise State,Air Force,4,4,18.1,400991701,2018-02-17
17,1,12:57,1977,1977,Chandler Hutchison Defensive Rebound.,10,6,4,11,0.9600198741628665,0.6063191827530989,Boise State,Air Force,4,4,18.1,400991701,2018-02-17
18,1,12:46,1966,1966,Trevor Lyons Defensive Rebound.,10,6,4,81,0.9599128646106317,0.6068544027811372,Boise State,Air Force,4,4,18.1,400991701,2018-02-17
19,1,11:25,1885,1885,Chandler Hutchison Defensive Rebound.,13,9,4,9,0.9590718795900329,0.6108590776173012,Boise State,Air Force,4,4,18.1,400991701,2018-02-17
20,1,11:16,1876,1876,Trevor Lyons Defensive Rebound.,13,9,4,40,0.9589704198623494,0.6113046846949624,Boise State,Air Force,4,4,18.1,400991701,2018-02-17
21,1,10:36,1836,1836,Keaton Van Soelen Block.,13,9,4,1,0.9585011669268574,0.6132918000500726,Boise State,Air Force,4,4,18.1,400991701,2018-02-17
22,1,10:35,1835,1835,David Wacker missed Free Throw.,14,9,5,0,0.9628433123892719,0.6403137454981015,Boise State,Air Force,4,4,18.1,400991701,2018-02-17
23,1,10:35,1835,1835,Trevor Lyons Defensive Rebound.,14,9,5,0,0.9628433123892719,0.6403137454981015,Boise State,Air Force,4,4,18.1,400991701,2018-02-17
24,1,10:35,1835,1835,David Wacker made Free Throw.,14,9,5,1,0.9628433123892719,0.6403137454981015,Boise State,Air Force,4,4,18.1,400991701,2018-02-17
25,1,10:34,1834,1834,David Wacker Offensive Rebound.,14,9,5,81,0.9628343150416028,0.6403743600729814,Boise State,Air Force,4,4,18.1,400991701,2018-02-17
26,1,9:13,1753,1753,Air Force Defensive Rebound.,16,14,2,16,0.9465527198114128,0.5595922914869463,Boise State,Air Force,4,4,18.1,400991701,2018-02-17
27,1,8:57,1737,1737,Chandler Hutchison Defensive Rebound.,16,14,2,71,0.9462006110935015,0.5600308561056404,Boise State,Air Force,4,4,18.1,400991701,2018-02-17
28,1,7:46,1666,1666,Trevor Lyons Steal.,19,14,5,45,0.9612031657087492,0.6510359275991273,Boise State,Air Force,4,4,18.1,400991701,2018-02-17
29,1,7:01,1621,1621,Justinian Jessup Steal.,21,14,7,30,0.9692294255890588,0.7089973666470599,Boise State,Air Force,4,4,18.1,400991701,2018-02-17
30,1,6:31,1591,1591,Chandler Hutchison Defensive Rebound.,21,14,7,14,0.9690163662059552,0.7113557246388608,Boise State,Air Force,4,4,18.1,400991701,2018-02-17
31,1,6:17,1577,1577,CJ Siples Defensive Rebound.,21,14,7,61,0.9689126034544041,0.7124556977700008,Boise State,Air Force,4,4,18.1,400991701,2018-02-17
32,1,5:16,1516,1516,Lavelle Scottie Defensive Rebound.,21,16,5,52,0.9592337758141452,0.6604542526236019,Boise State,Air Force,4,4,18.1,400991701,2018-02-17
33,1,4:24,1464,1464,Boise State Defensive Rebound.,24,16,8,127,0.9720665479759621,0.7484148549469752,Boise State,Air Force,4,4,18.1,400991701,2018-02-17
34,1,2:17,1337,1337,Ryan Swan made Free Throw.,32,23,9,75,0.9752446571783796,0.7855967425354441,Boise State,Air Force,4,4,18.1,400991701,2018-02-17
35,1,1:02,1262,1262,Lexus Williams Defensive Rebound.,38,25,13,9,0.9861234826726903,0.8744092105647582,Boise State,Air Force,4,4,18.1,400991701,2018-02-17
36,1,0:53,1253,1253,Sid Tomes Defensive Rebound.,38,25,13,32,0.9861555743893383,0.8753510674599957,Boise State,Air Force,4,4,18.1,400991701,2018-02-17
37,1,0:21,1221,1221,Chandler Hutchison Defensive Rebound.,38,25,13,16,0.9862981831862745,0.8788735301530176,Boise State,Air Force,4,4,18.1,400991701,2018-02-17
38,1,0:05,1205,1205,Ryan Manning Defensive Rebound.,38,25,13,5,0.986387635621016,0.880741817118885,Boise State,Air Force,4,4,18.1,400991701,2018-02-17
39,1,0:00,1200,1200,End of 1st half,38,25,13,0,0.9864156341296402,0.881320024494264,Boise State,Air Force,4,4,18.1,400991701,2018-02-17
40,2,20:00,1200,1200,PLAY,38,25,13,16,0.9864156341296402,0.881320024494264,Boise State,Air Force,4,4,18.1,400991701,2018-02-17
41,2,19:44,1184,1184,Keaton Van Soelen made Free Throw.,38,26,12,0,0.9842647109987394,0.8660802162616609,Boise State,Air Force,4,4,18.1,400991701,2018-02-17
42,2,19:44,1184,1184,Keaton Van Soelen made Free Throw.,38,27,11,76,0.9816648072762857,0.8469886460839561,Boise State,Air Force,4,4,18.1,400991701,2018-02-17
43,2,18:28,1108,1108,Justinian Jessup Steal.,38,29,9,25,0.9752249752635019,0.8107326756261363,Boise State,Air Force,4,4,18.1,400991701,2018-02-17
44,2,18:03,1083,1083,Alex Hobbs Defensive Rebound.,41,29,12,32,0.9847149255362718,0.8769938655849466,Boise State,Air Force,4,4,18.1,400991701,2018-02-17
45,2,17:31,1051,1051,Chandler Hutchison Steal.,41,29,12,21,0.9848857143343097,0.8805274401538282,Boise State,Air Force,4,4,18.1,400991701,2018-02-17
46,2,17:10,1030,1030,Christian Sengfelder Defensive Rebound.,41,29,12,59,0.9850165473793766,0.8829565598075907,Boise State,Air Force,4,4,18.1,400991701,2018-02-17
47,2,16:11,971,971,CJ Siples Steal.,44,29,15,22,0.9913588517723971,0.9321027187163896,Boise State,Air Force,4,4,18.1,400991701,2018-02-17
48,2,15:49,949,949,Chandler Hutchison Defensive Rebound.,44,29,15,20,0.9915393164635355,0.9343956709438896,Boise State,Air Force,4,4,18.1,400991701,2018-02-17
49,2,15:29,929,929,Boise State Deadball Team Rebound.,44,29,15,11,0.9916792630798298,0.9362145513701561,Boise State,Air Force,4,4,18.1,400991701,2018-02-17
50,2,15:18,918,918,David Wacker Offensive Rebound.,44,29,15,14,0.9917491561817959,0.9371346254565253,Boise State,Air Force,4,4,18.1,400991701,2018-02-17
51,2,15:04,904,904,Keaton Van Soelen Defensive Rebound.,44,29,15,10,0.9918330869626609,0.9382452955162551,Boise State,Air Force,4,4,18.1,400991701,2018-02-17
52,2,14:54,894,894,Marcus Dickinson Defensive Rebound.,44,29,15,43,0.9918907361187239,0.9390082792407812,Boise State,Air Force,4,4,18.1,400991701,2018-02-17
53,2,14:11,851,851,Chandler Hutchison Defensive Rebound.,44,29,15,25,0.9921364405586273,0.9421842051340239,Boise State,Air Force,4,4,18.1,400991701,2018-02-17
54,2,13:46,826,826,Marcus Dickinson Defensive Rebound.,47,29,18,9,0.9956067769801987,0.9674503451544298,Boise State,Air Force,4,4,18.1,400991701,2018-02-17
55,2,13:37,817,817,Trevor Lyons Defensive Rebound.,47,29,18,37,0.995654066278614,0.9679667044048409,Boise State,Air Force,4,4,18.1,400991701,2018-02-17
56,2,13:00,780,780,Sid Tomes Steal.,47,29,18,10,0.9958754857502049,0.9702734453877515,Boise State,Air Force,4,4,18.1,400991701,2018-02-17
57,2,12:50,770,770,Chandler Hutchison Defensive Rebound.,47,29,18,33,0.995944225368271,0.9709582478011689,Boise State,Air Force,4,4,18.1,400991701,2018-02-17
58,2,12:17,737,737,Trevor Lyons Defensive Rebound.,47,29,18,55,0.9962024134966612,0.9734313118855062,Boise State,Air Force,4,4,18.1,400991701,2018-02-17
59,2,11:22,682,682,Boise State Offensive Rebound.,47,31,16,13,0.9948467698474062,0.9657462649561569,Boise State,Air Force,4,4,18.1,400991701,2018-02-17
60,2,11:09,669,669,Caleb Morris Defensive Rebound.,47,31,16,59,0.9949375478370382,0.9666610071078316,Boise State,Air Force,4,4,18.1,400991701,2018-02-17
61,2,10:10,610,610,Trevor Lyons Steal.,47,33,14,18,0.9928300856942104,0.95541224847421935,Boise State,Air Force,4,4,18.1,400991701,2018-02-17
62,2,9:52,592,592,Jonathan DeWane Offensive Rebound.,47,33,14,3,0.9930331582105125,0.9572864580022054,Boise State,Air Force,4,4,18.1,400991701,2018-02-17
63,2,9:49,589,589,Chandler Hutchison Defensive Rebound.,47,33,14,21,0.9930702897675486,0.9576181151369706,Boise State,Air Force,4,4,18.1,400991701,2018-02-17
64,2,9:28,568,568,Zach Haney missed Free Throw.,49,33,16,0,0.9957750024330013,0.9743069230457352,Boise State,Air Force,4,4,18.1,400991701,2018-02-17
65,2,9:28,568,568,Jonathan DeWane Defensive Rebound.,49,33,16,45,0.9957750024330013,0.9743069230457352,Boise State,Air Force,4,4,18.1,400991701,2018-02-17
66,2,8:43,523,523,Jonathan DeWane Offensive Rebound.,52,36,16,50,0.996289949241058,0.9783975030291204,Boise State,Air Force,4,4,18.1,400991701,2018-02-17
67,2,7:53,473,473,Alex Hobbs Defensive Rebound.,55,38,17,10,0.997421027390141,0.9856438164042367,Boise State,Air Force,4,4,18.1,400991701,2018-02-17
68,2,7:43,463,463,Zach Haney made Free Throw.,58,38,20,52,0.9988230372544529,0.9934779457874348,Boise State,Air Force,4,4,18.1,400991701,2018-02-17
69,2,6:51,411,411,Keaton Van Soelen missed Free Throw.,60,40,20,0,0.9991313178899374,0.9954934778689121,Boise State,Air Force,4,4,18.1,400991701,2018-02-17
70,2,6:51,411,411,Christian Sengfelder Defensive Rebound.,60,40,20,58,0.9991313178899374,0.9954934778689121,Boise State,Air Force,4,4,18.1,400991701,2018-02-17
71,2,5:53,353,353,Marcus Dickinson made Free Throw.,64,42,22,0,0.9996612789183598,0.9983945691140103,Boise State,Air Force,4,4,18.1,400991701,2018-02-17
72,2,5:53,353,353,Marcus Dickinson made Free Throw.,65,42,23,14,0.9997471326955139,0.9988011038314103,Boise State,Air Force,4,4,18.1,400991701,2018-02-17
73,2,5:39,339,339,Christian Sengfelder Defensive Rebound.,65,42,23,35,0.9997788557910273,0.9989769861439617,Boise State,Air Force,4,4,18.1,400991701,2018-02-17
74,2,5:04,304,304,Justinian Jessup Defensive Rebound.,67,42,25,11,0.999924986909695,0.9996748422847629,Boise State,Air Force,4,4,18.1,400991701,2018-02-17
75,2,4:53,293,293,CJ Siples Defensive Rebound.,67,42,25,5,0.9999295035906817,0.9997007356847321,Boise State,Air Force,4,4,18.1,400991701,2018-02-17
76,2,4:48,288,288,Alex Hobbs Defensive Rebound.,67,42,25,33,0.9999293726043842,0.9997029993592605,Boise State,Air Force,4,4,18.1,400991701,2018-02-17
77,2,4:15,255,255,Keaton Van Soelen Offensive Rebound.,69,42,27,35,0.9999519148895465,0.9998101394980704,Boise State,Air Force,4,4,18.1,400991701,2018-02-17
78,2,3:40,220,220,Casdon Jardine Offensive Rebound.,69,45,24,15,0.9998680563826647,0.9995155412684881,Boise State,Air Force,4,4,18.1,400991701,2018-02-17
79,2,3:25,205,205,Robin Jorch missed Free Throw.,69,45,24,0,0.9998988284302535,0.9996410198779148,Boise State,Air Force,4,4,18.1,400991701,2018-02-17
80,2,3:25,205,205,Boise State Deadball Team Rebound.,69,45,24,0,0.9998988284302535,0.9996410198779148,Boise State,Air Force,4,4,18.1,400991701,2018-02-17
81,2,3:25,205,205,Robin Jorch made Free Throw.,70,45,25,10,0.9999272992957178,0.9997420223732805,Boise State,Air Force,4,4,18.1,400991701,2018-02-17
82,2,3:15,195,195,Marcus Dickinson Defensive Rebound.,70,45,25,27,0.9999484185327171,0.9998213504687827,Boise State,Air Force,4,4,18.1,400991701,2018-02-17
83,2,2:48,168,168,Keaton Van Soelen Defensive Rebound.,70,45,25,40,0.99998652757469,0.999956497081168,Boise State,Air Force,4,4,18.1,400991701,2018-02-17
84,2,2:08,128,128,Jonathan DeWane Defensive Rebound.,70,48,22,10,0.9999948566183425,0.9999851485586344,Boise State,Air Force,4,4,18.1,400991701,2018-02-17
85,2,1:58,118,118,LeSean Brown made Free Throw.,70,49,21,0,0.9999955721687591,0.9999875894059322,Boise State,Air Force,4,4,18.1,400991701,2018-02-17
86,2,1:58,118,118,LeSean Brown made Free Throw.,70,50,20,54,0.9999924173962979,0.9999787471391355,Boise State,Air Force,4,4,18.1,400991701,2018-02-17
87,2,1:04,64,64,Malek Harwell made Free Throw.,74,50,24,0,0.9999999965000496,0.9999999917621806,Boise State,Air Force,4,4,18.1,400991701,2018-02-17
88,2,1:04,64,64,Malek Harwell missed Free Throw.,74,50,24,0,0.9999999965000496,0.9999999917621806,Boise State,Air Force,4,4,18.1,400991701,2018-02-17
89,2,1:04,64,64,Dane Norman Defensive Rebound.,74,50,24,11,0.9999999965000496,0.9999999917621806,Boise State,Air Force,4,4,18.1,400991701,2018-02-17
90,2,0:53,53,53,LeSean Brown made Free Throw.,74,51,23,0,0.999999997977279,0.9999999954180717,Boise State,Air Force,4,4,18.1,400991701,2018-02-17
91,2,0:53,53,53,LeSean Brown made Free Throw.,74,52,22,10,0.9999999953387854,0.9999999894412768,Boise State,Air Force,4,4,18.1,400991701,2018-02-17
92,2,0:43,43,43,Ameka Akaya Block.,74,52,22,4,0.999999998626413,0.9999999969975917,Boise State,Air Force,4,4,18.1,400991701,2018-02-17
93,2,0:39,39,39,Casdon Jardine Offensive Rebound.,74,52,22,6,0.9999999991755155,0.9999999982238097,Boise State,Air Force,4,4,18.1,400991701,2018-02-17
94,2,0:33,33,33,Jonathan DeWane Block.,74,52,22,0,0.9999999996244796,0.999999999208639,Boise State,Air Force,4,4,18.1,400991701,2018-02-17
95,2,0:33,33,33,Boise State Offensive Rebound.,74,52,22,7,0.9999999996244796,0.999999999208639,Boise State,Air Force,4,4,18.1,400991701,2018-02-17
96,2,0:26,26,26,Dane Norman Block.,74,52,22,2,0.9999999998539754,0.9999999997001796,Boise State,Air Force,4,4,18.1,400991701,2018-02-17
97,2,0:24,24,24,Dane Norman Defensive Rebound.,74,52,22,8,0.9999999998890193,0.9999999997738346,Boise State,Air Force,4,4,18.1,400991701,2018-02-17
98,2,0:16,16,16,Malek Harwell Block.,74,52,22,3,0.9999999999642408,0.9999999999293071,Boise State,Air Force,4,4,18.1,400991701,2018-02-17
99,2,0:13,13,13,Malek Harwell Defensive Rebound.,74,52,22,13,0.9999999999770114,0.999999999955076,Boise State,Air Force,4,4,18.1,400991701,2018-02-17
100,2,0:00,0,0,End of Game,74,52,22,0,1,1,Boise State,Air Force,4,4,18.1,400991701,2018-02-17
