play_id,half,time_remaining_half,secs_remaining,secs_remaining_absolute,description,home_score,away_score,score_diff,play_length,win_prob,naive_win_prob,home,away,home_time_out_remaining,away_time_out_remaining,home_favored_by,game_id,date
1,1,20:00,2400,2400,PLAY,0,0,0,75,0.8762359511295318,0.5,Maryland,Rutgers,4,4,12.2,400986573,2018-02-17
2,1,18:45,2325,2325,Kevin Huerter Steal.,2,0,2,31,0.8933166392026279,0.5456354795997193,Maryland,Rutgers,4,4,12.2,400986573,2018-02-17
3,1,18:14,2294,2294,Eugene Omoruyi Offensive Rebound.,4,0,4,32,0.9094508756610908,0.5918534025708997,Maryland,Rutgers,4,4,12.2,400986573,2018-02-17
4,1,17:42,2262,2262,Bruno Fernando Offensive Rebound.,4,0,4,16,0.9093352885393675,0.5932513775002247,Maryland,Rutgers,4,4,12.2,400986573,2018-02-17
5,1,17:26,2246,2246,Bruno Fernando made Free Throw.,5,0,5,0,0.9168160208659324,0.6166684536086381,Maryland,Rutgers,4,4,12.2,400986573,2018-02-17
6,1,17:26,2246,2246,Bruno Fernando missed Free Throw.,5,0,5,0,0.9168160208659324,0.6166684536086381,Maryland,Rutgers,4,4,12.2,400986573,2018-02-17
7,1,17:26,2246,2246,Deshawn Freeman Defensive Rebound.,5,0,5,15,0.9168160208659324,0.6166684536086381,Maryland,Rutgers,4,4,12.2,400986573,2018-02-17
8,1,17:11,2231,2231,Bruno Fernando Defensive Rebound.,5,0,5,41,0.9168088622739486,0.6174818340682185,Maryland,Rutgers,4,4,12.2,400986573,2018-02-17
9,1,16:30,2190,2190,Bruno Fernando Defensive Rebound.,8,0,8,76,0.9365681673491911,0.6859752075874177,Maryland,Rutgers,4,4,12.2,400986573,2018-02-17
10,1,15:14,2114,2114,Michal Cekovsky Defensive Rebound.,12,2,10,13,0.9480167858560721,0.7334899486965208,Maryland,Rutgers,4,4,12.2,400986573,2018-02-17
11,1,15:01,2101,2101,Rutgers Defensive Rebound.,12,2,10,19,0.9481471328084305,0.7347008158901108,Maryland,Rutgers,4,4,12.2,400986573,2018-02-17
12,1,14:42,2082,2082,Bruno Fernando Block.,12,2,10,2,0.9483360262519228,0.7364759264456204,Maryland,Rutgers,4,4,12.2,400986573,2018-02-17
13,1,14:40,2080,2080,Bruno Fernando Defensive Rebound.,12,2,10,13,0.94835580982884915,0.7366631765091682,Maryland,Rutgers,4,4,12.2,400986573,2018-02-17
14,1,14:27,2067,2067,Issa Thiam Defensive Rebound.,12,2,10,20,0.9484839921152941,0.7378822542883224,Maryland,Rutgers,4,4,12.2,400986573,2018-02-17
15,1,14:07,2047,2047,Michal Cekovsky Defensive Rebound.,12,2,10,47,0.9486799877708412,0.739764750715966,Maryland,Rutgers,4,4,12.2,400986573,2018-02-17
16,1,13:20,2000,2000,Bruno Fernando Defensive Rebound.,14,2,12,11,0.9585137973069681,0.7827323664585542,Maryland,Rutgers,4,4,12.2,400986573,2018-02-17
17,1,13:09,1989,1989,Issa Thiam Defensive Rebound.,14,2,12,28,0.9586454600403088,0.7838601319253027,Maryland,Rutgers,4,4,12.2,400986573,2018-02-17
18,1,12:41,1961,1961,Anthony Cowan Steal.,14,2,12,7,0.9589808129848295,0.7867421974688298,Maryland,Rutgers,4,4,12.2,400986573,2018-02-17
19,1,12:34,1954,1954,Deshawn Freeman Defensive Rebound.,14,2,12,18,0.959064774158293,0.7874654167538694,Maryland,Rutgers,4,4,12.2,400986573,2018-02-17
20,1,12:16,1936,1936,Deshawn Freeman Offensive Rebound.,14,2,12,93,0.9592810568918869,0.7893303863865717,Maryland,Rutgers,4,4,12.2,400986573,2018-02-17
21,1,10:43,1843,1843,Deshawn Freeman Defensive Rebound.,17,7,10,14,0.9505974243490095,0.7593734997537135,Maryland,Rutgers,4,4,12.2,400986573,2018-02-17
22,1,10:29,1829,1829,Anthony Cowan Defensive Rebound.,17,7,10,10,0.9507153977431814,0.7607168446935231,Maryland,Rutgers,4,4,12.2,400986573,2018-02-17
23,1,10:19,1819,1819,Issa Thiam Defensive Rebound.,17,7,10,34,0.950799184559216,0.7616777081374615,Maryland,Rutgers,4,4,12.2,400986573,2018-02-17
24,1,9:45,1785,1785,Mike Williams Offensive Rebound.,17,7,10,65,0.9510837572889757,0.7649605621679931,Maryland,Rutgers,4,4,12.2,400986573,2018-02-17
25,1,8:40,1720,1720,Bruno Fernando Offensive Rebound.,17,7,10,64,0.9516477944531324,0.7713642974967658,Maryland,Rutgers,4,4,12.2,400986573,2018-02-17
26,1,7:36,1656,1656,Geo Baker Block.,19,9,10,3,0.9522166189174331,0.7777891198810747,Maryland,Rutgers,4,4,12.2,400986573,2018-02-17
27,1,7:33,1653,1653,Eugene Omoruyi Defensive Rebound.,19,9,10,98,0.95223886591955,0.7780792039278671,Maryland,Rutgers,4,4,12.2,400986573,2018-02-17
28,1,5:55,1555,1555,Eugene Omoruyi Defensive Rebound.,21,14,7,14,0.9316998654464398,0.7141971229403054,Maryland,Rutgers,4,4,12.2,400986573,2018-02-17
29,1,5:41,1541,1541,Darryl Morsell Defensive Rebound.,21,14,7,31,0.9316654882596231,0.715320005909675,Maryland,Rutgers,4,4,12.2,400986573,2018-02-17
30,1,5:10,1510,1510,Bruno Fernando Defensive Rebound.,21,14,7,20,0.9316077342518748,0.7178708330584621,Maryland,Rutgers,4,4,12.2,400986573,2018-02-17
31,1,4:50,1490,1490,Eugene Omoruyi Defensive Rebound.,21,14,7,13,0.9315917404457668,0.7195802088667194,Maryland,Rutgers,4,4,12.2,400986573,2018-02-17
32,1,4:37,1477,1477,Bruno Fernando Defensive Rebound.,21,14,7,50,0.9315935331420367,0.7207248309090587,Maryland,Rutgers,4,4,12.2,400986573,2018-02-17
33,1,3:47,1427,1427,Deshawn Freeman made Free Throw.,23,15,8,0,0.9399914620285832,0.7520748320281032,Maryland,Rutgers,4,4,12.2,400986573,2018-02-17
34,1,3:47,1427,1427,Deshawn Freeman missed Free Throw.,23,15,8,0,0.9399914620285832,0.7520748320281032,Maryland,Rutgers,4,4,12.2,400986573,2018-02-17
35,1,3:47,1427,1427,Bruno Fernando Defensive Rebound.,23,15,8,46,0.9399914620285832,0.7520748320281032,Maryland,Rutgers,4,4,12.2,400986573,2018-02-17
36,1,3:01,1381,1381,Bruno Fernando Defensive Rebound.,25,15,10,30,0.954215583734645,0.8046884458643757,Maryland,Rutgers,4,4,12.2,400986573,2018-02-17
37,1,2:31,1351,1351,Dion Wiley Defensive Rebound.,27,15,12,28,0.9653907279763693,0.848266049649235,Maryland,Rutgers,4,4,12.2,400986573,2018-02-17
38,1,2:03,1323,1323,Kevin Huerter made Free Throw.,28,15,13,0,0.9701570482280373,0.8684296102493194,Maryland,Rutgers,4,4,12.2,400986573,2018-02-17
39,1,2:03,1323,1323,Kevin Huerter made Free Throw.,29,15,14,25,0.9740849399469326,0.8841478517911303,Maryland,Rutgers,4,4,12.2,400986573,2018-02-17
40,1,1:38,1298,1298,Dion Wiley Steal.,29,15,14,27,0.9743598872070031,0.8864449490178175,Maryland,Rutgers,4,4,12.2,400986573,2018-02-17
41,1,1:11,1271,1271,Shaquille Doorson Block.,29,15,14,2,0.9746871860693103,0.8890195151626238,Maryland,Rutgers,4,4,12.2,400986573,2018-02-17
42,1,1:09,1269,1269,Corey Sanders Defensive Rebound.,29,15,14,15,0.974713036836305,0.8892152998152496,Maryland,Rutgers,4,4,12.2,400986573,2018-02-17
43,1,0:54,1254,1254,Rutgers Defensive Rebound.,29,17,12,51,0.9664428288044699,0.857941622523535,Maryland,Rutgers,4,4,12.2,400986573,2018-02-17
44,1,0:03,1203,1203,Kevin Huerter made Free Throw.,30,19,11,0,0.962021996682852,0.8447147587746334,Maryland,Rutgers,4,4,12.2,400986573,2018-02-17
45,1,0:03,1203,1203,Kevin Huerter made Free Throw.,31,19,12,3,0.9672643180333378,0.8638581538396571,Maryland,Rutgers,4,4,12.2,400986573,2018-02-17
46,1,0:00,1200,1200,End of 1st half,29,19,10,0,0.9560269433868475,0.8237988536530104,Maryland,Rutgers,4,4,12.2,400986573,2018-02-17
47,2,20:00,1200,1200,PLAY,29,19,10,42,0.9560269433868475,0.8237988536530104,Maryland,Rutgers,4,4,12.2,400986573,2018-02-17
48,2,19:18,1158,1158,Anthony Cowan Defensive Rebound.,33,19,14,25,0.9764537616154612,0.900900254529459,Maryland,Rutgers,4,4,12.2,400986573,2018-02-17
49,2,18:53,1133,1133,Mamadou Doucoure Offensive Rebound.,36,19,17,18,0.9855194698153985,0.9378479294690968,Maryland,Rutgers,4,4,12.2,400986573,2018-02-17
50,2,18:35,1115,1115,Anthony Cowan Steal.,36,19,17,33,0.985748983225581,0.939252645238899,Maryland,Rutgers,4,4,12.2,400986573,2018-02-17
51,2,18:02,1082,1082,Anthony Cowan Defensive Rebound.,38,19,19,62,0.9899978997858129,0.9573717713366268,Maryland,Rutgers,4,4,12.2,400986573,2018-02-17
52,2,17:00,1020,1020,Geo Baker Steal.,41,22,19,29,0.9907375142439911,0.9615023131053256,Maryland,Rutgers,4,4,12.2,400986573,2018-02-17
53,2,16:31,991,991,Kevin Huerter missed Free Throw.,43,24,19,0,0.9911260041413399,0.9635592814773657,Maryland,Rutgers,4,4,12.2,400986573,2018-02-17
54,2,16:31,991,991,Deshawn Freeman Defensive Rebound.,43,24,19,15,0.9911260041413399,0.9635592814773657,Maryland,Rutgers,4,4,12.2,400986573,2018-02-17
55,2,16:16,976,976,Shaquille Doorson Offensive Rebound.,43,24,19,2,0.9913403935587024,0.9646648210065092,Maryland,Rutgers,4,4,12.2,400986573,2018-02-17
56,2,16:14,974,974,Shaquille Doorson Offensive Rebound.,43,24,19,4,0.9913697135331521,0.9648145012527535,Maryland,Rutgers,4,4,12.2,400986573,2018-02-17
57,2,16:10,970,970,Shaquille Doorson Offensive Rebound.,43,24,19,18,0.9914288822752264,0.9651154948157735,Maryland,Rutgers,4,4,12.2,400986573,2018-02-17
58,2,15:52,952,952,Darryl Morsell made Free Throw.,46,26,20,13,0.9930170923431745,0.9716763860626281,Maryland,Rutgers,4,4,12.2,400986573,2018-02-17
59,2,15:39,939,939,Darryl Morsell Steal.,46,26,20,11,0.9931608111291219,0.9724059820621056,Maryland,Rutgers,4,4,12.2,400986573,2018-02-17
60,2,15:28,928,928,Mike Williams Steal.,46,26,20,4,0.9932730732566533,0.9729770503014284,Maryland,Rutgers,4,4,12.2,400986573,2018-02-17
61,2,15:24,924,924,Anthony Cowan Steal.,46,26,20,34,0.9933121134546098,0.9731758016385044,Maryland,Rutgers,4,4,12.2,400986573,2018-02-17
62,2,14:50,890,890,Dion Wiley Defensive Rebound.,48,26,22,31,0.9955615866894815,0.9823236878294601,Maryland,Rutgers,4,4,12.2,400986573,2018-02-17
63,2,14:19,859,859,Geo Baker Offensive Rebound.,50,26,24,15,0.9970733566967176,0.9884356141383545,Maryland,Rutgers,4,4,12.2,400986573,2018-02-17
64,2,14:04,844,844,Darryl Morsell Defensive Rebound.,50,26,24,16,0.9971501590763792,0.9888042307643842,Maryland,Rutgers,4,4,12.2,400986573,2018-02-17
65,2,13:48,828,828,Rutgers Defensive Rebound.,50,26,24,86,0.9972346576001822,0.9892043529091167,Maryland,Rutgers,4,4,12.2,400986573,2018-02-17
66,2,12:22,742,742,Candido Sa Defensive Rebound.,50,30,20,30,0.9951013815864679,0.9817345973243424,Maryland,Rutgers,4,4,12.2,400986573,2018-02-17
67,2,11:52,712,712,Candido Sa Offensive Rebound.,50,30,20,20,0.9955007663059968,0.983480058318404,Maryland,Rutgers,4,4,12.2,400986573,2018-02-17
68,2,11:32,692,692,Anthony Cowan Steal.,50,30,20,3,0.9957141958654172,0.9844207940671298,Maryland,Rutgers,4,4,12.2,400986573,2018-02-17
69,2,11:29,689,689,Candido Sa Steal.,50,30,20,1,0.9957433053065936,0.9845496476114407,Maryland,Rutgers,4,4,12.2,400986573,2018-02-17
70,2,11:28,688,688,Bruno Fernando Defensive Rebound.,50,30,20,13,0.9957528754944491,0.9845920307959851,Maryland,Rutgers,4,4,12.2,400986573,2018-02-17
71,2,11:15,675,675,Candido Sa Defensive Rebound.,50,30,20,21,0.9958722889488996,0.9851213385311516,Maryland,Rutgers,4,4,12.2,400986573,2018-02-17
72,2,10:54,654,654,Bruno Fernando Defensive Rebound.,50,30,20,61,0.9960534155817358,0.9859220264227443,Maryland,Rutgers,4,4,12.2,400986573,2018-02-17
73,2,9:53,593,593,Mike Williams Defensive Rebound.,50,32,18,34,0.9947391935840671,0.9819183226525678,Maryland,Rutgers,4,4,12.2,400986573,2018-02-17
74,2,9:19,559,559,Issa Thiam Defensive Rebound.,50,34,16,15,0.9925802582545884,0.9751791837603211,Maryland,Rutgers,4,4,12.2,400986573,2018-02-17
75,2,9:04,544,544,Bruno Fernando Defensive Rebound.,50,34,16,80,0.9929628378570813,0.9766861721900183,Maryland,Rutgers,4,4,12.2,400986573,2018-02-17
76,2,7:44,464,464,Anthony Cowan Defensive Rebound.,55,36,19,7,0.9973436679076645,0.9915880805559704,Maryland,Rutgers,4,4,12.2,400986573,2018-02-17
77,2,7:37,457,457,Darryl Morsell Offensive Rebound.,55,36,19,29,0.9974256029518546,0.9918896111488961,Maryland,Rutgers,4,4,12.2,400986573,2018-02-17
78,2,7:08,428,428,Bruno Fernando Defensive Rebound.,55,36,19,25,0.997828061452332,0.9933177648929865,Maryland,Rutgers,4,4,12.2,400986573,2018-02-17
79,2,6:43,403,403,Deshawn Freeman Defensive Rebound.,55,36,19,3,0.9981450685355967,0.9944251677053034,Maryland,Rutgers,4,4,12.2,400986573,2018-02-17
80,2,6:40,400,400,Deshawn Freeman made Free Throw.,55,37,18,0,0.9976047047234575,0.9928306603991973,Maryland,Rutgers,4,4,12.2,400986573,2018-02-17
81,2,6:40,400,400,Deshawn Freeman made Free Throw.,55,38,17,16,0.9968522675116147,0.9905926882523475,Maryland,Rutgers,4,4,12.2,400986573,2018-02-17
82,2,6:24,384,384,Candido Sa Steal.,55,38,17,39,0.9971012559789468,0.9914750850015142,Maryland,Rutgers,4,4,12.2,400986573,2018-02-17
83,2,5:45,345,345,Deshawn Freeman Defensive Rebound.,55,40,15,16,0.9958623649362185,0.9883796630150297,Maryland,Rutgers,4,4,12.2,400986573,2018-02-17
84,2,5:29,329,329,Issa Thiam missed Free Throw.,55,42,13,0,0.9932039191689699,0.9813652819673591,Maryland,Rutgers,4,4,12.2,400986573,2018-02-17
85,2,5:29,329,329,Bruno Fernando Defensive Rebound.,55,42,13,23,0.9932039191689699,0.9813652819673591,Maryland,Rutgers,4,4,12.2,400986573,2018-02-17
86,2,5:06,306,306,Deshawn Freeman Steal.,55,42,13,44,0.9942540702916302,0.9846652894757364,Maryland,Rutgers,4,4,12.2,400986573,2018-02-17
87,2,4:22,262,262,Candido Sa Steal.,55,44,11,57,0.9884465818932376,0.9710895652468536,Maryland,Rutgers,4,4,12.2,400986573,2018-02-17
88,2,3:25,205,205,Anthony Cowan Steal.,57,46,11,17,0.9888956252235301,0.9743054777870104,Maryland,Rutgers,4,4,12.2,400986573,2018-02-17
89,2,3:08,188,188,Kevin Huerter missed Free Throw.,57,46,11,0,0.9916250727435182,0.9810844972911485,Maryland,Rutgers,4,4,12.2,400986573,2018-02-17
90,2,3:08,188,188,Maryland Deadball Team Rebound.,57,46,11,0,0.9916250727435182,0.9810844972911485,Maryland,Rutgers,4,4,12.2,400986573,2018-02-17
91,2,3:08,188,188,Kevin Huerter made Free Throw.,58,46,12,51,0.9941361821931565,0.9867137114248729,Maryland,Rutgers,4,4,12.2,400986573,2018-02-17
92,2,2:17,137,137,Darryl Morsell Offensive Rebound.,58,48,10,35,0.9960083137774076,0.9917331552647621,Maryland,Rutgers,4,4,12.2,400986573,2018-02-17
93,2,1:42,102,102,Eugene Omoruyi made Free Throw.,58,49,9,0,0.9976322900801601,0.9954225746983585,Maryland,Rutgers,4,4,12.2,400986573,2018-02-17
94,2,1:42,102,102,Eugene Omoruyi missed Free Throw.,58,49,9,0,0.9976322900801601,0.9954225746983585,Maryland,Rutgers,4,4,12.2,400986573,2018-02-17
95,2,1:42,102,102,Rutgers Deadball Team Rebound.,58,49,9,14,0.9976322900801601,0.9954225746983585,Maryland,Rutgers,4,4,12.2,400986573,2018-02-17
96,2,1:28,88,88,Maryland Defensive Rebound.,58,49,9,27,0.9985882179971516,0.9973495468846728,Maryland,Rutgers,4,4,12.2,400986573,2018-02-17
97,2,1:01,61,61,Deshawn Freeman Defensive Rebound.,58,49,9,10,0.9995441007397351,0.9991941456023136,Maryland,Rutgers,4,4,12.2,400986573,2018-02-17
98,2,0:51,51,51,Eugene Omoruyi Offensive Rebound.,58,49,9,6,0.9997143008987944,0.9995067044472361,Maryland,Rutgers,4,4,12.2,400986573,2018-02-17
99,2,0:45,45,45,Darryl Morsell Block.,58,49,9,1,0.9997870854839334,0.999637622409992,Maryland,Rutgers,4,4,12.2,400986573,2018-02-17
100,2,0:44,44,44,Deshawn Freeman Offensive Rebound.,58,49,9,3,0.9997974973604222,0.9996561757592062,Maryland,Rutgers,4,4,12.2,400986573,2018-02-17
101,2,0:41,41,41,Eugene Omoruyi Offensive Rebound.,58,49,9,2,0.9998261084903004,0.9997068992387976,Maryland,Rutgers,4,4,12.2,400986573,2018-02-17
102,2,0:39,39,39,Anthony Cowan made Free Throw.,59,51,8,0,0.9996081083718712,0.9993427801713602,Maryland,Rutgers,4,4,12.2,400986573,2018-02-17
103,2,0:39,39,39,Anthony Cowan missed Free Throw.,59,51,8,0,0.9996081083718712,0.9993427801713602,Maryland,Rutgers,4,4,12.2,400986573,2018-02-17
104,2,0:39,39,39,Deshawn Freeman Defensive Rebound.,59,51,8,16,0.9996081083718712,0.9993427801713602,Maryland,Rutgers,4,4,12.2,400986573,2018-02-17
105,2,0:23,23,23,Maryland Defensive Rebound.,59,51,8,1,0.9998168637160902,0.9997048640088042,Maryland,Rutgers,4,4,12.2,400986573,2018-02-17
106,2,0:22,22,22,Anthony Cowan made Free Throw.,60,51,9,0,0.9999372827467137,0.9998991759785663,Maryland,Rutgers,4,4,12.2,400986573,2018-02-17
107,2,0:22,22,22,Anthony Cowan made Free Throw.,61,51,10,5,0.9999774388676514,0.9999637299231557,Maryland,Rutgers,4,4,12.2,400986573,2018-02-17
108,2,0:17,17,17,Bruno Fernando Defensive Rebound.,61,51,10,17,0.9999835982481727,0.9999739675610575,Maryland,Rutgers,4,4,12.2,400986573,2018-02-17
109,2,0:00,0,0,End of Game,61,51,10,0,1,1,Maryland,Rutgers,4,4,12.2,400986573,2018-02-17
