play_id,half,time_remaining_half,secs_remaining,secs_remaining_absolute,description,home_score,away_score,score_diff,play_length,win_prob,naive_win_prob,home,away,home_time_out_remaining,away_time_out_remaining,home_favored_by,game_id,date
1,1,20:00,2400,2400,PLAY,0,0,0,14,0.8672711068113101,0.5,Dayton,Fordham,4,4,11.7,400989831,2018-02-17
2,1,19:46,2386,2386,David Pekarek Defensive Rebound.,0,0,0,81,0.8669682305388893,0.5,Dayton,Fordham,4,4,11.7,400989831,2018-02-17
3,1,18:25,2305,2305,Ivan Raut Defensive Rebound.,2,0,2,84,0.8852526701506281,0.5460764925484636,Dayton,Fordham,4,4,11.7,400989831,2018-02-17
4,1,17:01,2221,2221,Trey Landers Steal.,4,3,1,32,0.8739230857956192,0.5240403011281468,Dayton,Fordham,4,4,11.7,400989831,2018-02-17
5,1,16:29,2189,2189,Josh Cunningham Defensive Rebound.,6,3,3,10,0.8933556323772405,0.5727678710500234,Dayton,Fordham,4,4,11.7,400989831,2018-02-17
6,1,16:19,2179,2179,Joseph Chartouny Defensive Rebound.,6,3,3,34,0.8932586039946004,0.5731094402425919,Dayton,Fordham,4,4,11.7,400989831,2018-02-17
7,1,15:45,2145,2145,Fordham Defensive Rebound.,6,6,0,24,0.8607457374205537,0.5,Dayton,Fordham,4,4,11.7,400989831,2018-02-17
8,1,15:21,2121,2121,David Pekarek Offensive Rebound.,6,6,0,7,0.8600090223806389,0.5,Dayton,Fordham,4,4,11.7,400989831,2018-02-17
9,1,15:14,2114,2114,Josh Cunningham Defensive Rebound.,6,6,0,7,0.859790061723062,0.5,Dayton,Fordham,4,4,11.7,400989831,2018-02-17
10,1,15:07,2107,2107,Ivan Raut Defensive Rebound.,6,6,0,29,0.8595692631580407,0.5,Dayton,Fordham,4,4,11.7,400989831,2018-02-17
11,1,14:38,2078,2078,Jalen Crutcher Steal.,6,6,0,72,0.8586350329886404,0.5,Dayton,Fordham,4,4,11.7,400989831,2018-02-17
12,1,13:26,2006,2006,Josh Cunningham Defensive Rebound.,10,9,1,45,0.8688049067325145,0.5266009702327366,Dayton,Fordham,4,4,11.7,400989831,2018-02-17
13,1,12:41,1961,1961,Dayton Defensive Rebound.,12,9,3,55,0.8906218270305871,0.5808709411419503,Dayton,Fordham,4,4,11.7,400989831,2018-02-17
14,1,11:46,1906,1906,Josh Cunningham Defensive Rebound.,15,9,6,10,0.9186275949781737,0.6614648825873733,Dayton,Fordham,4,4,11.7,400989831,2018-02-17
15,1,11:36,1896,1896,Cavit Havsa Steal.,15,9,6,24,0.9186263624877485,0.6621638174068232,Dayton,Fordham,4,4,11.7,400989831,2018-02-17
16,1,11:12,1872,1872,Jordan Davis Defensive Rebound.,15,9,6,16,0.9186145092235125,0.663839228595748,Dayton,Fordham,4,4,11.7,400989831,2018-02-17
17,1,10:56,1856,1856,Ivan Raut Steal.,15,9,6,25,0.9186006984921155,0.6649567815074039,Dayton,Fordham,4,4,11.7,400989831,2018-02-17
18,1,10:31,1831,1831,Jalen Crutcher Defensive Rebound.,15,9,6,58,0.9185718792461273,0.6667084956145828,Dayton,Fordham,4,4,11.7,400989831,2018-02-17
19,1,9:33,1773,1773,Josh Cunningham Defensive Rebound.,17,11,6,83,0.918486926823471,0.6708306432288391,Dayton,Fordham,4,4,11.7,400989831,2018-02-17
20,1,8:10,1690,1690,Prokop Slanina Defensive Rebound.,23,16,7,129,0.9271665701622693,0.7033603950090317,Dayton,Fordham,4,4,11.7,400989831,2018-02-17
21,1,6:01,1561,1561,Matej Svoboda Defensive Rebound.,29,20,9,69,0.9429284543563948,0.7639620369975932,Dayton,Fordham,4,4,11.7,400989831,2018-02-17
22,1,4:52,1492,1492,David Pekarek missed Free Throw.,33,25,8,0,0.9356843890820044,0.7457406093411714,Dayton,Fordham,4,4,11.7,400989831,2018-02-17
23,1,4:52,1492,1492,Matej Svoboda Defensive Rebound.,33,25,8,21,0.9356843890820044,0.7457406093411714,Dayton,Fordham,4,4,11.7,400989831,2018-02-17
24,1,4:31,1471,1471,Joseph Chartouny Defensive Rebound.,33,25,8,23,0.9357914632959282,0.7477324590122689,Dayton,Fordham,4,4,11.7,400989831,2018-02-17
25,1,4:08,1448,1448,Prokop Slanina Offensive Rebound.,33,25,8,2,0.9359469337747799,0.750012288337893,Dayton,Fordham,4,4,11.7,400989831,2018-02-17
26,1,4:06,1446,1446,Jalen Crutcher Block.,33,25,8,1,0.9359615155396701,0.750213164903489,Dayton,Fordham,4,4,11.7,400989831,2018-02-17
27,1,4:05,1445,1445,Cavit Havsa Offensive Rebound.,33,25,8,1,0.935968660840867,0.7503132243554568,Dayton,Fordham,4,4,11.7,400989831,2018-02-17
28,1,4:04,1444,1444,Cavit Havsa made Free Throw.,33,26,7,0,0.9272183316250073,0.7237649025821182,Dayton,Fordham,4,4,11.7,400989831,2018-02-17
29,1,4:04,1444,1444,Cavit Havsa made Free Throw.,33,27,6,105,0.9173688502729498,0.6954263687075768,Dayton,Fordham,4,4,11.7,400989831,2018-02-17
30,1,2:19,1339,1339,Joseph Chartouny Offensive Rebound.,37,30,7,4,0.9272565271139868,0.7328519920846566,Dayton,Fordham,4,4,11.7,400989831,2018-02-17
31,1,2:15,1335,1335,Jalen Crutcher Defensive Rebound.,37,30,7,34,0.9272539878111015,0.7331927191030617,Dayton,Fordham,4,4,11.7,400989831,2018-02-17
32,1,1:41,1301,1301,Josh Cunningham Offensive Rebound.,37,30,7,84,0.9272539616687532,0.7361552016528506,Dayton,Fordham,4,4,11.7,400989831,2018-02-17
33,1,0:17,1217,1217,Josh Cunningham Defensive Rebound.,40,33,7,14,0.9276369267092924,0.7444950273612272,Dayton,Fordham,4,4,11.7,400989831,2018-02-17
34,1,0:03,1203,1203,Jalen Crutcher made Free Throw.,41,33,8,0,0.9374418085957198,0.7741347727953571,Dayton,Fordham,4,4,11.7,400989831,2018-02-17
35,1,0:03,1203,1203,Jalen Crutcher made Free Throw.,42,33,9,3,0.9458862208557549,0.7999182400330432,Dayton,Fordham,4,4,11.7,400989831,2018-02-17
36,1,0:00,1200,1200,End of 1st half,42,33,9,0,0.9459352089494613,0.8002839754918194,Dayton,Fordham,4,4,11.7,400989831,2018-02-17
37,2,20:00,1200,1200,PLAY,42,33,9,66,0.9459352089494613,0.8002839754918194,Dayton,Fordham,4,4,11.7,400989831,2018-02-17
38,2,18:54,1134,1134,Jalen Crutcher Steal.,45,35,10,54,0.954380968589232,0.8314136924895851,Dayton,Fordham,4,4,11.7,400989831,2018-02-17
39,2,18:00,1080,1080,Prokop Slanina Steal.,47,37,10,25,0.9552537644762337,0.8374532252601902,Dayton,Fordham,4,4,11.7,400989831,2018-02-17
40,2,17:35,1055,1055,Josh Cunningham missed Free Throw.,49,39,10,0,0.9557035585324264,0.8403665693593073,Dayton,Fordham,4,4,11.7,400989831,2018-02-17
41,2,17:35,1055,1055,David Pekarek Defensive Rebound.,49,39,10,52,0.9557035585324264,0.8403665693593073,Dayton,Fordham,4,4,11.7,400989831,2018-02-17
42,2,16:43,1003,1003,Trey Landers made Free Throw.,52,41,11,20,0.9633564072734195,0.8678343814936207,Dayton,Fordham,4,4,11.7,400989831,2018-02-17
43,2,16:23,983,983,Perris Hicks made Free Throw.,52,42,10,0,0.9573244621117631,0.849732864310152,Dayton,Fordham,4,4,11.7,400989831,2018-02-17
44,2,16:23,983,983,Perris Hicks made Free Throw.,52,43,9,58,0.9496581702016639,0.8262466636926861,Dayton,Fordham,4,4,11.7,400989831,2018-02-17
45,2,15:25,925,925,Cavit Havsa Steal.,55,43,12,3,0.970851155468271,0.896006990118282,Dayton,Fordham,4,4,11.7,400989831,2018-02-17
46,2,15:22,922,922,Trey Landers Block.,55,43,12,0,0.9709118855326138,0.8963217955423864,Dayton,Fordham,4,4,11.7,400989831,2018-02-17
47,2,15:22,922,922,Fordham Offensive Rebound.,55,43,12,32,0.9709118855326138,0.8963217955423864,Dayton,Fordham,4,4,11.7,400989831,2018-02-17
48,2,14:50,890,890,Josh Cunningham made Free Throw.,56,43,13,0,0.9761590847467527,0.9148302926481315,Dayton,Fordham,4,4,11.7,400989831,2018-02-17
49,2,14:50,890,890,Josh Cunningham made Free Throw.,57,43,14,42,0.9800591953555324,0.928023359260064,Dayton,Fordham,4,4,11.7,400989831,2018-02-17
50,2,14:08,848,848,Trey Landers Offensive Rebound.,57,46,11,21,0.9668028104994012,0.8859179649136796,Dayton,Fordham,4,4,11.7,400989831,2018-02-17
51,2,13:47,827,827,Trey Landers Defensive Rebound.,60,46,14,30,0.9811138461775586,0.933189465058845,Dayton,Fordham,4,4,11.7,400989831,2018-02-17
52,2,13:17,797,797,Darrell Davis Offensive Rebound.,60,46,14,4,0.981708634918487,0.9359443792257095,Dayton,Fordham,4,4,11.7,400989831,2018-02-17
53,2,13:13,793,793,Darrell Davis made Two Point Tip Shot.,62,46,16,46,0.9875287970331689,0.9557421147857934,Dayton,Fordham,4,4,11.7,400989831,2018-02-17
54,2,12:27,747,747,Joseph Chartouny Defensive Rebound.,62,48,14,31,0.9829641745343811,0.9414522439711401,Dayton,Fordham,4,4,11.7,400989831,2018-02-17
55,2,11:56,716,716,Josh Cunningham Block.,62,48,14,0,0.9839002808476676,0.9454016415142092,Dayton,Fordham,4,4,11.7,400989831,2018-02-17
56,2,11:56,716,716,Fordham Offensive Rebound.,62,48,14,7,0.9839002808476676,0.9454016415142092,Dayton,Fordham,4,4,11.7,400989831,2018-02-17
57,2,11:49,709,709,Joseph Chartouny Defensive Rebound.,62,48,14,12,0.984086930069488,0.9461978977012213,Dayton,Fordham,4,4,11.7,400989831,2018-02-17
58,2,11:37,697,697,Matej Svoboda Defensive Rebound.,62,48,14,15,0.9843805403242201,0.9474628135345509,Dayton,Fordham,4,4,11.7,400989831,2018-02-17
59,2,11:22,682,682,Matej Svoboda Offensive Rebound.,62,48,14,9,0.9847125433716369,0.9489096198410097,Dayton,Fordham,4,4,11.7,400989831,2018-02-17
60,2,11:13,673,673,Jalen Crutcher made Free Throw.,63,48,15,0,0.987723424397478,0.9588556365944788,Dayton,Fordham,4,4,11.7,400989831,2018-02-17
61,2,11:13,673,673,Jalen Crutcher made Free Throw.,64,48,16,52,0.9900247205809927,0.9663841526750899,Dayton,Fordham,4,4,11.7,400989831,2018-02-17
62,2,10:21,621,621,Joseph Chartouny missed Free Throw.,66,50,16,0,0.9908658316649553,0.9699487854632006,Dayton,Fordham,4,4,11.7,400989831,2018-02-17
63,2,10:21,621,621,Fordham Deadball Team Rebound.,66,50,16,0,0.9908658316649553,0.9699487854632006,Dayton,Fordham,4,4,11.7,400989831,2018-02-17
64,2,10:21,621,621,Joseph Chartouny made Free Throw.,66,51,15,0,0.9886756464888294,0.9629307578014074,Dayton,Fordham,4,4,11.7,400989831,2018-02-17
65,2,10:21,621,621,Joseph Chartouny missed Free Throw.,66,51,15,0,0.9886756464888294,0.9629307578014074,Dayton,Fordham,4,4,11.7,400989831,2018-02-17
66,2,10:21,621,621,Kostas Antetokounmpo Defensive Rebound.,66,51,15,26,0.9886756464888294,0.9629307578014074,Dayton,Fordham,4,4,11.7,400989831,2018-02-17
67,2,9:55,595,595,Joseph Chartouny Steal.,66,51,15,6,0.9892370484519345,0.9652159616446256,Dayton,Fordham,4,4,11.7,400989831,2018-02-17
68,2,9:49,589,589,Jordan Davis Steal.,66,51,15,20,0.9893817404664007,0.9657898177578274,Dayton,Fordham,4,4,11.7,400989831,2018-02-17
69,2,9:29,569,569,Joseph Chartouny Offensive Rebound.,68,51,17,5,0.9935702172236957,0.9793409577704556,Dayton,Fordham,4,4,11.7,400989831,2018-02-17
70,2,9:24,564,564,Darrell Davis Block.,68,51,17,2,0.9936783833439907,0.9797487193076442,Dayton,Fordham,4,4,11.7,400989831,2018-02-17
71,2,9:22,562,562,Jordan Davis Defensive Rebound.,68,51,17,49,0.9937226461474783,0.9799147525010904,Dayton,Fordham,4,4,11.7,400989831,2018-02-17
72,2,8:33,513,513,Joseph Chartouny Defensive Rebound.,70,53,17,56,0.9946773161153529,0.9834783213834727,Dayton,Fordham,4,4,11.7,400989831,2018-02-17
73,2,7:37,457,457,Joseph Chartouny made Free Throw.,70,56,14,0,0.990504954152304,0.971848698165104,Dayton,Fordham,4,4,11.7,400989831,2018-02-17
74,2,7:37,457,457,Joseph Chartouny made Free Throw.,70,57,13,43,0.9878051628838634,0.964036847228896,Dayton,Fordham,4,4,11.7,400989831,2018-02-17
75,2,6:54,414,414,Darrell Davis made Free Throw.,71,60,11,0,0.9824620399178814,0.9505620649840424,Dayton,Fordham,4,4,11.7,400989831,2018-02-17
76,2,6:54,414,414,Darrell Davis made Free Throw.,72,60,12,13,0.9865396048752626,0.9617677345495146,Dayton,Fordham,4,4,11.7,400989831,2018-02-17
77,2,6:41,401,401,Darrell Davis Defensive Rebound.,72,60,12,29,0.9871280549598721,0.9638338918911102,Dayton,Fordham,4,4,11.7,400989831,2018-02-17
78,2,6:12,372,372,Perris Hicks Steal.,72,60,12,2,0.9883370876460899,0.9680845472044196,Dayton,Fordham,4,4,11.7,400989831,2018-02-17
79,2,6:10,370,370,Joseph Chartouny Offensive Rebound.,72,60,12,3,0.9884218243598917,0.9683771471955976,Dayton,Fordham,4,4,11.7,400989831,2018-02-17
80,2,6:07,367,367,Joseph Chartouny made Free Throw.,72,63,9,18,0.9733826069444933,0.9293791365133478,Dayton,Fordham,4,4,11.7,400989831,2018-02-17
81,2,5:49,349,349,Darrell Davis Defensive Rebound.,72,63,9,21,0.9746806461353256,0.9339146801107473,Dayton,Fordham,4,4,11.7,400989831,2018-02-17
82,2,5:28,328,328,Jalen Crutcher missed Free Throw.,72,63,9,0,0.976506842486544,0.9398922053145031,Dayton,Fordham,4,4,11.7,400989831,2018-02-17
83,2,5:28,328,328,David Pekarek Defensive Rebound.,72,63,9,60,0.976506842486544,0.9398922053145031,Dayton,Fordham,4,4,11.7,400989831,2018-02-17
84,2,4:28,268,268,Trey Landers Offensive Rebound.,72,68,4,5,0.8992804407676855,0.7833300654976112,Dayton,Fordham,4,4,11.7,400989831,2018-02-17
85,2,4:23,263,263,Joseph Chartouny Defensive Rebound.,72,68,4,39,0.8981648370328837,0.7823016929504202,Dayton,Fordham,4,4,11.7,400989831,2018-02-17
86,2,3:44,224,224,Cavit Havsa Steal.,72,68,4,10,0.8920366843113207,0.779897346241993,Dayton,Fordham,4,4,11.7,400989831,2018-02-17
87,2,3:34,214,214,Darrell Davis Defensive Rebound.,72,68,4,9,0.8927760754024461,0.7836585322160504,Dayton,Fordham,4,4,11.7,400989831,2018-02-17
88,2,3:25,205,205,Joseph Chartouny Steal.,72,68,4,36,0.8948051288241288,0.7895110628510629,Dayton,Fordham,4,4,11.7,400989831,2018-02-17
89,2,2:49,169,169,Trey Landers made Free Throw.,73,68,5,0,0.9403020760446366,0.880529128367831,Dayton,Fordham,4,4,11.7,400989831,2018-02-17
90,2,2:49,169,169,Trey Landers missed Free Throw.,73,68,5,0,0.9403020760446366,0.880529128367831,Dayton,Fordham,4,4,11.7,400989831,2018-02-17
91,2,2:49,169,169,Joseph Chartouny Defensive Rebound.,73,68,5,11,0.9403020760446366,0.880529128367831,Dayton,Fordham,4,4,11.7,400989831,2018-02-17
92,2,2:38,158,158,Jordan Davis Steal.,73,68,5,30,0.9459990476748662,0.8931146652254178,Dayton,Fordham,4,4,11.7,400989831,2018-02-17
93,2,2:08,128,128,Trey Landers Defensive Rebound.,75,68,7,44,0.9855542428067501,0.971732124575812,Dayton,Fordham,4,4,11.7,400989831,2018-02-17
94,2,1:24,84,84,Josh Cunningham Defensive Rebound.,77,68,9,30,0.9987591411129914,0.9977484963037612,Dayton,Fordham,4,4,11.7,400989831,2018-02-17
95,2,0:54,54,54,Trey Landers made Free Throw.,78,68,10,0,0.9998528401954109,0.9997498037593856,Dayton,Fordham,4,4,11.7,400989831,2018-02-17
96,2,0:54,54,54,Trey Landers made Free Throw.,79,68,11,5,0.9999357809063067,0.9998908104755619,Dayton,Fordham,4,4,11.7,400989831,2018-02-17
97,2,0:49,49,49,Joseph Chartouny missed Free Throw.,79,68,11,2,0.9999522487251168,0.9999197323091844,Dayton,Fordham,4,4,11.7,400989831,2018-02-17
98,2,0:47,47,47,Fordham Offensive Rebound.,79,68,11,0,0.9999576928712626,0.9999292106912068,Dayton,Fordham,4,4,11.7,400989831,2018-02-17
99,2,0:47,47,47,Perris Hicks made Free Throw.,79,69,10,0,0.9998991534609866,0.9998312677872547,Dayton,Fordham,4,4,11.7,400989831,2018-02-17
100,2,0:47,47,47,Perris Hicks missed Free Throw.,79,69,10,0,0.9998991534609866,0.9998312677872547,Dayton,Fordham,4,4,11.7,400989831,2018-02-17
101,2,0:47,47,47,Fordham Offensive Rebound.,79,69,10,3,0.9998991534609866,0.9998312677872547,Dayton,Fordham,4,4,11.7,400989831,2018-02-17
102,2,0:44,44,44,Joseph Chartouny made Free Throw.,79,70,9,0,0.9997930556164494,0.9996561757592062,Dayton,Fordham,4,4,11.7,400989831,2018-02-17
103,2,0:44,44,44,Joseph Chartouny missed Free Throw.,79,70,9,0,0.9997930556164494,0.9996561757592062,Dayton,Fordham,4,4,11.7,400989831,2018-02-17
104,2,0:44,44,44,Darrell Davis Defensive Rebound.,79,70,9,10,0.9997930556164494,0.9996561757592062,Dayton,Fordham,4,4,11.7,400989831,2018-02-17
105,2,0:34,34,34,Trey Landers made Free Throw.,80,70,10,0,0.999952193015559,0.9999224139647577,Dayton,Fordham,4,4,11.7,400989831,2018-02-17
106,2,0:34,34,34,Trey Landers missed Free Throw.,80,70,10,0,0.999952193015559,0.9999224139647577,Dayton,Fordham,4,4,11.7,400989831,2018-02-17
107,2,0:34,34,34,Chris Downing Defensive Rebound.,80,70,10,18,0.999952193015559,0.9999224139647577,Dayton,Fordham,4,4,11.7,400989831,2018-02-17
108,2,0:16,16,16,Darrell Davis Defensive Rebound.,80,70,10,16,0.9999843417434044,0.9999756740698911,Dayton,Fordham,4,4,11.7,400989831,2018-02-17
109,2,0:00,0,0,End of Game,80,70,10,0,1,1,Dayton,Fordham,4,4,11.7,400989831,2018-02-17
