play_id,half,time_remaining_half,secs_remaining,secs_remaining_absolute,description,home_score,away_score,score_diff,play_length,win_prob,naive_win_prob,home,away,home_time_out_remaining,away_time_out_remaining,home_favored_by,game_id,date
1,1,20:00,2400,2400,PLAY,0,0,0,52,0.8090546505682268,0.5,Butler,Providence,4,4,9,400988615,2018-02-17
2,1,19:08,2348,2348,Jalen Lindsey Defensive Rebound.,0,2,-2,26,0.7781929123229157,0.45486594659906016,Butler,Providence,4,4,9,400988615,2018-02-17
3,1,18:42,2322,2322,Alpha Diallo Defensive Rebound.,0,4,-4,32,0.7437470765306587,0.4093545982111211,Butler,Providence,4,4,9,400988615,2018-02-17
4,1,18:10,2290,2290,Tyler Wideman Defensive Rebound.,0,4,-4,25,0.7416740793361598,0.40797280332900143,Butler,Providence,4,4,9,400988615,2018-02-17
5,1,17:45,2265,2265,Aaron Thompson Offensive Rebound.,0,4,-4,28,0.7400089468576636,0.40688038494225204,Butler,Providence,4,4,9,400988615,2018-02-17
6,1,17:17,2237,2237,Kamar Baldwin Steal.,2,4,-2,27,0.7733101342980204,0.4523951664921712,Butler,Providence,4,4,9,400988615,2018-02-17
7,1,16:50,2210,2210,Aaron Thompson Steal.,4,4,0,50,0.8042881077921333,0.5,Butler,Providence,4,4,9,400988615,2018-02-17
8,1,16:00,2160,2160,Jalen Lindsey made Free Throw.,9,8,1,0,0.818037810202948,0.5247471948920313,Butler,Providence,4,4,9,400988615,2018-02-17
9,1,16:00,2160,2160,Jalen Lindsey missed Free Throw.,9,8,1,0,0.818037810202948,0.5247471948920313,Butler,Providence,4,4,9,400988615,2018-02-17
10,1,16:00,2160,2160,Sean McDermott Defensive Rebound.,9,8,1,19,0.818037810202948,0.5247471948920313,Butler,Providence,4,4,9,400988615,2018-02-17
11,1,15:41,2141,2141,Rodney Bullock Block.,9,8,1,1,0.8176245624220084,0.524969667148936,Butler,Providence,4,4,9,400988615,2018-02-17
12,1,15:40,2140,2140,Butler Offensive Rebound.,9,8,1,2,0.8176025068030105,0.5249814172567296,Butler,Providence,4,4,9,400988615,2018-02-17
13,1,15:38,2138,2138,Alpha Diallo Defensive Rebound.,9,8,1,32,0.8175583045174862,0.5250049301600552,Butler,Providence,4,4,9,400988615,2018-02-17
14,1,15:06,2106,2106,Nate Watson Offensive Rebound.,9,8,1,10,0.8168347525583499,0.525383545558661,Butler,Providence,4,4,9,400988615,2018-02-17
15,1,14:56,2096,2096,Alpha Diallo Defensive Rebound.,9,10,-1,5,0.7840280293807594,0.4744971546865564,Butler,Providence,4,4,9,400988615,2018-02-17
16,1,14:51,2091,2091,Makai Ashton-Langford Offensive Rebound.,9,10,-1,27,0.7838141554855723,0.4744373193566554,Butler,Providence,4,4,9,400988615,2018-02-17
17,1,14:24,2064,2064,Nate Watson Block.,9,13,-4,2,0.7251568191330521,0.3978146194378104,Butler,Providence,4,4,9,400988615,2018-02-17
18,1,14:22,2062,2062,Makai Ashton-Langford Defensive Rebound.,9,13,-4,15,0.724995334560848,0.39772140160430103,Butler,Providence,4,4,9,400988615,2018-02-17
19,1,14:07,2047,2047,Nate Watson missed Free Throw.,9,15,-6,0,0.6801184687300004,0.3482256502890465,Butler,Providence,4,4,9,400988615,2018-02-17
20,1,14:07,2047,2047,Henry Baddley Defensive Rebound.,9,15,-6,40,0.6801184687300004,0.3482256502890465,Butler,Providence,4,4,9,400988615,2018-02-17
21,1,13:27,2007,2007,Kelan Martin Steal.,11,15,-4,62,0.7204422033463548,0.3951254637242928,Butler,Providence,4,4,9,400988615,2018-02-17
22,1,12:25,1945,1945,Alpha Diallo Steal.,13,18,-5,3,0.6921942546571077,0.3663198897527111,Butler,Providence,4,4,9,400988615,2018-02-17
23,1,12:22,1942,1942,Kelan Martin Block.,13,18,-5,2,0.6918802848366271,0.366139543406114,Butler,Providence,4,4,9,400988615,2018-02-17
24,1,12:20,1940,1940,Henry Baddley Defensive Rebound.,13,18,-5,4,0.6916705295699817,0.36601915582408157,Butler,Providence,4,4,9,400988615,2018-02-17
25,1,12:16,1936,1936,Rodney Bullock Defensive Rebound.,13,18,-5,75,0.6912499557959082,0.3657780020782819,Butler,Providence,4,4,9,400988615,2018-02-17
26,1,11:01,1861,1861,Kelan Martin Defensive Rebound.,16,18,-2,11,0.7521720832509928,0.4432543228993711,Butler,Providence,4,4,9,400988615,2018-02-17
27,1,10:50,1850,1850,Alpha Diallo Defensive Rebound.,16,18,-2,55,0.7514408562514321,0.4429703739545296,Butler,Providence,4,4,9,400988615,2018-02-17
28,1,9:55,1795,1795,Christian David Defensive Rebound.,18,18,0,10,0.7893862444512348,0.5,Butler,Providence,4,4,9,400988615,2018-02-17
29,1,9:45,1785,1785,Isaiah Jackson Steal.,18,18,0,8,0.7889469829884519,0.5,Butler,Providence,4,4,9,400988615,2018-02-17
30,1,9:37,1777,1777,Christian David Block.,18,18,0,2,0.7885931048635908,0.5,Butler,Providence,4,4,9,400988615,2018-02-17
31,1,9:35,1775,1775,Nate Fowler Defensive Rebound.,18,18,0,21,0.7885042985354104,0.5,Butler,Providence,4,4,9,400988615,2018-02-17
32,1,9:14,1754,1754,Alpha Diallo Defensive Rebound.,18,18,0,36,0.7875639287452144,0.5,Butler,Providence,4,4,9,400988615,2018-02-17
33,1,8:38,1718,1718,Nate Fowler Offensive Rebound.,18,21,-3,33,0.7181605002881111,0.4097132468265133,Butler,Providence,4,4,9,400988615,2018-02-17
34,1,8:05,1685,1685,Kelan Martin Defensive Rebound.,18,21,-3,11,0.7151430996340078,0.4083273280590202,Butler,Providence,4,4,9,400988615,2018-02-17
35,1,7:54,1674,1674,Isaiah Jackson Defensive Rebound.,18,21,-3,3,0.714120945326574,0.4078670700628932,Butler,Providence,4,4,9,400988615,2018-02-17
36,1,7:51,1671,1671,Isaiah Jackson Offensive Rebound.,18,21,-3,14,0.7138409835438033,0.4077428073028869,Butler,Providence,4,4,9,400988615,2018-02-17
37,1,7:37,1657,1657,Kamar Baldwin Defensive Rebound.,18,21,-3,10,0.7125275321417218,0.40716917401941377,Butler,Providence,4,4,9,400988615,2018-02-17
38,1,7:27,1647,1647,Tyler Wideman Offensive Rebound.,18,21,-3,88,0.7115821293916453,0.406764881279372,Butler,Providence,4,4,9,400988615,2018-02-17
39,1,5:59,1559,1559,Isaiah Jackson Defensive Rebound.,20,21,-1,47,0.7544929804511075,0.46739286579428235,Butler,Providence,4,4,9,400988615,2018-02-17
40,1,5:12,1512,1512,Tyler Wideman made Free Throw.,21,23,-2,0,0.7254604444068755,0.4337422659730697,Butler,Providence,4,4,9,400988615,2018-02-17
41,1,5:12,1512,1512,Tyler Wideman made Free Throw.,22,23,-1,34,0.7511977662098179,0.4667244032014401,Butler,Providence,4,4,9,400988615,2018-02-17
42,1,4:38,1478,1478,Sean McDermott Defensive Rebound.,22,25,-3,46,0.6945068008656164,0.3998424248113219,Butler,Providence,4,4,9,400988615,2018-02-17
43,1,3:52,1432,1432,Kalif Young made Free Throw.,24,26,-2,0,0.7182726955811652,0.43124313956455096,Butler,Providence,4,4,9,400988615,2018-02-17
44,1,3:52,1432,1432,Kalif Young made Free Throw.,24,27,-3,120,0.689443566590879,0.39767275301284,Butler,Providence,4,4,9,400988615,2018-02-17
45,1,1:52,1312,1312,Kyron Cartwright Defensive Rebound.,30,33,-3,5,0.6758546389815593,0.3923127362311123,Butler,Providence,4,4,9,400988615,2018-02-17
46,1,1:47,1307,1307,Kelan Martin Defensive Rebound.,30,33,-3,11,0.675264306212271,0.39208138217470034,Butler,Providence,4,4,9,400988615,2018-02-17
47,1,1:36,1296,1296,Kelan Martin made Free Throw.,31,33,-2,0,0.7053782269515085,0.4270672223655972,Butler,Providence,4,4,9,400988615,2018-02-17
48,1,1:36,1296,1296,Kelan Martin made Free Throw.,32,33,-1,19,0.7349638775821291,0.4633375481296548,Butler,Providence,4,4,9,400988615,2018-02-17
49,1,1:17,1277,1277,Maliek White Defensive Rebound.,32,35,-3,18,0.6716564775973707,0.39064177706031145,Butler,Providence,4,4,9,400988615,2018-02-17
50,1,0:59,1259,1259,Aaron Thompson Steal.,32,35,-3,12,0.6694302726327788,0.38972504440373845,Butler,Providence,4,4,9,400988615,2018-02-17
51,1,0:47,1247,1247,Aaron Thompson Defensive Rebound.,32,35,-3,8,0.6679170070109699,0.3890868330175152,Butler,Providence,4,4,9,400988615,2018-02-17
52,1,0:39,1239,1239,Aaron Thompson made Free Throw.,33,35,-2,0,0.699553179972647,0.42506878345590104,Butler,Providence,4,4,9,400988615,2018-02-17
53,1,0:39,1239,1239,Aaron Thompson missed Free Throw.,33,35,-2,0,0.699553179972647,0.42506878345590104,Butler,Providence,4,4,9,400988615,2018-02-17
54,1,0:39,1239,1239,Rodney Bullock Defensive Rebound.,33,35,-2,27,0.699553179972647,0.42506878345590104,Butler,Providence,4,4,9,400988615,2018-02-17
55,1,0:12,1212,1212,Providence Offensive Rebound.,33,35,-2,8,0.6966668168335212,0.4239913003634705,Butler,Providence,4,4,9,400988615,2018-02-17
56,1,0:04,1204,1204,Butler Defensive Rebound.,33,35,-2,4,0.6957979287258871,0.4236562704258714,Butler,Providence,4,4,9,400988615,2018-02-17
57,1,0:00,1200,1200,End of 1st half,33,35,-2,0,0.6953655546139245,0.4234906714856242,Butler,Providence,4,4,9,400988615,2018-02-17
58,2,20:00,1200,1200,PLAY,33,35,-2,53,0.6953655546139245,0.4234906714856242,Butler,Providence,4,4,9,400988615,2018-02-17
59,2,19:07,1147,1147,Kyron Cartwright Defensive Rebound.,35,35,0,8,0.7532325370910459,0.5,Butler,Providence,4,4,9,400988615,2018-02-17
60,2,18:59,1139,1139,Aaron Thompson Defensive Rebound.,35,35,0,37,0.7527351595596528,0.5,Butler,Providence,4,4,9,400988615,2018-02-17
61,2,18:22,1102,1102,Aaron Thompson Defensive Rebound.,37,35,2,38,0.8061440721099358,0.580360570078973,Butler,Providence,4,4,9,400988615,2018-02-17
62,2,17:44,1064,1064,Sean McDermott Defensive Rebound.,39,35,4,9,0.8518695191195287,0.6595348446343553,Butler,Providence,4,4,9,400988615,2018-02-17
63,2,17:35,1055,1055,Kyron Cartwright Defensive Rebound.,39,35,4,59,0.8518832781774208,0.6602443305263577,Butler,Providence,4,4,9,400988615,2018-02-17
64,2,16:36,996,996,Aaron Thompson Defensive Rebound.,41,37,4,10,0.8521972365583417,0.6653666015585541,Butler,Providence,4,4,9,400988615,2018-02-17
65,2,16:26,986,986,Jalen Lindsey Defensive Rebound.,41,37,4,19,0.8522984673312564,0.666336738988141,Butler,Providence,4,4,9,400988615,2018-02-17
66,2,16:07,967,967,Tyler Wideman Defensive Rebound.,41,37,4,15,0.852535957525151,0.6682752802533172,Butler,Providence,4,4,9,400988615,2018-02-17
67,2,15:52,952,952,Rodney Bullock Defensive Rebound.,41,37,4,20,0.8527141319792573,0.669752393937558,Butler,Providence,4,4,9,400988615,2018-02-17
68,2,15:32,932,932,Tyler Wideman Defensive Rebound.,41,37,4,23,0.852901135844337,0.6715478302888682,Butler,Providence,4,4,9,400988615,2018-02-17
69,2,15:09,909,909,Kyron Cartwright Defensive Rebound.,41,37,4,17,0.8530680761231528,0.6734361067352534,Butler,Providence,4,4,9,400988615,2018-02-17
70,2,14:52,892,892,Tyler Wideman Defensive Rebound.,41,37,4,31,0.8531748960161151,0.6747592946102687,Butler,Providence,4,4,9,400988615,2018-02-17
71,2,14:21,861,861,Kalif Young Block.,41,37,4,0,0.8533760106465218,0.6771385180232793,Butler,Providence,4,4,9,400988615,2018-02-17
72,2,14:21,861,861,Kalif Young Defensive Rebound.,41,37,4,11,0.8533760106465218,0.6771385180232793,Butler,Providence,4,4,9,400988615,2018-02-17
73,2,14:10,850,850,Nate Fowler Defensive Rebound.,41,37,4,30,0.8534602918174261,0.678004232485372,Butler,Providence,4,4,9,400988615,2018-02-17
74,2,13:40,820,820,Rodney Bullock Defensive Rebound.,41,37,4,14,0.8537599792084564,0.6805249525301156,Butler,Providence,4,4,9,400988615,2018-02-17
75,2,13:26,806,806,Kelan Martin Defensive Rebound.,41,37,4,8,0.8539482779529105,0.6818199715272786,Butler,Providence,4,4,9,400988615,2018-02-17
76,2,13:18,798,798,Rodney Bullock Block.,41,37,4,3,0.8540733335048404,0.6826042316297968,Butler,Providence,4,4,9,400988615,2018-02-17
77,2,13:15,795,795,Nate Fowler Offensive Rebound.,41,37,4,28,0.8541238257596397,0.6829075473663458,Butler,Providence,4,4,9,400988615,2018-02-17
78,2,12:47,767,767,Paul Jorgensen Steal.,43,37,6,41,0.8968549029615187,0.7635702782516288,Butler,Providence,4,4,9,400988615,2018-02-17
79,2,12:06,726,726,Rodney Bullock Offensive Rebound.,45,37,8,7,0.9302307560041121,0.8342461484167937,Butler,Providence,4,4,9,400988615,2018-02-17
80,2,11:59,719,719,Isaiah Jackson Offensive Rebound.,45,37,8,67,0.9306598486245634,0.8355595156913191,Butler,Providence,4,4,9,400988615,2018-02-17
81,2,10:52,652,652,Sean McDermott Defensive Rebound.,49,40,9,31,0.9458026722277163,0.8715193653336614,Butler,Providence,4,4,9,400988615,2018-02-17
82,2,10:21,621,621,Makai Ashton-Langford Steal.,49,40,9,6,0.9471895838671852,0.875916534626012,Butler,Providence,4,4,9,400988615,2018-02-17
83,2,10:15,615,615,Sean McDermott Steal.,49,40,9,7,0.9474879006631383,0.876836545960023,Butler,Providence,4,4,9,400988615,2018-02-17
84,2,10:08,608,608,Makai Ashton-Langford Defensive Rebound.,49,40,9,7,0.9478535402320627,0.8779508268616578,Butler,Providence,4,4,9,400988615,2018-02-17
85,2,10:01,601,601,Makai Ashton-Langford made Free Throw.,49,41,8,0,0.9362879492270866,0.8536627989748417,Butler,Providence,4,4,9,400988615,2018-02-17
86,2,10:01,601,601,Makai Ashton-Langford made Free Throw.,49,42,7,43,0.9218027298559639,0.8239250590963613,Butler,Providence,4,4,9,400988615,2018-02-17
87,2,9:18,558,558,Paul Jorgensen Defensive Rebound.,51,42,9,28,0.9512258916843291,0.8876760432584291,Butler,Providence,4,4,9,400988615,2018-02-17
88,2,8:50,530,530,Aaron Thompson Defensive Rebound.,53,42,11,31,0.9704983528319345,0.9311692689565454,Butler,Providence,4,4,9,400988615,2018-02-17
89,2,8:19,499,499,Paul Jorgensen Steal.,55,42,13,31,0.9826089149669772,0.9593494638408053,Butler,Providence,4,4,9,400988615,2018-02-17
90,2,7:48,468,468,Aaron Thompson Defensive Rebound.,55,42,13,9,0.9838068488029476,0.962673127872986,Butler,Providence,4,4,9,400988615,2018-02-17
91,2,7:39,459,459,Aaron Thompson missed Free Throw.,55,42,13,0,0.9842184410519413,0.9637785452754432,Butler,Providence,4,4,9,400988615,2018-02-17
92,2,7:39,459,459,Butler Deadball Team Rebound.,55,42,13,0,0.9842184410519413,0.9637785452754432,Butler,Providence,4,4,9,400988615,2018-02-17
93,2,7:39,459,459,Aaron Thompson made Free Throw.,56,42,14,11,0.9876954650371174,0.9716291142400569,Butler,Providence,4,4,9,400988615,2018-02-17
94,2,7:28,448,448,Kyron Cartwright made Free Throw.,56,43,13,0,0.9847813031056826,0.9652626035267605,Butler,Providence,4,4,9,400988615,2018-02-17
95,2,7:28,448,448,Kyron Cartwright missed Free Throw.,56,43,13,0,0.9847813031056826,0.9652626035267605,Butler,Providence,4,4,9,400988615,2018-02-17
96,2,7:28,448,448,Henry Baddley Defensive Rebound.,56,43,13,11,0.9847813031056826,0.9652626035267605,Butler,Providence,4,4,9,400988615,2018-02-17
97,2,7:17,437,437,Kamar Baldwin made Free Throw.,57,43,14,0,0.988715784848097,0.9742841293121307,Butler,Providence,4,4,9,400988615,2018-02-17
98,2,7:17,437,437,Kamar Baldwin missed Free Throw.,57,43,14,0,0.988715784848097,0.9742841293121307,Butler,Providence,4,4,9,400988615,2018-02-17
99,2,7:17,437,437,Alpha Diallo Defensive Rebound.,57,43,14,11,0.988715784848097,0.9742841293121307,Butler,Providence,4,4,9,400988615,2018-02-17
100,2,7:06,426,426,Sean McDermott Block.,57,43,14,3,0.989311983969357,0.9757989483819023,Butler,Providence,4,4,9,400988615,2018-02-17
101,2,7:03,423,423,Kyron Cartwright Offensive Rebound.,57,43,14,9,0.9894675965019717,0.976194885592921,Butler,Providence,4,4,9,400988615,2018-02-17
102,2,6:54,414,414,Tyler Wideman Defensive Rebound.,57,43,14,31,0.9899012372021371,0.9773039920966468,Butler,Providence,4,4,9,400988615,2018-02-17
103,2,6:23,383,383,Rodney Bullock Block.,57,43,14,2,0.9911744055850659,0.9805845193647093,Butler,Providence,4,4,9,400988615,2018-02-17
104,2,6:21,381,381,Providence Deadball Team Rebound.,57,43,14,14,0.9912517698344636,0.9807829079531645,Butler,Providence,4,4,9,400988615,2018-02-17
105,2,6:07,367,367,Butler Defensive Rebound.,57,43,14,16,0.9917979409145384,0.982171436532873,Butler,Providence,4,4,9,400988615,2018-02-17
106,2,5:51,351,351,Rodney Bullock Steal.,57,43,14,47,0.9924538363802214,0.9838022714031073,Butler,Providence,4,4,9,400988615,2018-02-17
107,2,5:04,304,304,Alpha Diallo Offensive Rebound.,57,45,12,3,0.9898914806061061,0.9792617673070955,Butler,Providence,4,4,9,400988615,2018-02-17
108,2,5:01,301,301,Butler Deadball Team Rebound.,57,45,12,6,0.9900200779954242,0.9795798016785913,Butler,Providence,4,4,9,400988615,2018-02-17
109,2,4:55,295,295,Isaiah Jackson Defensive Rebound.,57,45,12,12,0.9901637069884449,0.9799820721016543,Butler,Providence,4,4,9,400988615,2018-02-17
110,2,4:43,283,283,Tyler Wideman Block.,57,45,12,1,0.9900919384724552,0.9800591573902875,Butler,Providence,4,4,9,400988615,2018-02-17
111,2,4:42,282,282,Alpha Diallo Offensive Rebound.,57,45,12,0,0.990068705636705,0.9800312743580846,Butler,Providence,4,4,9,400988615,2018-02-17
112,2,4:42,282,282,Alpha Diallo made Free Throw.,57,46,11,0,0.9863144149826965,0.9725876277240634,Butler,Providence,4,4,9,400988615,2018-02-17
113,2,4:42,282,282,Alpha Diallo missed Free Throw.,57,46,11,0,0.9863144149826965,0.9725876277240634,Butler,Providence,4,4,9,400988615,2018-02-17
114,2,4:42,282,282,Kelan Martin Defensive Rebound.,57,46,11,20,0.9863144149826965,0.9725876277240634,Butler,Providence,4,4,9,400988615,2018-02-17
115,2,4:22,262,262,Butler Offensive Rebound.,57,46,11,71,0.9852829743124669,0.9710895652468536,Butler,Providence,4,4,9,400988615,2018-02-17
116,2,3:11,191,191,Maliek White Defensive Rebound.,57,49,8,11,0.9687735004298741,0.9438540883734136,Butler,Providence,4,4,9,400988615,2018-02-17
117,2,3:00,180,180,Kelan Martin Defensive Rebound.,57,49,8,33,0.9735232851702559,0.952846239766277,Butler,Providence,4,4,9,400988615,2018-02-17
118,2,2:27,147,147,Tyler Wideman Offensive Rebound.,57,49,8,12,0.9847551044349959,0.9737582729999175,Butler,Providence,4,4,9,400988615,2018-02-17
119,2,2:15,135,135,Rodney Bullock made Free Throw.,59,50,9,0,0.9925883903665363,0.9873812977037311,Butler,Providence,4,4,9,400988615,2018-02-17
120,2,2:15,135,135,Rodney Bullock made Free Throw.,59,51,8,37,0.9880244187367332,0.9796765199716098,Butler,Providence,4,4,9,400988615,2018-02-17
121,2,1:38,98,98,Alpha Diallo made Free Throw.,62,52,10,0,0.9986801784588842,0.9978653376319181,Butler,Providence,4,4,9,400988615,2018-02-17
122,2,1:38,98,98,Alpha Diallo missed Free Throw.,62,52,10,0,0.9986801784588842,0.9978653376319181,Butler,Providence,4,4,9,400988615,2018-02-17
123,2,1:38,98,98,Kamar Baldwin Defensive Rebound.,62,52,10,12,0.9986801784588842,0.9978653376319181,Butler,Providence,4,4,9,400988615,2018-02-17
124,2,1:26,86,86,Kamar Baldwin made Free Throw.,63,52,11,0,0.9995945160384044,0.9993563337543674,Butler,Providence,4,4,9,400988615,2018-02-17
125,2,1:26,86,86,Kamar Baldwin made Free Throw.,64,52,12,4,0.9997920479701778,0.9996698581103004,Butler,Providence,4,4,9,400988615,2018-02-17
126,2,1:22,82,82,Alpha Diallo Offensive Rebound.,64,52,12,3,0.9998320681171897,0.9997351205885371,Butler,Providence,4,4,9,400988615,2018-02-17
127,2,1:19,79,79,Kelan Martin Defensive Rebound.,64,52,12,3,0.9998574489054807,0.9997762565502747,Butler,Providence,4,4,9,400988615,2018-02-17
128,2,1:16,76,76,Kelan Martin made Free Throw.,65,52,13,0,0.9999410052155149,0.999907858442964,Butler,Providence,4,4,9,400988615,2018-02-17
129,2,1:16,76,76,Kelan Martin made Free Throw.,66,52,14,8,0.9999711328914217,0.9999549128726717,Butler,Providence,4,4,9,400988615,2018-02-17
130,2,1:08,68,68,Aaron Thompson Defensive Rebound.,66,52,14,3,0.9999833085195371,0.999974278220568,Butler,Providence,4,4,9,400988615,2018-02-17
131,2,1:05,65,65,Aaron Thompson missed Free Throw.,66,52,14,0,0.9999864988391916,0.9999793005472868,Butler,Providence,4,4,9,400988615,2018-02-17
132,2,1:05,65,65,Butler Deadball Team Rebound.,66,52,14,0,0.9999864988391916,0.9999793005472868,Butler,Providence,4,4,9,400988615,2018-02-17
133,2,1:05,65,65,Aaron Thompson made Free Throw.,67,52,15,10,0.9999937511437393,0.9999904194604697,Butler,Providence,4,4,9,400988615,2018-02-17
134,2,0:55,55,55,Maliek White Offensive Rebound.,67,52,15,13,0.9999971468990004,0.9999957005701254,Butler,Providence,4,4,9,400988615,2018-02-17
135,2,0:42,42,42,Paul Jorgensen made Free Throw.,68,54,14,0,0.9999976420929253,0.9999965277289207,Butler,Providence,4,4,9,400988615,2018-02-17
136,2,0:42,42,42,Paul Jorgensen made Free Throw.,69,54,15,16,0.9999990393366325,0.9999985853192154,Butler,Providence,4,4,9,400988615,2018-02-17
137,2,0:26,26,26,Paul Jorgensen Defensive Rebound.,69,54,15,26,0.9999997753035615,0.9999996786704556,Butler,Providence,4,4,9,400988615,2018-02-17
138,2,0:00,0,0,End of Game,69,54,15,0,1,1,Butler,Providence,4,4,9,400988615,2018-02-17
