play_id,half,time_remaining_half,secs_remaining,secs_remaining_absolute,description,home_score,away_score,score_diff,play_length,win_prob,naive_win_prob,home,away,home_time_out_remaining,away_time_out_remaining,home_favored_by,game_id,date
1,1,20:00,2400,2400,PLAY,0,0,0,11,0.1272858993289968,0.5,Western Carolina,East Tennessee State,4,4,-12,400988811,2018-02-17
2,1,19:49,2389,2389,Marc Gosselin Steal.,0,0,0,33,0.12752097220340086,0.5,Western Carolina,East Tennessee State,4,4,-12,400988811,2018-02-17
3,1,19:16,2356,2356,Devontavius Payne Defensive Rebound.,0,0,0,8,0.12824732225520594,0.5,Western Carolina,East Tennessee State,4,4,-12,400988811,2018-02-17
4,1,19:08,2348,2348,Devin Peterson Defensive Rebound.,0,0,0,12,0.12842831743758426,0.5,Western Carolina,East Tennessee State,4,4,-12,400988811,2018-02-17
5,1,18:56,2336,2336,Devontavius Payne Defensive Rebound.,0,0,0,6,0.12870350645231612,0.5,Western Carolina,East Tennessee State,4,4,-12,400988811,2018-02-17
6,1,18:50,2330,2330,Devin Peterson Block.,0,0,0,0,0.12884278734461013,0.5,Western Carolina,East Tennessee State,4,4,-12,400988811,2018-02-17
7,1,18:50,2330,2330,Marc Gosselin Defensive Rebound.,0,0,0,54,0.12884278734461013,0.5,Western Carolina,East Tennessee State,4,4,-12,400988811,2018-02-17
8,1,17:56,2276,2276,Marcus Thomas Offensive Rebound.,2,3,-1,4,0.1199014944120616,0.476587121439937,Western Carolina,East Tennessee State,4,4,-12,400988811,2018-02-17
9,1,17:52,2272,2272,Desonta Bradford Defensive Rebound.,2,3,-1,31,0.11997615874820369,0.4765419058740616,Western Carolina,East Tennessee State,4,4,-12,400988811,2018-02-17
10,1,17:21,2241,2241,Mike Amius missed Free Throw.,4,6,-2,0,0.1108240574864275,0.45248611667486166,Western Carolina,East Tennessee State,4,4,-12,400988811,2018-02-17
11,1,17:21,2241,2241,Desonta Bradford Defensive Rebound.,4,6,-2,7,0.1108240574864275,0.45248611667486166,Western Carolina,East Tennessee State,4,4,-12,400988811,2018-02-17
12,1,17:14,2234,2234,Western Carolina Defensive Rebound.,4,6,-2,36,0.11092089309020385,0.4523268809635964,Western Carolina,East Tennessee State,4,4,-12,400988811,2018-02-17
13,1,16:38,2198,2198,Mladen Armus Offensive Rebound.,4,6,-2,9,0.11143985123641004,0.45150310963045764,Western Carolina,East Tennessee State,4,4,-12,400988811,2018-02-17
14,1,16:29,2189,2189,David Burrell Offensive Rebound.,4,6,-2,19,0.11157528844561673,0.4512960834893763,Western Carolina,East Tennessee State,4,4,-12,400988811,2018-02-17
15,1,16:10,2170,2170,Deriece Parks Steal.,4,6,-2,2,0.11186905168933921,0.4508579029700246,Western Carolina,East Tennessee State,4,4,-12,400988811,2018-02-17
16,1,16:08,2168,2168,Deriece Parks made Free Throw.,5,6,-1,0,0.12209093626790159,0.47534605158204335,Western Carolina,East Tennessee State,4,4,-12,400988811,2018-02-17
17,1,16:08,2168,2168,Deriece Parks missed Free Throw.,5,6,-1,0,0.12209093626790159,0.47534605158204335,Western Carolina,East Tennessee State,4,4,-12,400988811,2018-02-17
18,1,16:08,2168,2168,Bo Hodges Defensive Rebound.,5,6,-1,55,0.12209093626790159,0.47534605158204335,Western Carolina,East Tennessee State,4,4,-12,400988811,2018-02-17
19,1,15:13,2113,2113,Mladen Armus Defensive Rebound.,7,9,-2,19,0.11280973624406343,0.4495285832053535,Western Carolina,East Tennessee State,4,4,-12,400988811,2018-02-17
20,1,14:54,2094,2094,Haboubacar Mutombo Offensive Rebound.,7,11,-4,11,0.09419697164156147,0.39920381790398657,Western Carolina,East Tennessee State,4,4,-12,400988811,2018-02-17
21,1,14:43,2083,2083,Devontavius Payne Defensive Rebound.,7,11,-4,20,0.09427362354425997,0.39869637378562284,Western Carolina,East Tennessee State,4,4,-12,400988811,2018-02-17
22,1,14:23,2063,2063,Devin Peterson Defensive Rebound.,7,11,-4,33,0.09441779146852987,0.39776802029077646,Western Carolina,East Tennessee State,4,4,-12,400988811,2018-02-17
23,1,13:50,2030,2030,Bo Hodges Block.,7,11,-4,0,0.09466842536708481,0.39621891424323763,Western Carolina,East Tennessee State,4,4,-12,400988811,2018-02-17
24,1,13:50,2030,2030,East Tennessee State Defensive Rebound.,7,11,-4,18,0.09466842536708481,0.39621891424323763,Western Carolina,East Tennessee State,4,4,-12,400988811,2018-02-17
25,1,13:32,2012,2012,Bo Hodges made Free Throw.,7,14,-7,54,0.07077347522135369,0.3222538386553758,Western Carolina,East Tennessee State,4,4,-12,400988811,2018-02-17
26,1,12:38,1958,1958,Western Carolina Offensive Rebound.,9,14,-5,34,0.08627958874585848,0.3670981756789274,Western Carolina,East Tennessee State,4,4,-12,400988811,2018-02-17
27,1,12:04,1924,1924,Deriece Parks Defensive Rebound.,11,14,-3,14,0.10557064538866442,0.41772947923579473,Western Carolina,East Tennessee State,4,4,-12,400988811,2018-02-17
28,1,11:50,1910,1910,Marc Gosselin Offensive Rebound.,11,14,-3,7,0.10578296303391055,0.41719722350695226,Western Carolina,East Tennessee State,4,4,-12,400988811,2018-02-17
29,1,11:43,1903,1903,Peter Jurkin Defensive Rebound.,11,14,-3,7,0.10589163751644358,0.4169314344684211,Western Carolina,East Tennessee State,4,4,-12,400988811,2018-02-17
30,1,11:36,1896,1896,Desonta Bradford made Free Throw.,11,15,-4,0,0.09583316462019681,0.3896854554883753,Western Carolina,East Tennessee State,4,4,-12,400988811,2018-02-17
31,1,11:36,1896,1896,Desonta Bradford made Free Throw.,11,16,-5,93,0.08654546433263027,0.36336394214411877,Western Carolina,East Tennessee State,4,4,-12,400988811,2018-02-17
32,1,10:03,1803,1803,David Burrell Offensive Rebound.,11,18,-7,7,0.07019319473309434,0.3059152370225907,Western Carolina,East Tennessee State,4,4,-12,400988811,2018-02-17
33,1,9:56,1796,1796,Marcus Thomas Steal.,11,18,-7,1,0.07018191361993815,0.3053588388161366,Western Carolina,East Tennessee State,4,4,-12,400988811,2018-02-17
34,1,9:55,1795,1795,Marcus Thomas made Free Throw.,12,18,-6,0,0.07824360123318445,0.33074573199659174,Western Carolina,East Tennessee State,4,4,-12,400988811,2018-02-17
35,1,9:55,1795,1795,Marcus Thomas made Free Throw.,13,18,-5,15,0.08714649185462793,0.3572442354307768,Western Carolina,East Tennessee State,4,4,-12,400988811,2018-02-17
36,1,9:40,1780,1780,Marc Gosselin Steal.,13,18,-5,3,0.08724570531857775,0.3563166608414944,Western Carolina,East Tennessee State,4,4,-12,400988811,2018-02-17
37,1,9:37,1777,1777,Jalan McCloud Defensive Rebound.,13,18,-5,47,0.08726565510628587,0.35613019075598473,Western Carolina,East Tennessee State,4,4,-12,400988811,2018-02-17
38,1,8:50,1730,1730,Mladen Armus Offensive Rebound.,15,20,-5,18,0.08757801377128287,0.353158481111124,Western Carolina,East Tennessee State,4,4,-12,400988811,2018-02-17
39,1,8:32,1712,1712,David Burrell Steal.,15,22,-7,24,0.07002995022806201,0.29850649917908106,Western Carolina,East Tennessee State,4,4,-12,400988811,2018-02-17
40,1,8:08,1688,1688,David Burrell Steal.,15,24,-9,117,0.05551244578226579,0.2476700031118941,Western Carolina,East Tennessee State,4,4,-12,400988811,2018-02-17
41,1,6:11,1571,1571,Deriece Parks Offensive Rebound.,15,31,-16,4,0.022857001200853034,0.11113493114117458,Western Carolina,East Tennessee State,4,4,-12,400988811,2018-02-17
42,1,6:07,1567,1567,Deriece Parks Offensive Rebound.,15,31,-16,22,0.022815809850415703,0.11078668708371248,Western Carolina,East Tennessee State,4,4,-12,400988811,2018-02-17
43,1,5:45,1545,1545,Mladen Armus Offensive Rebound.,17,31,-14,60,0.02917775882846717,0.13710286182535605,Western Carolina,East Tennessee State,4,4,-12,400988811,2018-02-17
44,1,4:45,1485,1485,Marcus Thomas Steal.,20,33,-13,2,0.03249362702384428,0.14752358644541985,Western Carolina,East Tennessee State,4,4,-12,400988811,2018-02-17
45,1,4:43,1483,1483,Desonta Bradford Defensive Rebound.,20,33,-13,7,0.032469569409051525,0.1473198666227158,Western Carolina,East Tennessee State,4,4,-12,400988811,2018-02-17
46,1,4:36,1476,1476,Desonta Bradford Offensive Rebound.,20,33,-13,3,0.03238370833642609,0.1466017988181881,Western Carolina,East Tennessee State,4,4,-12,400988811,2018-02-17
47,1,4:33,1473,1473,Desmond Johnson Defensive Rebound.,20,33,-13,72,0.03234609103562073,0.14629156577888955,Western Carolina,East Tennessee State,4,4,-12,400988811,2018-02-17
48,1,3:21,1401,1401,Desonta Bradford Defensive Rebound.,22,35,-13,16,0.031431774579671126,0.13888249280845263,Western Carolina,East Tennessee State,4,4,-12,400988811,2018-02-17
49,1,3:05,1385,1385,Bo Hodges made Free Throw.,22,38,-16,15,0.020678824009509312,0.09436620118519363,Western Carolina,East Tennessee State,4,4,-12,400988811,2018-02-17
50,1,2:50,1370,1370,Kanayo Obi-Rapu Defensive Rebound.,22,38,-16,9,0.020518061088235468,0.09311849507588031,Western Carolina,East Tennessee State,4,4,-12,400988811,2018-02-17
51,1,2:41,1361,1361,Western Carolina Defensive Rebound.,22,38,-16,14,0.020422850918354777,0.09237761407380755,Western Carolina,East Tennessee State,4,4,-12,400988811,2018-02-17
52,1,2:27,1347,1347,Desmond Johnson missed Free Throw.,22,38,-16,0,0.02027521063508402,0.09123124369809114,Western Carolina,East Tennessee State,4,4,-12,400988811,2018-02-17
53,1,2:27,1347,1347,David Burrell Defensive Rebound.,22,38,-16,18,0.02027521063508402,0.09123124369809114,Western Carolina,East Tennessee State,4,4,-12,400988811,2018-02-17
54,1,2:09,1329,1329,Marc Gosselin Steal.,22,38,-16,12,0.02008360071782364,0.08975825035416185,Western Carolina,East Tennessee State,4,4,-12,400988811,2018-02-17
55,1,1:57,1317,1317,Desonta Bradford Defensive Rebound.,22,38,-16,33,0.019953036910151104,0.08877039638352173,Western Carolina,East Tennessee State,4,4,-12,400988811,2018-02-17
56,1,1:24,1284,1284,Haboubacar Mutombo Offensive Rebound.,22,38,-16,38,0.01957269267658365,0.0859942291722842,Western Carolina,East Tennessee State,4,4,-12,400988811,2018-02-17
57,1,0:46,1246,1246,Mladen Armus Offensive Rebound.,22,38,-16,19,0.01907449758102827,0.0826129580178458,Western Carolina,East Tennessee State,4,4,-12,400988811,2018-02-17
58,1,0:27,1227,1227,Mladen Armus Offensive Rebound.,22,38,-16,27,0.01879265336249235,0.08081913083355131,Western Carolina,East Tennessee State,4,4,-12,400988811,2018-02-17
59,1,0:00,1200,1200,End of 1st half,22,40,-18,0,0.013548291653630844,0.05862720964835187,Western Carolina,East Tennessee State,4,4,-12,400988811,2018-02-17
60,2,20:00,1200,1200,PLAY,22,40,-18,37,0.013548291653630844,0.05862720964835187,Western Carolina,East Tennessee State,4,4,-12,400988811,2018-02-17
61,2,19:23,1163,1163,Jermaine Long Defensive Rebound.,25,43,-18,39,0.013050783608186508,0.055686458809196045,Western Carolina,East Tennessee State,4,4,-12,400988811,2018-02-17
62,2,18:44,1124,1124,Desonta Bradford Steal.,25,45,-20,6,0.009149176573347264,0.03889413118692842,Western Carolina,East Tennessee State,4,4,-12,400988811,2018-02-17
63,2,18:38,1118,1118,Mike Amius Block.,25,45,-20,0,0.009086904827878725,0.03853819949816425,Western Carolina,East Tennessee State,4,4,-12,400988811,2018-02-17
64,2,18:38,1118,1118,Devin Peterson Defensive Rebound.,25,45,-20,7,0.009086904827878725,0.03853819949816425,Western Carolina,East Tennessee State,4,4,-12,400988811,2018-02-17
65,2,18:31,1111,1111,Devontavius Payne Defensive Rebound.,25,45,-20,13,0.009014332251684893,0.03812499656475499,Western Carolina,East Tennessee State,4,4,-12,400988811,2018-02-17
66,2,18:18,1098,1098,East Tennessee State Offensive Rebound.,25,45,-20,13,0.008879290457589116,0.03736134155919213,Western Carolina,East Tennessee State,4,4,-12,400988811,2018-02-17
67,2,18:05,1085,1085,Devin Peterson Steal.,25,45,-20,54,0.008743140222023655,0.03659920784244592,Western Carolina,East Tennessee State,4,4,-12,400988811,2018-02-17
68,2,17:11,1031,1031,Peter Jurkin Block.,28,45,-17,0,0.01342805957461665,0.05411121837316154,Western Carolina,East Tennessee State,4,4,-12,400988811,2018-02-17
69,2,17:11,1031,1031,Devontavius Payne Defensive Rebound.,28,45,-17,25,0.01342805957461665,0.05411121837316154,Western Carolina,East Tennessee State,4,4,-12,400988811,2018-02-17
70,2,16:46,1006,1006,Devontavius Payne Defensive Rebound.,28,48,-20,32,0.007847312410555349,0.03181485734040004,Western Carolina,East Tennessee State,4,4,-12,400988811,2018-02-17
71,2,16:14,974,974,Mike Amius missed Free Throw.,30,51,-21,0,0.006250124319942204,0.025090388579071855,Western Carolina,East Tennessee State,4,4,-12,400988811,2018-02-17
72,2,16:14,974,974,Peter Jurkin Defensive Rebound.,30,51,-21,15,0.006250124319942204,0.025090388579071855,Western Carolina,East Tennessee State,4,4,-12,400988811,2018-02-17
73,2,15:59,959,959,David Burrell Offensive Rebound.,30,51,-21,47,0.006071955315392755,0.024218681271946048,Western Carolina,East Tennessee State,4,4,-12,400988811,2018-02-17
74,2,15:12,912,912,Mike Amius Steal.,30,51,-21,59,0.005621838421193509,0.0220081695629769,Western Carolina,East Tennessee State,4,4,-12,400988811,2018-02-17
75,2,14:13,853,853,Marc Gosselin Defensive Rebound.,32,51,-19,30,0.007469323909116454,0.028422557726963584,Western Carolina,East Tennessee State,4,4,-12,400988811,2018-02-17
76,2,13:43,823,823,Matt Halvorsen made Free Throw.,33,51,-18,0,0.00863838349686079,0.0323791051545908,Western Carolina,East Tennessee State,4,4,-12,400988811,2018-02-17
77,2,13:43,823,823,Matt Halvorsen made Free Throw.,34,51,-17,0,0.010414124832273093,0.038843866838964854,Western Carolina,East Tennessee State,4,4,-12,400988811,2018-02-17
78,2,13:43,823,823,Matt Halvorsen made Free Throw.,35,51,-16,24,0.012550273669062742,0.046537295000029504,Western Carolina,East Tennessee State,4,4,-12,400988811,2018-02-17
79,2,13:19,799,799,Desonta Bradford made Free Throw.,35,52,-17,0,0.010072263691477212,0.037235585010019744,Western Carolina,East Tennessee State,4,4,-12,400988811,2018-02-17
80,2,13:19,799,799,Desonta Bradford made Free Throw.,35,53,-18,19,0.008332927703567708,0.03095219690442348,Western Carolina,East Tennessee State,4,4,-12,400988811,2018-02-17
81,2,13:00,780,780,Desonta Bradford Steal.,35,53,-18,3,0.008063929311427671,0.02972655461224843,Western Carolina,East Tennessee State,4,4,-12,400988811,2018-02-17
82,2,12:57,777,777,Mike Amius Block.,35,53,-18,0,0.008018947308751892,0.029524124268374273,Western Carolina,East Tennessee State,4,4,-12,400988811,2018-02-17
83,2,12:57,777,777,East Tennessee State Offensive Rebound.,35,53,-18,1,0.008018947308751892,0.029524124268374273,Western Carolina,East Tennessee State,4,4,-12,400988811,2018-02-17
84,2,12:56,776,776,Bo Hodges missed Free Throw.,35,53,-18,0,0.008003793385828843,0.029456080024548775,Western Carolina,East Tennessee State,4,4,-12,400988811,2018-02-17
85,2,12:56,776,776,East Tennessee State Deadball Team Rebound.,35,53,-18,0,0.008003793385828843,0.029456080024548775,Western Carolina,East Tennessee State,4,4,-12,400988811,2018-02-17
86,2,12:56,776,776,Bo Hodges made Free Throw.,35,54,-19,15,0.0066006283538334685,0.0243845074757926,Western Carolina,East Tennessee State,4,4,-12,400988811,2018-02-17
87,2,12:41,761,761,Mladen Armus Steal.,35,54,-19,11,0.006391448399815534,0.023458232944345778,Western Carolina,East Tennessee State,4,4,-12,400988811,2018-02-17
88,2,12:30,750,750,Mike Amius Defensive Rebound.,35,54,-19,7,0.006227649494154468,0.022742618220036877,Western Carolina,East Tennessee State,4,4,-12,400988811,2018-02-17
89,2,12:23,743,743,Devin Peterson made Free Throw.,36,54,-18,0,0.007456259109018247,0.027043309315085463,Western Carolina,East Tennessee State,4,4,-12,400988811,2018-02-17
90,2,12:23,743,743,Devin Peterson made Free Throw.,37,54,-17,24,0.009083530907295396,0.03280402413481557,Western Carolina,East Tennessee State,4,4,-12,400988811,2018-02-17
91,2,11:59,719,719,Deriece Parks Steal.,37,54,-17,1,0.008582682937586805,0.03064088695749722,Western Carolina,East Tennessee State,4,4,-12,400988811,2018-02-17
92,2,11:58,718,718,Deriece Parks made Free Throw.,38,54,-16,0,0.010474403174891352,0.037192418989247134,Western Carolina,East Tennessee State,4,4,-12,400988811,2018-02-17
93,2,11:58,718,718,Deriece Parks made Free Throw.,39,54,-15,49,0.012806264328058923,0.0452006675175393,Western Carolina,East Tennessee State,4,4,-12,400988811,2018-02-17
94,2,11:09,669,669,Peter Jurkin Defensive Rebound.,39,54,-15,30,0.011827471418878126,0.04082906133841203,Western Carolina,East Tennessee State,4,4,-12,400988811,2018-02-17
95,2,10:39,639,639,Devontavius Payne Defensive Rebound.,39,56,-17,59,0.007394180461022138,0.025417403313922296,Western Carolina,East Tennessee State,4,4,-12,400988811,2018-02-17
96,2,9:40,580,580,Matt Halvorsen Defensive Rebound.,41,58,-17,9,0.0064569224722922265,0.02151949446736065,Western Carolina,East Tennessee State,4,4,-12,400988811,2018-02-17
97,2,9:31,571,571,Jalan McCloud Defensive Rebound.,41,58,-17,9,0.006279912930173167,0.020819219650495744,Western Carolina,East Tennessee State,4,4,-12,400988811,2018-02-17
98,2,9:22,562,562,Marc Gosselin Defensive Rebound.,41,58,-17,50,0.006091868951184538,0.020085247498909588,Western Carolina,East Tennessee State,4,4,-12,400988811,2018-02-17
99,2,8:32,512,512,Maurice Smith Block.,44,58,-14,0,0.010552424158818999,0.03330727627973835,Western Carolina,East Tennessee State,4,4,-12,400988811,2018-02-17
100,2,8:32,512,512,East Tennessee State Offensive Rebound.,44,58,-14,1,0.010552424158818999,0.03330727627973835,Western Carolina,East Tennessee State,4,4,-12,400988811,2018-02-17
101,2,8:31,511,511,Maurice Smith Defensive Rebound.,44,58,-14,26,0.010530077893273723,0.03321697395435315,Western Carolina,East Tennessee State,4,4,-12,400988811,2018-02-17
102,2,8:05,485,485,Peter Jurkin Defensive Rebound.,44,58,-14,20,0.009958216432710745,0.03092312924275324,Western Carolina,East Tennessee State,4,4,-12,400988811,2018-02-17
103,2,7:45,465,465,Bo Hodges made Free Throw.,44,59,-15,0,0.0073782473812959775,0.022719049071706757,Western Carolina,East Tennessee State,4,4,-12,400988811,2018-02-17
104,2,7:45,465,465,Bo Hodges made Free Throw.,44,60,-16,15,0.0057511659000640085,0.017769512253500153,Western Carolina,East Tennessee State,4,4,-12,400988811,2018-02-17
105,2,7:30,450,450,Jermaine Long Defensive Rebound.,44,60,-16,6,0.005430992967801637,0.01660193340223531,Western Carolina,East Tennessee State,4,4,-12,400988811,2018-02-17
106,2,7:24,444,444,Mike Amius Defensive Rebound.,44,60,-16,7,0.0052877169057651665,0.0160911714326198,Western Carolina,East Tennessee State,4,4,-12,400988811,2018-02-17
107,2,7:17,437,437,Mladen Armus Defensive Rebound.,44,60,-16,31,0.005108646723825763,0.015461461912555288,Western Carolina,East Tennessee State,4,4,-12,400988811,2018-02-17
108,2,6:46,406,406,Bo Hodges Steal.,44,60,-16,18,0.004334444865820531,0.012769991415977261,Western Carolina,East Tennessee State,4,4,-12,400988811,2018-02-17
109,2,6:28,388,388,Mike Amius Defensive Rebound.,44,60,-16,7,0.0039755982680679805,0.011511746313389642,Western Carolina,East Tennessee State,4,4,-12,400988811,2018-02-17
110,2,6:21,381,381,Marcus Thomas made Free Throw.,47,60,-13,29,0.008879630806571717,0.02529188308329818,Western Carolina,East Tennessee State,4,4,-12,400988811,2018-02-17
111,2,5:52,352,352,Bo Hodges Steal.,47,62,-15,25,0.004389405878384655,0.012213906586350848,Western Carolina,East Tennessee State,4,4,-12,400988811,2018-02-17
112,2,5:27,327,327,Mladen Armus Offensive Rebound.,47,62,-15,6,0.0037090705432669714,0.010033210940293897,Western Carolina,East Tennessee State,4,4,-12,400988811,2018-02-17
113,2,5:21,321,321,Marcus Thomas Steal.,47,62,-15,6,0.003531615384747517,0.009486046115312249,Western Carolina,East Tennessee State,4,4,-12,400988811,2018-02-17
114,2,5:15,315,315,Mladen Armus Defensive Rebound.,47,62,-15,21,0.00334920998856089,0.008931936694377309,Western Carolina,East Tennessee State,4,4,-12,400988811,2018-02-17
115,2,4:54,294,294,Bo Hodges Steal.,47,64,-17,59,0.0015391996239099612,0.004009674966362471,Western Carolina,East Tennessee State,4,4,-12,400988811,2018-02-17
116,2,3:55,235,235,Desonta Bradford Defensive Rebound.,50,64,-14,88,0.0050520668875645176,0.012139928528500614,Western Carolina,East Tennessee State,4,4,-12,400988811,2018-02-17
117,2,2:27,147,147,Mladen Armus Defensive Rebound.,53,69,-16,16,3.4668777549988136e-4,7.257168654206455e-4,Western Carolina,East Tennessee State,4,4,-12,400988811,2018-02-17
118,2,2:11,131,131,Desmond Johnson Defensive Rebound.,53,69,-16,18,1.754515360693941e-4,3.5638857360828247e-4,Western Carolina,East Tennessee State,4,4,-12,400988811,2018-02-17
119,2,1:53,113,113,Matt Halvorsen made Free Throw.,54,69,-15,0,1.224919505168173e-4,2.401264320177177e-4,Western Carolina,East Tennessee State,4,4,-12,400988811,2018-02-17
120,2,1:53,113,113,Matt Halvorsen made Free Throw.,55,69,-14,21,2.134838740455385e-4,4.184653851801229e-4,Western Carolina,East Tennessee State,4,4,-12,400988811,2018-02-17
121,2,1:32,92,92,Jalan McCloud Offensive Rebound.,55,69,-14,34,6.74466343580376e-5,1.2655183318669846e-4,Western Carolina,East Tennessee State,4,4,-12,400988811,2018-02-17
122,2,0:58,58,58,Marc Gosselin Steal.,57,72,-15,16,3.156748604548537e-6,5.491858052947216e-6,Western Carolina,East Tennessee State,4,4,-12,400988811,2018-02-17
123,2,0:42,42,42,Marcus Thomas missed Free Throw.,59,72,-13,0,5.086890883555219e-6,8.522509457625389e-6,Western Carolina,East Tennessee State,4,4,-12,400988811,2018-02-17
124,2,0:42,42,42,David Burrell Defensive Rebound.,59,72,-13,25,5.086890883555219e-6,8.522509457625389e-6,Western Carolina,East Tennessee State,4,4,-12,400988811,2018-02-17
125,2,0:17,17,17,Marc Gosselin Steal.,59,72,-13,5,6.963761734279289e-7,1.0969416768751869e-6,Western Carolina,East Tennessee State,4,4,-12,400988811,2018-02-17
126,2,0:12,12,12,Adam Sledd Offensive Rebound.,59,72,-13,12,4.5134364855594517e-7,7.019359968727753e-7,Western Carolina,East Tennessee State,4,4,-12,400988811,2018-02-17
127,2,0:00,0,0,End of 2nd half,61,72,-11,0,1.887370805265785e-96,2.852423339163565e-96,Western Carolina,East Tennessee State,4,4,-12,400988811,2018-02-17
128,2,0:00,0,0,End of Game,61,72,-11,0,1.887370805265785e-96,2.852423339163565e-96,Western Carolina,East Tennessee State,4,4,-12,400988811,2018-02-17
