play_id,half,time_remaining_half,secs_remaining,secs_remaining_absolute,description,home_score,away_score,score_diff,play_length,win_prob,naive_win_prob,home,away,home_time_out_remaining,away_time_out_remaining,home_favored_by,game_id,date
1,1,20:00,2400,2400,PLAY,0,0,0,32,0.5,0.5,Wyoming,San José St,4,4,NA,400991808,2018-02-17
2,1,19:28,2368,2368,Hunter Maldonado Steal.,3,0,3,23,0.5668324395351468,0.5668324395351468,Wyoming,San José St,4,4,NA,400991808,2018-02-17
3,1,19:05,2345,2345,Oumar Barry Defensive Rebound.,3,2,1,14,0.5226459033254919,0.5226459033254919,Wyoming,San José St,4,4,NA,400991808,2018-02-17
4,1,18:51,2331,2331,Justin James Steal.,3,2,1,22,0.5227993357199084,0.5227993357199084,Wyoming,San José St,4,4,NA,400991808,2018-02-17
5,1,18:29,2309,2309,Keith Fisher III made Free Throw.,5,3,2,0,0.5459879404978363,0.5459879404978363,Wyoming,San José St,4,4,NA,400991808,2018-02-17
6,1,18:29,2309,2309,Keith Fisher III made Free Throw.,5,4,1,19,0.5230428067692577,0.5230428067692577,Wyoming,San José St,4,4,NA,400991808,2018-02-17
7,1,18:10,2290,2290,San José State Defensive Rebound.,5,4,1,20,0.5232552132690224,0.5232552132690224,Wyoming,San José St,4,4,NA,400991808,2018-02-17
8,1,17:50,2270,2270,Jaycee Hillsman Offensive Rebound.,5,4,1,52,0.5234807289117777,0.5234807289117777,Wyoming,San José St,4,4,NA,400991808,2018-02-17
9,1,16:58,2218,2218,Ryan Welage Defensive Rebound.,5,9,-4,45,0.40480213919801716,0.40480213919801716,Wyoming,San José St,4,4,NA,400991808,2018-02-17
10,1,16:13,2173,2173,Wyoming Defensive Rebound.,8,11,-3,21,0.4266853557057925,0.4266853557057925,Wyoming,San José St,4,4,NA,400991808,2018-02-17
11,1,15:52,2152,2152,Jaycee Hillsman Defensive Rebound.,8,11,-3,38,0.4259648273179891,0.4259648273179891,Wyoming,San José St,4,4,NA,400991808,2018-02-17
12,1,15:14,2114,2114,Hayden Dalton Defensive Rebound.,11,11,0,50,0.5,0.5,Wyoming,San José St,4,4,NA,400991808,2018-02-17
13,1,14:24,2064,2064,Keith Fisher III Defensive Rebound.,14,13,1,30,0.525888030926191,0.525888030926191,Wyoming,San José St,4,4,NA,400991808,2018-02-17
14,1,13:54,2034,2034,Alan Herndon Steal.,14,13,1,3,0.5262542647017093,0.5262542647017093,Wyoming,San José St,4,4,NA,400991808,2018-02-17
15,1,13:51,2031,2031,Jalen James Steal.,14,13,1,13,0.5262911789886499,0.5262911789886499,Wyoming,San José St,4,4,NA,400991808,2018-02-17
16,1,13:38,2018,2018,Alexander Aka Gorski Defensive Rebound.,14,13,1,9,0.5264517792641368,0.5264517792641368,Wyoming,San José St,4,4,NA,400991808,2018-02-17
17,1,13:29,2009,2009,Jalen James Steal.,14,13,1,19,0.5265635857943932,0.5265635857943932,Wyoming,San José St,4,4,NA,400991808,2018-02-17
18,1,13:10,1990,1990,Noah Baumann Defensive Rebound.,14,15,-1,17,0.47319864580812543,0.47319864580812543,Wyoming,San José St,4,4,NA,400991808,2018-02-17
19,1,12:53,1973,1973,Hayden Dalton Defensive Rebound.,14,15,-1,44,0.47298383462851956,0.47298383462851956,Wyoming,San José St,4,4,NA,400991808,2018-02-17
20,1,12:09,1929,1929,Justin James Block.,17,15,2,2,0.5549963121365157,0.5549963121365157,Wyoming,San José St,4,4,NA,400991808,2018-02-17
21,1,12:07,1927,1927,Hayden Dalton Defensive Rebound.,17,15,2,10,0.555047878106275,0.555047878106275,Wyoming,San José St,4,4,NA,400991808,2018-02-17
22,1,11:57,1917,1917,Ryan Welage Steal.,17,15,2,36,0.5553054319630218,0.5553054319630218,Wyoming,San José St,4,4,NA,400991808,2018-02-17
23,1,11:21,1881,1881,Keith Fisher III Offensive Rebound.,17,17,0,8,0.5,0.5,Wyoming,San José St,4,4,NA,400991808,2018-02-17
24,1,11:13,1873,1873,Keith Fisher III Defensive Rebound.,17,19,-2,19,0.44356338365673664,0.44356338365673664,Wyoming,San José St,4,4,NA,400991808,2018-02-17
25,1,10:54,1854,1854,Jaycee Hillsman made Free Throw.,17,20,-3,0,0.41506997324697303,0.41506997324697303,Wyoming,San José St,4,4,NA,400991808,2018-02-17
26,1,10:54,1854,1854,Jaycee Hillsman made Free Throw.,17,21,-4,40,0.3876043442500068,0.3876043442500068,Wyoming,San José St,4,4,NA,400991808,2018-02-17
27,1,10:14,1814,1814,Justin James Defensive Rebound.,20,21,-1,8,0.47091907275289024,0.47091907275289024,Wyoming,San José St,4,4,NA,400991808,2018-02-17
28,1,10:06,1806,1806,Noah Baumann Defensive Rebound.,20,21,-1,29,0.47081302264638775,0.47081302264638775,Wyoming,San José St,4,4,NA,400991808,2018-02-17
29,1,9:37,1777,1777,Alan Herndon Block.,20,21,-1,1,0.47042455682899553,0.47042455682899553,Wyoming,San José St,4,4,NA,400991808,2018-02-17
30,1,9:36,1776,1776,Hayden Dalton Defensive Rebound.,20,21,-1,4,0.4704110339292821,0.4704110339292821,Wyoming,San José St,4,4,NA,400991808,2018-02-17
31,1,9:32,1772,1772,Noah Baumann Defensive Rebound.,20,21,-1,81,0.47035684852461485,0.47035684852461485,Wyoming,San José St,4,4,NA,400991808,2018-02-17
32,1,8:11,1691,1691,Jaycee Hillsman Defensive Rebound.,22,27,-5,52,0.35060375837752905,0.35060375837752905,Wyoming,San José St,4,4,NA,400991808,2018-02-17
33,1,7:19,1639,1639,Oumar Barry Offensive Rebound.,25,27,-2,6,0.4372189225889159,0.4372189225889159,Wyoming,San José St,4,4,NA,400991808,2018-02-17
34,1,7:13,1633,1633,Hayden Dalton Defensive Rebound.,25,27,-2,18,0.4370561928417913,0.4370561928417913,Wyoming,San José St,4,4,NA,400991808,2018-02-17
35,1,6:55,1615,1615,San José State Defensive Rebound.,25,27,-2,19,0.43657111896033335,0.43657111896033335,Wyoming,San José St,4,4,NA,400991808,2018-02-17
36,1,6:36,1596,1596,Alan Herndon Block.,25,27,-2,1,0.4360614313363722,0.4360614313363722,Wyoming,San José St,4,4,NA,400991808,2018-02-17
37,1,6:35,1595,1595,Cody Kelley Defensive Rebound.,25,27,-2,25,0.4360346033793481,0.4360346033793481,Wyoming,San José St,4,4,NA,400991808,2018-02-17
38,1,6:10,1570,1570,Alexander Aka Gorski Defensive Rebound.,27,27,0,36,0.5,0.5,Wyoming,San José St,4,4,NA,400991808,2018-02-17
39,1,5:34,1534,1534,Alan Herndon Defensive Rebound.,30,27,3,27,0.5977419026942405,0.5977419026942405,Wyoming,San José St,4,4,NA,400991808,2018-02-17
40,1,5:07,1507,1507,Hayden Dalton Steal.,33,27,6,61,0.6903117131745283,0.6903117131745283,Wyoming,San José St,4,4,NA,400991808,2018-02-17
41,1,4:06,1446,1446,Jaycee Hillsman Defensive Rebound.,38,29,9,27,0.7750794267154273,0.7750794267154273,Wyoming,San José St,4,4,NA,400991808,2018-02-17
42,1,3:39,1419,1419,Cody Kelley Defensive Rebound.,38,31,7,43,0.7260302538491947,0.7260302538491947,Wyoming,San José St,4,4,NA,400991808,2018-02-17
43,1,2:56,1376,1376,Jaycee Hillsman made Free Throw.,41,32,9,0,0.7819432889208501,0.7819432889208501,Wyoming,San José St,4,4,NA,400991808,2018-02-17
44,1,2:56,1376,1376,Jaycee Hillsman made Free Throw.,41,33,8,7,0.7567853277077223,0.7567853277077223,Wyoming,San José St,4,4,NA,400991808,2018-02-17
45,1,2:49,1369,1369,Jaycee Hillsman Defensive Rebound.,41,33,8,41,0.7574148688163177,0.7574148688163177,Wyoming,San José St,4,4,NA,400991808,2018-02-17
46,1,2:08,1328,1328,Ryan Welage Defensive Rebound.,41,35,6,16,0.7045580074394389,0.7045580074394389,Wyoming,San José St,4,4,NA,400991808,2018-02-17
47,1,1:52,1312,1312,Cody Kelley Defensive Rebound.,41,35,6,17,0.7058269979004397,0.7058269979004397,Wyoming,San José St,4,4,NA,400991808,2018-02-17
48,1,1:35,1295,1295,Keith Fisher III Defensive Rebound.,41,35,6,20,0.7072116971792989,0.7072116971792989,Wyoming,San José St,4,4,NA,400991808,2018-02-17
49,1,1:15,1275,1275,Wyoming Defensive Rebound.,41,35,6,38,0.7089042177293053,0.7089042177293053,Wyoming,San José St,4,4,NA,400991808,2018-02-17
50,1,0:37,1237,1237,Hayden Dalton made Free Throw.,44,35,9,0,0.795825558915152,0.795825558915152,Wyoming,San José St,4,4,NA,400991808,2018-02-17
51,1,0:37,1237,1237,Hayden Dalton made Free Throw.,45,35,10,10,0.8192924947470702,0.8192924947470702,Wyoming,San José St,4,4,NA,400991808,2018-02-17
52,1,0:27,1227,1227,Jaycee Hillsman made Free Throw.,45,36,9,0,0.7969903295939406,0.7969903295939406,Wyoming,San José St,4,4,NA,400991808,2018-02-17
53,1,0:27,1227,1227,Jaycee Hillsman made Free Throw.,45,37,8,20,0.7712944086095475,0.7712944086095475,Wyoming,San José St,4,4,NA,400991808,2018-02-17
54,1,0:07,1207,1207,Isaiah Nichols Defensive Rebound.,45,37,8,7,0.7736570730396609,0.7736570730396609,Wyoming,San José St,4,4,NA,400991808,2018-02-17
55,1,0:00,1200,1200,End of 1st half,45,37,8,0,0.774489981219977,0.774489981219977,Wyoming,San José St,4,4,NA,400991808,2018-02-17
56,2,20:00,1200,1200,PLAY,45,37,8,9,0.774489981219977,0.774489981219977,Wyoming,San José St,4,4,NA,400991808,2018-02-17
57,2,19:51,1191,1191,Hunter Maldonado Defensive Rebound.,45,37,8,8,0.7755410106070788,0.7755410106070788,Wyoming,San José St,4,4,NA,400991808,2018-02-17
58,2,19:43,1183,1183,Isaiah Nichols Defensive Rebound.,45,37,8,45,0.7764587106640369,0.7764587106640369,Wyoming,San José St,4,4,NA,400991808,2018-02-17
59,2,18:58,1138,1138,Alan Herndon Block.,47,37,10,2,0.8309687076719273,0.8309687076719273,Wyoming,San José St,4,4,NA,400991808,2018-02-17
60,2,18:56,1136,1136,Hayden Dalton Defensive Rebound.,47,37,10,7,0.8311912976279313,0.8311912976279313,Wyoming,San José St,4,4,NA,400991808,2018-02-17
61,2,18:49,1129,1129,Jaycee Hillsman Defensive Rebound.,47,37,10,12,0.831969026373415,0.831969026373415,Wyoming,San José St,4,4,NA,400991808,2018-02-17
62,2,18:37,1117,1117,Hunter Maldonado Defensive Rebound.,47,37,10,41,0.8333004570945299,0.8333004570945299,Wyoming,San José St,4,4,NA,400991808,2018-02-17
63,2,17:56,1076,1076,Ryan Welage missed Free Throw.,49,37,12,0,0.8777533471092421,0.8777533471092421,Wyoming,San José St,4,4,NA,400991808,2018-02-17
64,2,17:56,1076,1076,Wyoming Deadball Team Rebound.,49,37,12,0,0.8777533471092421,0.8777533471092421,Wyoming,San José St,4,4,NA,400991808,2018-02-17
65,2,17:56,1076,1076,Ryan Welage made Free Throw.,49,38,11,18,0.8590046962824391,0.8590046962824391,Wyoming,San José St,4,4,NA,400991808,2018-02-17
66,2,17:38,1058,1058,Justin James made Free Throw.,50,38,12,0,0.8797394355615074,0.8797394355615074,Wyoming,San José St,4,4,NA,400991808,2018-02-17
67,2,17:38,1058,1058,Justin James made Free Throw.,51,38,13,25,0.8962090970218064,0.8962090970218064,Wyoming,San José St,4,4,NA,400991808,2018-02-17
68,2,17:13,1033,1033,Wyoming Offensive Rebound.,51,38,13,24,0.8989328606531349,0.8989328606531349,Wyoming,San José St,4,4,NA,400991808,2018-02-17
69,2,16:49,1009,1009,Alan Herndon missed Free Throw.,53,38,15,0,0.9280420447971206,0.9280420447971206,Wyoming,San José St,4,4,NA,400991808,2018-02-17
70,2,16:49,1009,1009,Keith Fisher III Defensive Rebound.,53,38,15,52,0.9280420447971206,0.9280420447971206,Wyoming,San José St,4,4,NA,400991808,2018-02-17
71,2,15:57,957,957,Hayden Dalton Offensive Rebound.,56,40,16,26,0.9437265096067842,0.9437265096067842,Wyoming,San José St,4,4,NA,400991808,2018-02-17
72,2,15:31,931,931,Alan Herndon Defensive Rebound.,59,40,19,13,0.9676736519607405,0.9676736519607405,Wyoming,San José St,4,4,NA,400991808,2018-02-17
73,2,15:18,918,918,Caleb Simmons Steal.,59,40,19,45,0.9683948492367678,0.9683948492367678,Wyoming,San José St,4,4,NA,400991808,2018-02-17
74,2,14:33,873,873,Ryan Welage Defensive Rebound.,59,42,17,38,0.9581051775091988,0.9581051775091988,Wyoming,San José St,4,4,NA,400991808,2018-02-17
75,2,13:55,835,835,Alan Herndon made Free Throw.,62,44,18,49,0.9669470196333361,0.9669470196333361,Wyoming,San José St,4,4,NA,400991808,2018-02-17
76,2,13:06,786,786,Keith Fisher III made Free Throw.,64,47,17,0,0.9637002272445375,0.9637002272445375,Wyoming,San José St,4,4,NA,400991808,2018-02-17
77,2,13:06,786,786,Keith Fisher III made Free Throw.,64,48,16,23,0.9563152388425108,0.9563152388425108,Wyoming,San José St,4,4,NA,400991808,2018-02-17
78,2,12:43,763,763,Keith Fisher III Defensive Rebound.,64,48,16,22,0.958329202276257,0.958329202276257,Wyoming,San José St,4,4,NA,400991808,2018-02-17
79,2,12:21,741,741,Keith Fisher III Offensive Rebound.,64,51,13,4,0.9303430352109371,0.9303430352109371,Wyoming,San José St,4,4,NA,400991808,2018-02-17
80,2,12:17,737,737,Keith Fisher III Offensive Rebound.,64,51,13,4,0.9309124070084507,0.9309124070084507,Wyoming,San José St,4,4,NA,400991808,2018-02-17
81,2,12:13,733,733,Alan Herndon Defensive Rebound.,64,51,13,23,0.9314929609614158,0.9314929609614158,Wyoming,San José St,4,4,NA,400991808,2018-02-17
82,2,11:50,710,710,Justin James Steal.,64,51,13,16,0.9346444254397206,0.9346444254397206,Wyoming,San José St,4,4,NA,400991808,2018-02-17
83,2,11:34,694,694,Wyoming Offensive Rebound.,64,51,13,30,0.9365102081912814,0.9365102081912814,Wyoming,San José St,4,4,NA,400991808,2018-02-17
84,2,11:04,664,664,Hayden Dalton Defensive Rebound.,66,51,15,19,0.9595606568044394,0.9595606568044394,Wyoming,San José St,4,4,NA,400991808,2018-02-17
85,2,10:45,645,645,Andrew Moemeka Defensive Rebound.,66,51,15,17,0.9610243635603325,0.9610243635603325,Wyoming,San José St,4,4,NA,400991808,2018-02-17
86,2,10:28,628,628,San José State Defensive Rebound.,66,51,15,3,0.9623604465661736,0.9623604465661736,Wyoming,San José St,4,4,NA,400991808,2018-02-17
87,2,10:25,625,625,Keith Fisher III made Free Throw.,66,52,14,0,0.9539777249031753,0.9539777249031753,Wyoming,San José St,4,4,NA,400991808,2018-02-17
88,2,10:25,625,625,Keith Fisher III made Free Throw.,66,53,13,15,0.9434798624662093,0.9434798624662093,Wyoming,San José St,4,4,NA,400991808,2018-02-17
89,2,10:10,610,610,Andrew Moemeka Offensive Rebound.,66,53,13,4,0.9451000184268227,0.9451000184268227,Wyoming,San José St,4,4,NA,400991808,2018-02-17
90,2,10:06,606,606,Ryan Welage Defensive Rebound.,66,53,13,25,0.9455532035551606,0.9455532035551606,Wyoming,San José St,4,4,NA,400991808,2018-02-17
91,2,9:41,581,581,Alexander Aka Gorski Steal.,66,53,13,0,0.9486398937058911,0.9486398937058911,Wyoming,San José St,4,4,NA,400991808,2018-02-17
92,2,9:41,581,581,Alexander Aka Gorski made Free Throw.,67,53,14,0,0.9585322868590771,0.9585322868590771,Wyoming,San José St,4,4,NA,400991808,2018-02-17
93,2,9:41,581,581,Alexander Aka Gorski made Free Throw.,68,53,15,41,0.9665864326890734,0.9665864326890734,Wyoming,San José St,4,4,NA,400991808,2018-02-17
94,2,9:00,540,540,Keith Fisher III Offensive Rebound.,71,55,16,1,0.9770513089177694,0.9770513089177694,Wyoming,San José St,4,4,NA,400991808,2018-02-17
95,2,8:59,539,539,Keith Fisher III missed Free Throw.,71,57,14,0,0.9639386094697183,0.9639386094697183,Wyoming,San José St,4,4,NA,400991808,2018-02-17
96,2,8:59,539,539,Hayden Dalton Defensive Rebound.,71,57,14,9,0.9639386094697183,0.9639386094697183,Wyoming,San José St,4,4,NA,400991808,2018-02-17
97,2,8:50,530,530,Nyaires Redding missed Free Throw.,71,57,14,0,0.9649461970408653,0.9649461970408653,Wyoming,San José St,4,4,NA,400991808,2018-02-17
98,2,8:50,530,530,Jaycee Hillsman Defensive Rebound.,71,57,14,41,0.9649461970408653,0.9649461970408653,Wyoming,San José St,4,4,NA,400991808,2018-02-17
99,2,8:09,489,489,Jaycee Hillsman Steal.,71,59,12,73,0.9499104933244419,0.9499104933244419,Wyoming,San José St,4,4,NA,400991808,2018-02-17
100,2,6:56,416,416,Keith Fisher III Defensive Rebound.,73,64,9,11,0.9177359364493815,0.9177359364493815,Wyoming,San José St,4,4,NA,400991808,2018-02-17
101,2,6:45,405,405,Hunter Maldonado Defensive Rebound.,73,64,9,14,0.9204842755585135,0.9204842755585135,Wyoming,San José St,4,4,NA,400991808,2018-02-17
102,2,6:31,391,391,Alan Herndon made Free Throw.,74,64,10,0,0.9411455664086871,0.9411455664086871,Wyoming,San José St,4,4,NA,400991808,2018-02-17
103,2,6:31,391,391,Alan Herndon made Free Throw.,75,64,11,12,0.9547494324137259,0.9547494324137259,Wyoming,San José St,4,4,NA,400991808,2018-02-17
104,2,6:19,379,379,Hayden Dalton Defensive Rebound.,75,64,11,55,0.9568167656349387,0.9568167656349387,Wyoming,San José St,4,4,NA,400991808,2018-02-17
105,2,5:24,324,324,Andrew Moemeka made Free Throw.,79,66,13,0,0.982078085780935,0.982078085780935,Wyoming,San José St,4,4,NA,400991808,2018-02-17
106,2,5:24,324,324,Andrew Moemeka made Free Throw.,80,66,14,42,0.9867656834744052,0.9867656834744052,Wyoming,San José St,4,4,NA,400991808,2018-02-17
107,2,4:42,282,282,Jaycee Hillsman Defensive Rebound.,80,68,12,11,0.9800312743580846,0.9800312743580846,Wyoming,San José St,4,4,NA,400991808,2018-02-17
108,2,4:31,271,271,Ryan Welage Offensive Rebound.,80,68,12,2,0.9794824340960252,0.9794824340960252,Wyoming,San José St,4,4,NA,400991808,2018-02-17
109,2,4:29,269,269,Ryan Welage made Free Throw.,80,69,11,0,0.9717342896965258,0.9717342896965258,Wyoming,San José St,4,4,NA,400991808,2018-02-17
110,2,4:29,269,269,Ryan Welage missed Free Throw.,80,69,11,0,0.9717342896965258,0.9717342896965258,Wyoming,San José St,4,4,NA,400991808,2018-02-17
111,2,4:29,269,269,Justin James Defensive Rebound.,80,69,11,24,0.9717342896965258,0.9717342896965258,Wyoming,San José St,4,4,NA,400991808,2018-02-17
112,2,4:05,245,245,Caleb Simmons Defensive Rebound.,80,69,11,13,0.9696772265174074,0.9696772265174074,Wyoming,San José St,4,4,NA,400991808,2018-02-17
113,2,3:52,232,232,Cody Kelley Defensive Rebound.,80,69,11,25,0.9694889378270527,0.9694889378270527,Wyoming,San José St,4,4,NA,400991808,2018-02-17
114,2,3:27,207,207,Alan Herndon Offensive Rebound.,80,69,11,28,0.9736698455570211,0.9736698455570211,Wyoming,San José St,4,4,NA,400991808,2018-02-17
115,2,2:59,179,179,Jaycee Hillsman Defensive Rebound.,80,69,11,64,0.9845809380462092,0.9845809380462092,Wyoming,San José St,4,4,NA,400991808,2018-02-17
116,2,1:55,115,115,Jaycee Hillsman Offensive Rebound.,82,71,11,28,0.9976067949730578,0.9976067949730578,Wyoming,San José St,4,4,NA,400991808,2018-02-17
117,2,1:27,87,87,Hayden Dalton made Free Throw.,83,71,12,0,0.9996514181917874,0.9996514181917874,Wyoming,San José St,4,4,NA,400991808,2018-02-17
118,2,1:27,87,87,Hayden Dalton made Free Throw.,84,71,13,68,0.9998204235093353,0.9998204235093353,Wyoming,San José St,4,4,NA,400991808,2018-02-17
119,2,0:19,19,19,Alan Herndon Defensive Rebound.,89,75,14,19,0.9999995394053394,0.9999995394053394,Wyoming,San José St,4,4,NA,400991808,2018-02-17
120,2,0:00,0,0,End of Game,89,75,14,0,1,1,Wyoming,San José St,4,4,NA,400991808,2018-02-17
