play_id,half,time_remaining_half,secs_remaining,secs_remaining_absolute,description,home_score,away_score,score_diff,play_length,win_prob,naive_win_prob,home,away,home_time_out_remaining,away_time_out_remaining,home_favored_by,game_id,date
1,1,20:00,2400,2400,PLAY,0,0,0,20,0.5519519044985438,0.5,UT Martin,Eastern Illinois,4,4,1.3,400991036,2018-02-17
2,1,19:40,2380,2380,Dominique Williams Block.,0,0,0,3,0.5518483477757045,0.5,UT Martin,Eastern Illinois,4,4,1.3,400991036,2018-02-17
3,1,19:37,2377,2377,Fatodd Lewis Defensive Rebound.,0,0,0,30,0.5518325997592884,0.5,UT Martin,Eastern Illinois,4,4,1.3,400991036,2018-02-17
4,1,19:07,2347,2347,Fatodd Lewis Defensive Rebound.,3,0,3,41,0.6175360275064805,0.5675039540011753,UT Martin,Eastern Illinois,4,4,1.3,400991036,2018-02-17
5,1,18:26,2306,2306,Dominique Williams Defensive Rebound.,5,0,5,52,0.6611346179476991,0.6134535425482673,UT Martin,Eastern Illinois,4,4,1.3,400991036,2018-02-17
6,1,17:34,2254,2254,Ray Crossland Defensive Rebound.,8,3,5,8,0.6634846042898354,0.6162360237068002,UT Martin,Eastern Illinois,4,4,1.3,400991036,2018-02-17
7,1,17:26,2246,2246,Fatodd Lewis Block.,8,3,5,4,0.6638486067961864,0.6166684536086381,UT Martin,Eastern Illinois,4,4,1.3,400991036,2018-02-17
8,1,17:22,2242,2242,Lucas Jones Offensive Rebound.,8,3,5,27,0.6640307887425059,0.6168850380572362,UT Martin,Eastern Illinois,4,4,1.3,400991036,2018-02-17
9,1,16:55,2215,2215,Lucas Jones Defensive Rebound.,8,5,3,24,0.6210040956165493,0.5718828628036017,UT Martin,Eastern Illinois,4,4,1.3,400991036,2018-02-17
10,1,16:31,2191,2191,Terrence Parker Defensive Rebound.,8,5,3,15,0.6216411402801296,0.5726996284685788,UT Martin,Eastern Illinois,4,4,1.3,400991036,2018-02-17
11,1,16:16,2176,2176,Montell Goodwin Defensive Rebound.,8,5,3,38,0.6220389207390356,0.5732120191781188,UT Martin,Eastern Illinois,4,4,1.3,400991036,2018-02-17
12,1,15:38,2138,2138,Fatodd Lewis missed Free Throw.,8,8,0,0,0.5503764075785731,0.5,UT Martin,Eastern Illinois,4,4,1.3,400991036,2018-02-17
13,1,15:38,2138,2138,UT Martin Deadball Team Rebound.,8,8,0,0,0.5503764075785731,0.5,UT Martin,Eastern Illinois,4,4,1.3,400991036,2018-02-17
14,1,15:38,2138,2138,Fatodd Lewis made Free Throw.,9,8,1,29,0.5750034229257922,0.5250049301600552,UT Martin,Eastern Illinois,4,4,1.3,400991036,2018-02-17
15,1,15:09,2109,2109,Terrence Parker Steal.,9,8,1,9,0.5751362739007587,0.5253478500729736,UT Martin,Eastern Illinois,4,4,1.3,400991036,2018-02-17
16,1,15:00,2100,2100,Eastern Illinois Defensive Rebound.,9,8,1,14,0.5751770637197371,0.5254550666804201,UT Martin,Eastern Illinois,4,4,1.3,400991036,2018-02-17
17,1,14:46,2086,2086,Matthew Butler Steal.,9,8,1,3,0.5752401660556492,0.5256226424492955,UT Martin,Eastern Illinois,4,4,1.3,400991036,2018-02-17
18,1,14:43,2083,2083,Matthew Butler made Free Throw.,10,8,2,0,0.6001388827886028,0.5511825743958096,UT Martin,Eastern Illinois,4,4,1.3,400991036,2018-02-17
19,1,14:43,2083,2083,Matthew Butler made Free Throw.,11,8,3,55,0.6245178039643788,0.5764397093659679,UT Martin,Eastern Illinois,4,4,1.3,400991036,2018-02-17
20,1,13:48,2028,2028,Ray Crossland Steal.,11,10,1,20,0.5754983948621288,0.5263281480078289,UT Martin,Eastern Illinois,4,4,1.3,400991036,2018-02-17
21,1,13:28,2008,2008,Darius Thompson Defensive Rebound.,11,10,1,34,0.5755868074784349,0.5265760407951462,UT Martin,Eastern Illinois,4,4,1.3,400991036,2018-02-17
22,1,12:54,1974,1974,Fatodd Lewis Steal.,13,10,3,24,0.6275069344186741,0.5803857876251461,UT Martin,Eastern Illinois,4,4,1.3,400991036,2018-02-17
23,1,12:30,1950,1950,Muusa Dama Block.,13,10,3,1,0.628183696439329,0.5812841552338529,UT Martin,Eastern Illinois,4,4,1.3,400991036,2018-02-17
24,1,12:29,1949,1949,Terrence Parker Offensive Rebound.,13,10,3,2,0.6282120702623226,0.5813218452620726,UT Martin,Eastern Illinois,4,4,1.3,400991036,2018-02-17
25,1,12:27,1947,1947,D'Angelo Jackson Defensive Rebound.,13,10,3,7,0.6282688614343354,0.5813972885459624,UT Martin,Eastern Illinois,4,4,1.3,400991036,2018-02-17
26,1,12:20,1940,1940,DeVantae' Price made Free Throw.,13,13,0,147,0.5488562818410092,0.5,UT Martin,Eastern Illinois,4,4,1.3,400991036,2018-02-17
27,1,9:53,1793,1793,Jajuan Starks Defensive Rebound.,20,18,2,19,0.6048992190615932,0.5585187786108389,UT Martin,Eastern Illinois,4,4,1.3,400991036,2018-02-17
28,1,9:34,1774,1774,Jailen Gill Defensive Rebound.,20,18,2,42,0.6052160202013149,0.5590249941065785,UT Martin,Eastern Illinois,4,4,1.3,400991036,2018-02-17
29,1,8:52,1732,1732,Jailen Gill Block.,20,18,2,1,0.6059340223190223,0.5601691438199504,UT Martin,Eastern Illinois,4,4,1.3,400991036,2018-02-17
30,1,8:51,1731,1731,D'Angelo Jackson Offensive Rebound.,20,18,2,24,0.605951490186326,0.560196875360673,UT Martin,Eastern Illinois,4,4,1.3,400991036,2018-02-17
31,1,8:27,1707,1707,Ray Crossland Defensive Rebound.,20,21,-1,18,0.5162608361371454,0.46945124391114296,UT Martin,Eastern Illinois,4,4,1.3,400991036,2018-02-17
32,1,8:09,1689,1689,Jailen Gill Defensive Rebound.,20,21,-1,24,0.5158195632114397,0.46919044411514405,UT Martin,Eastern Illinois,4,4,1.3,400991036,2018-02-17
33,1,7:45,1665,1665,D'Angelo Jackson Offensive Rebound.,20,21,-1,7,0.5152291303168125,0.46884645017372434,UT Martin,Eastern Illinois,4,4,1.3,400991036,2018-02-17
34,1,7:38,1658,1658,Muusa Dama Offensive Rebound.,20,21,-1,77,0.5150572975350479,0.46874813716322183,UT Martin,Eastern Illinois,4,4,1.3,400991036,2018-02-17
35,1,6:21,1581,1581,D'Angelo Jackson Steal.,22,24,-2,25,0.4808190437658817,0.43565834280018434,UT Martin,Eastern Illinois,4,4,1.3,400991036,2018-02-17
36,1,5:56,1556,1556,Montell Goodwin Defensive Rebound.,22,24,-2,31,0.4798453738736562,0.4349798212502325,UT Martin,Eastern Illinois,4,4,1.3,400991036,2018-02-17
37,1,5:25,1525,1525,D'Angelo Jackson Defensive Rebound.,22,26,-4,44,0.41321569424765664,0.3704802375811365,UT Martin,Eastern Illinois,4,4,1.3,400991036,2018-02-17
38,1,4:41,1481,1481,Muusa Dama Defensive Rebound.,22,28,-6,43,0.34667634434117944,0.30765391167580386,UT Martin,Eastern Illinois,4,4,1.3,400991036,2018-02-17
39,1,3:58,1438,1438,Aboubacar Diallo Defensive Rebound.,22,31,-9,18,0.2560611725359655,0.2240901139141999,UT Martin,Eastern Illinois,4,4,1.3,400991036,2018-02-17
40,1,3:40,1420,1420,Terrence Parker Steal.,22,31,-9,9,0.2539134322937819,0.22227600991643956,UT Martin,Eastern Illinois,4,4,1.3,400991036,2018-02-17
41,1,3:31,1411,1411,Aboubacar Diallo Block.,22,31,-9,1,0.25286475524709884,0.2213926215871363,UT Martin,Eastern Illinois,4,4,1.3,400991036,2018-02-17
42,1,3:30,1410,1410,D'Angelo Jackson Defensive Rebound.,22,31,-9,29,0.25274911147039214,0.2212952915279324,UT Martin,Eastern Illinois,4,4,1.3,400991036,2018-02-17
43,1,3:01,1381,1381,Darius Thompson Block.,22,31,-9,1,0.24945248193815472,0.21852661749405985,UT Martin,Eastern Illinois,4,4,1.3,400991036,2018-02-17
44,1,3:00,1380,1380,Terrence Parker Defensive Rebound.,22,31,-9,11,0.24934025290236397,0.21843252242760808,UT Martin,Eastern Illinois,4,4,1.3,400991036,2018-02-17
45,1,2:49,1369,1369,Montell Goodwin Defensive Rebound.,22,31,-9,29,0.24810912081363937,0.21740076365140587,UT Martin,Eastern Illinois,4,4,1.3,400991036,2018-02-17
46,1,2:20,1340,1340,Montell Goodwin made Free Throw.,22,32,-10,0,0.2192098506961959,0.19138904838763995,UT Martin,Eastern Illinois,4,4,1.3,400991036,2018-02-17
47,1,2:20,1340,1340,Montell Goodwin made Free Throw.,22,33,-11,0,0.19554446638914616,0.17007291279215092,UT Martin,Eastern Illinois,4,4,1.3,400991036,2018-02-17
48,1,2:20,1340,1340,Montell Goodwin made Free Throw.,22,34,-12,20,0.17386502994855896,0.15068845630188246,UT Martin,Eastern Illinois,4,4,1.3,400991036,2018-02-17
49,1,2:00,1320,1320,Ray Crossland Steal.,22,34,-12,4,0.1715729543174516,0.14877231101113433,UT Martin,Eastern Illinois,4,4,1.3,400991036,2018-02-17
50,1,1:56,1316,1316,Ray Crossland missed Free Throw.,22,34,-12,0,0.17111017822108257,0.1483851302502545,UT Martin,Eastern Illinois,4,4,1.3,400991036,2018-02-17
51,1,1:56,1316,1316,Eastern Illinois Deadball Team Rebound.,22,34,-12,0,0.17111017822108257,0.1483851302502545,UT Martin,Eastern Illinois,4,4,1.3,400991036,2018-02-17
52,1,1:56,1316,1316,Ray Crossland missed Free Throw.,22,34,-12,0,0.17111017822108257,0.1483851302502545,UT Martin,Eastern Illinois,4,4,1.3,400991036,2018-02-17
53,1,1:56,1316,1316,DelFincko Bogan Defensive Rebound.,22,34,-12,32,0.17111017822108257,0.1483851302502545,UT Martin,Eastern Illinois,4,4,1.3,400991036,2018-02-17
54,1,1:24,1284,1284,DelFincko Bogan Defensive Rebound.,24,34,-10,11,0.21260833011088512,0.1858472452369627,UT Martin,Eastern Illinois,4,4,1.3,400991036,2018-02-17
55,1,1:13,1273,1273,Justice Green Defensive Rebound.,24,34,-10,29,0.21124277631032243,0.18469599335150785,UT Martin,Eastern Illinois,4,4,1.3,400991036,2018-02-17
56,1,0:44,1244,1244,Fatodd Lewis Steal.,24,34,-10,44,0.20748058265548472,0.18151291091005553,UT Martin,Eastern Illinois,4,4,1.3,400991036,2018-02-17
57,1,0:00,1200,1200,End of 1st half,26,36,-10,0,0.2012449994632383,0.17620114634698963,UT Martin,Eastern Illinois,4,4,1.3,400991036,2018-02-17
58,2,20:00,1200,1200,PLAY,26,36,-10,22,0.2012449994632383,0.17620114634698963,UT Martin,Eastern Illinois,4,4,1.3,400991036,2018-02-17
59,2,19:38,1178,1178,D'Angelo Jackson Offensive Rebound.,26,36,-10,74,0.19816132244735038,0.17357227537137632,UT Martin,Eastern Illinois,4,4,1.3,400991036,2018-02-17
60,2,18:24,1104,1104,Muusa Dama Block.,28,40,-12,2,0.14375280523561926,0.1252552471896725,UT Martin,Eastern Illinois,4,4,1.3,400991036,2018-02-17
61,2,18:22,1102,1102,D'Angelo Jackson Defensive Rebound.,28,40,-12,21,0.14350181757268168,0.12504241147277473,UT Martin,Eastern Illinois,4,4,1.3,400991036,2018-02-17
62,2,18:01,1081,1081,D'Angelo Jackson Offensive Rebound.,28,40,-12,15,0.14084706906156932,0.12278975974974651,UT Martin,Eastern Illinois,4,4,1.3,400991036,2018-02-17
63,2,17:46,1066,1066,DelFincko Bogan Defensive Rebound.,28,40,-12,22,0.13891679337286442,0.12114983921303585,UT Martin,Eastern Illinois,4,4,1.3,400991036,2018-02-17
64,2,17:24,1044,1044,Dominique Williams Defensive Rebound.,28,40,-12,24,0.13600748868816737,0.11867431891352569,UT Martin,Eastern Illinois,4,4,1.3,400991036,2018-02-17
65,2,17:00,1020,1020,Julian Thompson-Clay Offensive Rebound.,28,40,-12,17,0.13269227843934317,0.11584726889282607,UT Martin,Eastern Illinois,4,4,1.3,400991036,2018-02-17
66,2,16:43,1003,1003,Ray Crossland Defensive Rebound.,28,40,-12,25,0.1302337899931392,0.1137464751551085,UT Martin,Eastern Illinois,4,4,1.3,400991036,2018-02-17
67,2,16:18,978,978,Jailen Gill Block.,28,40,-12,1,0.12642342475084348,0.1104835132566183,UT Martin,Eastern Illinois,4,4,1.3,400991036,2018-02-17
68,2,16:17,977,977,Julian Thompson-Clay Defensive Rebound.,28,40,-12,8,0.12626577182950469,0.11034833483940565,UT Martin,Eastern Illinois,4,4,1.3,400991036,2018-02-17
69,2,16:09,969,969,Fatodd Lewis made Free Throw.,29,40,-11,0,0.1454011033178123,0.12746969158178192,UT Martin,Eastern Illinois,4,4,1.3,400991036,2018-02-17
70,2,16:09,969,969,Fatodd Lewis made Free Throw.,30,40,-10,23,0.16850347643900954,0.14821712098088832,UT Martin,Eastern Illinois,4,4,1.3,400991036,2018-02-17
71,2,15:46,946,946,Ray Crossland missed Free Throw.,30,40,-10,0,0.16482739095019577,0.14504981100701578,UT Martin,Eastern Illinois,4,4,1.3,400991036,2018-02-17
72,2,15:46,946,946,Eastern Illinois Deadball Team Rebound.,30,40,-10,0,0.16482739095019577,0.14504981100701578,UT Martin,Eastern Illinois,4,4,1.3,400991036,2018-02-17
73,2,15:46,946,946,Ray Crossland made Free Throw.,30,41,-11,9,0.14183448493889356,0.12440485638771928,UT Martin,Eastern Illinois,4,4,1.3,400991036,2018-02-17
74,2,15:37,937,937,Jailen Gill Offensive Rebound.,30,41,-11,1,0.14056660935594828,0.12331696110033982,UT Martin,Eastern Illinois,4,4,1.3,400991036,2018-02-17
75,2,15:36,936,936,Jailen Gill made Two Point Tip Shot.,32,41,-9,29,0.18924648680388473,0.16719172578707572,UT Martin,Eastern Illinois,4,4,1.3,400991036,2018-02-17
76,2,15:07,907,907,DeVantae' Price Offensive Rebound.,32,41,-9,3,0.18532664586664016,0.16381757702372185,UT Martin,Eastern Illinois,4,4,1.3,400991036,2018-02-17
77,2,15:04,904,904,DeVantae' Price made Free Throw.,32,42,-10,0,0.15914535488986858,0.14016813754605997,UT Martin,Eastern Illinois,4,4,1.3,400991036,2018-02-17
78,2,15:04,904,904,DeVantae' Price missed Free Throw.,32,42,-10,0,0.15914535488986858,0.14016813754605997,UT Martin,Eastern Illinois,4,4,1.3,400991036,2018-02-17
79,2,15:04,904,904,Jailen Gill Defensive Rebound.,32,42,-10,48,0.15914535488986858,0.14016813754605997,UT Martin,Eastern Illinois,4,4,1.3,400991036,2018-02-17
80,2,14:16,856,856,DelFincko Bogan Defensive Rebound.,35,42,-7,53,0.24011374102885102,0.21428764768619862,UT Martin,Eastern Illinois,4,4,1.3,400991036,2018-02-17
81,2,13:23,803,803,D'Angelo Jackson Defensive Rebound.,37,42,-5,5,0.30799494569019814,0.2780094433946055,UT Martin,Eastern Illinois,4,4,1.3,400991036,2018-02-17
82,2,13:18,798,798,Fatodd Lewis Steal.,37,42,-5,34,0.307337353235647,0.27743770827769876,UT Martin,Eastern Illinois,4,4,1.3,400991036,2018-02-17
83,2,12:44,764,764,Julian Thompson-Clay Defensive Rebound.,39,42,-3,10,0.39065612155712504,0.3572191587196578,UT Martin,Eastern Illinois,4,4,1.3,400991036,2018-02-17
84,2,12:34,754,754,Montell Goodwin Defensive Rebound.,39,42,-3,19,0.3894690754229193,0.35619883337531866,UT Martin,Eastern Illinois,4,4,1.3,400991036,2018-02-17
85,2,12:15,735,735,Julian Thompson-Clay Steal.,39,42,-3,21,0.3869961471429911,0.35406443403082116,UT Martin,Eastern Illinois,4,4,1.3,400991036,2018-02-17
86,2,11:54,714,714,Ray Crossland Defensive Rebound.,39,42,-3,11,0.3841385181244061,0.3515973092115426,UT Martin,Eastern Illinois,4,4,1.3,400991036,2018-02-17
87,2,11:43,703,703,Matthew Butler Defensive Rebound.,39,42,-3,29,0.382782083118423,0.35043565133041177,UT Martin,Eastern Illinois,4,4,1.3,400991036,2018-02-17
88,2,11:14,674,674,Jailen Gill Offensive Rebound.,39,42,-3,3,0.3795168447822828,0.3476628312699637,UT Martin,Eastern Illinois,4,4,1.3,400991036,2018-02-17
89,2,11:11,671,671,Jailen Gill made Two Point Tip Shot.,41,42,-1,26,0.4818536990421986,0.4476481012434766,UT Martin,Eastern Illinois,4,4,1.3,400991036,2018-02-17
90,2,10:45,645,645,Jailen Gill Block.,41,42,-1,2,0.4806153374124087,0.4467845926784382,UT Martin,Eastern Illinois,4,4,1.3,400991036,2018-02-17
91,2,10:43,643,643,Darius Thompson Defensive Rebound.,41,42,-1,4,0.48051788694334235,0.4467164041412899,UT Martin,Eastern Illinois,4,4,1.3,400991036,2018-02-17
92,2,10:39,639,639,Ray Crossland Steal.,41,42,-1,2,0.48032124735466064,0.44657857394269534,UT Martin,Eastern Illinois,4,4,1.3,400991036,2018-02-17
93,2,10:37,637,637,DelFincko Bogan Defensive Rebound.,41,42,-1,47,0.4802219583541231,0.4465088452292547,UT Martin,Eastern Illinois,4,4,1.3,400991036,2018-02-17
94,2,9:50,590,590,Jailen Gill Defensive Rebound.,43,42,1,14,0.5878880504244676,0.5553964951996972,UT Martin,Eastern Illinois,4,4,1.3,400991036,2018-02-17
95,2,9:36,576,576,DeVantae' Price Defensive Rebound.,43,42,1,29,0.5883589999378377,0.5561116108175674,UT Martin,Eastern Illinois,4,4,1.3,400991036,2018-02-17
96,2,9:07,547,547,D'Angelo Jackson Offensive Rebound.,43,42,1,2,0.5895939381314357,0.5579029724518614,UT Martin,Eastern Illinois,4,4,1.3,400991036,2018-02-17
97,2,9:05,545,545,D'Angelo Jackson made Free Throw.,43,43,0,0,0.5323240659113817,0.5,UT Martin,Eastern Illinois,4,4,1.3,400991036,2018-02-17
98,2,9:05,545,545,D'Angelo Jackson made Free Throw.,43,44,-1,106,0.4740961743458485,0.44196647824433594,UT Martin,Eastern Illinois,4,4,1.3,400991036,2018-02-17
99,2,7:19,439,439,Fatodd Lewis Block.,48,47,1,1,0.5939101882452351,0.5643570565651123,UT Martin,Eastern Illinois,4,4,1.3,400991036,2018-02-17
100,2,7:18,438,438,Ray Crossland Offensive Rebound.,48,47,1,10,0.5939775683227558,0.564448574462164,UT Martin,Eastern Illinois,4,4,1.3,400991036,2018-02-17
101,2,7:08,428,428,Fatodd Lewis Steal.,48,47,1,117,0.5947115308791464,0.5654330807025728,UT Martin,Eastern Illinois,4,4,1.3,400991036,2018-02-17
102,2,5:11,311,311,Ray Crossland Defensive Rebound.,53,51,2,43,0.6769818727185729,0.6533082262613048,UT Martin,Eastern Illinois,4,4,1.3,400991036,2018-02-17
103,2,4:28,268,268,UT Martin Offensive Rebound.,53,54,-1,17,0.4450128341029718,0.4203602403919705,UT Martin,Eastern Illinois,4,4,1.3,400991036,2018-02-17
104,2,4:11,251,251,Matthew Butler missed Free Throw.,53,54,-1,0,0.44566182105975083,0.42157900742732735,UT Martin,Eastern Illinois,4,4,1.3,400991036,2018-02-17
105,2,4:11,251,251,UT Martin Deadball Team Rebound.,53,54,-1,0,0.44566182105975083,0.42157900742732735,UT Martin,Eastern Illinois,4,4,1.3,400991036,2018-02-17
106,2,4:11,251,251,Matthew Butler made Free Throw.,54,54,0,70,0.5245004237399317,0.5,UT Martin,Eastern Illinois,4,4,1.3,400991036,2018-02-17
107,2,3:01,181,181,Ray Crossland Offensive Rebound.,54,56,-2,12,0.3405981307880105,0.32141341290572584,UT Martin,Eastern Illinois,4,4,1.3,400991036,2018-02-17
108,2,2:49,169,169,Aboubacar Diallo Offensive Rebound.,54,56,-2,1,0.32858399081662787,0.31024371313325955,UT Martin,Eastern Illinois,4,4,1.3,400991036,2018-02-17
109,2,2:48,168,168,Aboubacar Diallo made Free Throw.,54,57,-3,22,0.24583982271985405,0.23056623805537052,UT Martin,Eastern Illinois,4,4,1.3,400991036,2018-02-17
110,2,2:26,146,146,Jailen Gill Offensive Rebound.,54,57,-3,7,0.2170260351997365,0.20376100157937319,UT Martin,Eastern Illinois,4,4,1.3,400991036,2018-02-17
111,2,2:19,139,139,Montell Goodwin Defensive Rebound.,54,57,-3,49,0.20736056522899513,0.19476248248722422,UT Martin,Eastern Illinois,4,4,1.3,400991036,2018-02-17
112,2,1:30,90,90,Ray Crossland Defensive Rebound.,54,60,-6,30,0.021205655411378702,0.019844765348135254,UT Martin,Eastern Illinois,4,4,1.3,400991036,2018-02-17
113,2,1:00,60,60,Eastern Illinois Offensive Rebound.,54,60,-6,30,0.008836390687372063,0.008322066361666266,UT Martin,Eastern Illinois,4,4,1.3,400991036,2018-02-17
114,2,0:30,30,30,Muusa Dama Defensive Rebound.,54,60,-6,2,0.003093285666601473,0.0029348346104883754,UT Martin,Eastern Illinois,4,4,1.3,400991036,2018-02-17
115,2,0:28,28,28,Muusa Dama made Free Throw.,54,61,-7,0,0.0010735118555227914,0.001018960577242767,UT Martin,Eastern Illinois,4,4,1.3,400991036,2018-02-17
116,2,0:28,28,28,Muusa Dama made Free Throw.,54,62,-8,6,4.015651778708559e-4,3.81146325675236e-4,UT Martin,Eastern Illinois,4,4,1.3,400991036,2018-02-17
117,2,0:22,22,22,DelFincko Bogan made Free Throw.,55,62,-7,0,8.190502499107066e-4,7.786757560310607e-4,UT Martin,Eastern Illinois,4,4,1.3,400991036,2018-02-17
118,2,0:22,22,22,DelFincko Bogan made Free Throw.,56,62,-6,2,0.002273638560606926,0.00216171630890053,UT Martin,Eastern Illinois,4,4,1.3,400991036,2018-02-17
119,2,0:20,20,20,Montell Goodwin missed Free Throw.,56,62,-6,0,0.0021008257766031413,0.00199847754229347,UT Martin,Eastern Illinois,4,4,1.3,400991036,2018-02-17
120,2,0:20,20,20,Darius Thompson Defensive Rebound.,56,62,-6,6,0.0021008257766031413,0.00199847754229347,UT Martin,Eastern Illinois,4,4,1.3,400991036,2018-02-17
121,2,0:14,14,14,Jailen Gill missed Free Throw.,56,62,-6,0,0.0016453721314244215,0.001567758667046619,UT Martin,Eastern Illinois,4,4,1.3,400991036,2018-02-17
122,2,0:14,14,14,UT Martin Deadball Team Rebound.,56,62,-6,0,0.0016453721314244215,0.001567758667046619,UT Martin,Eastern Illinois,4,4,1.3,400991036,2018-02-17
123,2,0:14,14,14,Jailen Gill made Free Throw.,57,62,-5,1,0.004810883247888878,0.004584635902413504,UT Martin,Eastern Illinois,4,4,1.3,400991036,2018-02-17
124,2,0:13,13,13,Mack Smith made Free Throw.,57,63,-6,0,0.00157819574253694,0.0015041631152611743,UT Martin,Eastern Illinois,4,4,1.3,400991036,2018-02-17
125,2,0:13,13,13,Mack Smith made Free Throw.,57,64,-7,6,5.348999497010252e-4,5.097829858425428e-4,UT Martin,Eastern Illinois,4,4,1.3,400991036,2018-02-17
126,2,0:07,7,7,DeVantae' Price Steal.,57,64,-7,6,3.972439238940397e-4,3.7922442266265113e-4,UT Martin,Eastern Illinois,4,4,1.3,400991036,2018-02-17
127,2,0:01,1,1,Matthew Butler Steal.,57,64,-7,1,2.9262065032632453e-4,2.798209438706408e-4,UT Martin,Eastern Illinois,4,4,1.3,400991036,2018-02-17
128,2,0:00,0,0,End of Game,57,64,-7,0,1.6527335679708886e-61,1.580420060273613e-61,UT Martin,Eastern Illinois,4,4,1.3,400991036,2018-02-17
