play_id,half,time_remaining_half,secs_remaining,secs_remaining_absolute,description,home_score,away_score,score_diff,play_length,win_prob,naive_win_prob,home,away,home_time_out_remaining,away_time_out_remaining,home_favored_by,game_id,date
1,1,20:00,2400,2400,PLAY,0,0,0,22,0.5400219518269808,0.5,Richmond,Saint Louis,4,4,1,400989962,2018-02-17
2,1,19:38,2378,2378,Javon Bess Defensive Rebound.,0,0,0,30,0.5399338333477399,0.5,Richmond,Saint Louis,4,4,1,400989962,2018-02-17
3,1,19:08,2348,2348,Khwan Fore Defensive Rebound.,0,0,0,20,0.5398098730695048,0.5,Richmond,Saint Louis,4,4,1,400989962,2018-02-17
4,1,18:48,2328,2328,Davell Roby Block.,0,0,0,3,0.53972471676747,0.5,Richmond,Saint Louis,4,4,1,400989962,2018-02-17
5,1,18:45,2325,2325,De'Monte Buckingham Offensive Rebound.,0,0,0,2,0.5397117655932048,0.5,Richmond,Saint Louis,4,4,1,400989962,2018-02-17
6,1,18:43,2323,2323,D.J. Foreman Defensive Rebound.,0,0,0,47,0.5397031054377339,0.5,Richmond,Saint Louis,4,4,1,400989962,2018-02-17
7,1,17:56,2276,2276,Grant Golden made Free Throw.,3,0,3,9,0.6081312489069935,0.5698306292559723,Richmond,Saint Louis,4,4,1,400989962,2018-02-17
8,1,17:47,2267,2267,De'Monte Buckingham Defensive Rebound.,3,0,3,11,0.6083832554449078,0.5701308127442787,Richmond,Saint Louis,4,4,1,400989962,2018-02-17
9,1,17:36,2256,2256,D.J. Foreman Defensive Rebound.,3,0,3,19,0.6086919676246128,0.570499046272698,Richmond,Saint Louis,4,4,1,400989962,2018-02-17
10,1,17:17,2237,2237,Hasahn French Offensive Rebound.,3,0,3,5,0.6092267166716123,0.5711382736497409,Richmond,Saint Louis,4,4,1,400989962,2018-02-17
11,1,17:12,2232,2232,Nick Sherod Defensive Rebound.,3,0,3,65,0.609367702206964,0.5713071075419746,Richmond,Saint Louis,4,4,1,400989962,2018-02-17
12,1,16:07,2167,2167,Davell Roby Defensive Rebound.,6,2,4,10,0.6343959658254245,0.5974785649440478,Richmond,Saint Louis,4,4,1,400989962,2018-02-17
13,1,15:57,2157,2157,D.J. Foreman missed Free Throw.,6,2,4,0,0.6347806723721037,0.597928390361488,Richmond,Saint Louis,4,4,1,400989962,2018-02-17
14,1,15:57,2157,2157,Saint Louis Deadball Team Rebound.,6,2,4,0,0.6347806723721037,0.597928390361488,Richmond,Saint Louis,4,4,1,400989962,2018-02-17
15,1,15:57,2157,2157,D.J. Foreman made Free Throw.,6,3,3,71,0.6114879997521888,0.5738631939153135,Richmond,Saint Louis,4,4,1,400989962,2018-02-17
16,1,14:46,2086,2086,Hasahn French Steal.,6,6,0,7,0.5385164820569827,0.5,Richmond,Saint Louis,4,4,1,400989962,2018-02-17
17,1,14:39,2079,2079,Javon Bess Offensive Rebound.,6,6,0,23,0.5384765295201679,0.5,Richmond,Saint Louis,4,4,1,400989962,2018-02-17
18,1,14:16,2056,2056,De'Monte Buckingham Defensive Rebound.,6,6,0,21,0.538343404514003,0.5,Richmond,Saint Louis,4,4,1,400989962,2018-02-17
19,1,13:55,2035,2035,D.J. Foreman Defensive Rebound.,6,6,0,49,0.5382194161310511,0.5,Richmond,Saint Louis,4,4,1,400989962,2018-02-17
20,1,13:06,1986,1986,De'Monte Buckingham Offensive Rebound.,6,9,-3,10,0.45746461963664387,0.42005906530568393,Richmond,Saint Louis,4,4,1,400989962,2018-02-17
21,1,12:56,1976,1976,Grant Golden missed Free Throw.,6,9,-3,0,0.4570249163144396,0.41968855086061685,Richmond,Saint Louis,4,4,1,400989962,2018-02-17
22,1,12:56,1976,1976,Richmond Deadball Team Rebound.,6,9,-3,0,0.4570249163144396,0.41968855086061685,Richmond,Saint Louis,4,4,1,400989962,2018-02-17
23,1,12:56,1976,1976,Grant Golden missed Free Throw.,6,9,-3,0,0.4570249163144396,0.41968855086061685,Richmond,Saint Louis,4,4,1,400989962,2018-02-17
24,1,12:56,1976,1976,Javon Bess Defensive Rebound.,6,9,-3,51,0.4570249163144396,0.41968855086061685,Richmond,Saint Louis,4,4,1,400989962,2018-02-17
25,1,12:05,1925,1925,Javon Bess Defensive Rebound.,6,11,-5,22,0.4006343239105543,0.36511279516299383,Richmond,Saint Louis,4,4,1,400989962,2018-02-17
26,1,11:43,1903,1903,Jalen Johnson Offensive Rebound.,6,11,-5,5,0.39911930203018864,0.36378542764857663,Richmond,Saint Louis,4,4,1,400989962,2018-02-17
27,1,11:38,1898,1898,Joe Kirby Steal.,6,11,-5,104,0.39877512087351535,0.3634843404661709,Richmond,Saint Louis,4,4,1,400989962,2018-02-17
28,1,9:54,1794,1794,Davell Roby missed Free Throw.,11,13,-2,0,0.47794649075625817,0.4415076995759691,Richmond,Saint Louis,4,4,1,400989962,2018-02-17
29,1,9:54,1794,1794,Saint Louis Deadball Team Rebound.,11,13,-2,0,0.47794649075625817,0.4415076995759691,Richmond,Saint Louis,4,4,1,400989962,2018-02-17
30,1,9:54,1794,1794,Davell Roby missed Free Throw.,11,13,-2,0,0.47794649075625817,0.4415076995759691,Richmond,Saint Louis,4,4,1,400989962,2018-02-17
31,1,9:54,1794,1794,Saint Louis Deadball Team Rebound.,11,13,-2,0,0.47794649075625817,0.4415076995759691,Richmond,Saint Louis,4,4,1,400989962,2018-02-17
32,1,9:54,1794,1794,Davell Roby made Free Throw.,11,14,-3,71,0.44873231088900184,0.41275981226235475,Richmond,Saint Louis,4,4,1,400989962,2018-02-17
33,1,8:43,1723,1723,Jalen Johnson Defensive Rebound.,14,17,-3,40,0.44530846071815144,0.4099195455009772,Richmond,Saint Louis,4,4,1,400989962,2018-02-17
34,1,8:03,1683,1683,Aaron Hines Defensive Rebound.,14,17,-3,55,0.44329282669880904,0.4082430749110526,Richmond,Saint Louis,4,4,1,400989962,2018-02-17
35,1,7:08,1628,1628,Hasahn French Defensive Rebound.,14,17,-3,82,0.4405670848780703,0.40600606159752234,Richmond,Saint Louis,4,4,1,400989962,2018-02-17
36,1,5:46,1546,1546,Nick Sherod Steal.,16,20,-4,4,0.4045445972388734,0.3715987301167735,Richmond,Saint Louis,4,4,1,400989962,2018-02-17
37,1,5:42,1542,1542,Davell Roby Defensive Rebound.,16,20,-4,25,0.4042929109219369,0.3713878689489837,Richmond,Saint Louis,4,4,1,400989962,2018-02-17
38,1,5:17,1517,1517,De'Monte Buckingham made Free Throw.,19,22,-3,48,0.43505714646792765,0.4015488886671797,Richmond,Saint Louis,4,4,1,400989962,2018-02-17
39,1,4:29,1469,1469,Jalen Johnson Defensive Rebound.,19,24,-5,25,0.3673313520351023,0.33631938574043047,Richmond,Saint Louis,4,4,1,400989962,2018-02-17
40,1,4:04,1444,1444,Hasahn French missed Free Throw.,19,24,-5,0,0.3652061352780434,0.33447585482675724,Richmond,Saint Louis,4,4,1,400989962,2018-02-17
41,1,4:04,1444,1444,Saint Louis Deadball Team Rebound.,19,24,-5,0,0.3652061352780434,0.33447585482675724,Richmond,Saint Louis,4,4,1,400989962,2018-02-17
42,1,4:04,1444,1444,Hasahn French made Free Throw.,19,25,-6,44,0.3339351067397168,0.30457363129242326,Richmond,Saint Louis,4,4,1,400989962,2018-02-17
43,1,3:20,1400,1400,Grant Golden Defensive Rebound.,21,25,-4,17,0.3945837545583722,0.3631624332966277,Richmond,Saint Louis,4,4,1,400989962,2018-02-17
44,1,3:03,1383,1383,Davell Roby Defensive Rebound.,21,25,-4,6,0.39343330282102223,0.36219414578151116,Richmond,Saint Louis,4,4,1,400989962,2018-02-17
45,1,2:57,1377,1377,Grant Golden Block.,21,25,-4,2,0.3930293514659947,0.36185477537556715,Richmond,Saint Louis,4,4,1,400989962,2018-02-17
46,1,2:55,1375,1375,Grant Golden Defensive Rebound.,21,25,-4,1,0.39289482118511343,0.3617418061495518,Richmond,Saint Louis,4,4,1,400989962,2018-02-17
47,1,2:54,1374,1374,Jacob Gilyard made Free Throw.,22,25,-3,0,0.4271648754829799,0.39507172739181645,Richmond,Saint Louis,4,4,1,400989962,2018-02-17
48,1,2:54,1374,1374,Jacob Gilyard made Free Throw.,23,25,-2,7,0.4622187326181154,0.42946644517190913,Richmond,Saint Louis,4,4,1,400989962,2018-02-17
49,1,2:47,1367,1367,D.J. Foreman made Free Throw.,23,26,-3,0,0.42678665573083324,0.39476500218726407,Richmond,Saint Louis,4,4,1,400989962,2018-02-17
50,1,2:47,1367,1367,D.J. Foreman made Free Throw.,23,27,-4,20,0.3923569106522794,0.36129031257729405,Richmond,Saint Louis,4,4,1,400989962,2018-02-17
51,1,2:27,1347,1347,Javon Bess Defensive Rebound.,23,27,-4,28,0.3910084974473201,0.360159183435142,Richmond,Saint Louis,4,4,1,400989962,2018-02-17
52,1,1:59,1319,1319,Nick Sherod Defensive Rebound.,23,27,-4,31,0.38908917622427047,0.3585471936256012,Richmond,Saint Louis,4,4,1,400989962,2018-02-17
53,1,1:28,1288,1288,Grant Golden Offensive Rebound.,23,27,-4,7,0.38687774257975965,0.3566806026144901,Richmond,Saint Louis,4,4,1,400989962,2018-02-17
54,1,1:21,1281,1281,Davell Roby Defensive Rebound.,23,27,-4,78,0.38636055263477914,0.3562419883956697,Richmond,Saint Louis,4,4,1,400989962,2018-02-17
55,1,0:03,1203,1203,De'Monte Buckingham Steal.,25,30,-5,3,0.34439032027371697,0.3165051325909943,Richmond,Saint Louis,4,4,1,400989962,2018-02-17
56,1,0:00,1200,1200,End of 1st half,27,30,-3,0,0.4166079258880697,0.38634786325026177,Richmond,Saint Louis,4,4,1,400989962,2018-02-17
57,2,20:00,1200,1200,PLAY,27,30,-3,39,0.4166079258880697,0.38634786325026177,Richmond,Saint Louis,4,4,1,400989962,2018-02-17
58,2,19:21,1161,1161,Grant Golden Offensive Rebound.,27,32,-5,8,0.3401560561203773,0.3127891721416217,Richmond,Saint Louis,4,4,1,400989962,2018-02-17
59,2,19:13,1153,1153,Davell Roby Defensive Rebound.,27,32,-5,45,0.3393736620114212,0.3121039013488485,Richmond,Saint Louis,4,4,1,400989962,2018-02-17
60,2,18:28,1108,1108,Nick Sherod made Free Throw.,28,34,-6,0,0.2999979682843243,0.274910009877187,Richmond,Saint Louis,4,4,1,400989962,2018-02-17
61,2,18:28,1108,1108,Nick Sherod made Free Throw.,29,34,-5,47,0.3349979878132968,0.30827207132790185,Richmond,Saint Louis,4,4,1,400989962,2018-02-17
62,2,17:41,1061,1061,Nick Sherod Steal.,31,34,-3,13,0.40711326736605674,0.3783162528845221,Richmond,Saint Louis,4,4,1,400989962,2018-02-17
63,2,17:28,1048,1048,Jacob Gilyard Offensive Rebound.,31,34,-3,100,0.40615790572818655,0.3775008421932302,Richmond,Saint Louis,4,4,1,400989962,2018-02-17
64,2,15:48,948,948,Hasahn French Defensive Rebound.,36,34,2,7,0.615568375468871,0.587678658581135,Richmond,Saint Louis,4,4,1,400989962,2018-02-17
65,2,15:41,941,941,Khwan Fore Defensive Rebound.,36,34,2,4,0.615847135174123,0.5880270630885638,Richmond,Saint Louis,4,4,1,400989962,2018-02-17
66,2,15:37,937,937,Khwan Fore made Free Throw.,39,34,5,43,0.7325377581752796,0.7092078302039065,Richmond,Saint Louis,4,4,1,400989962,2018-02-17
67,2,14:54,894,894,Hasahn French Defensive Rebound.,39,36,3,9,0.6595570891159311,0.6333968500507186,Richmond,Saint Louis,4,4,1,400989962,2018-02-17
68,2,14:45,885,885,Nick Sherod Defensive Rebound.,39,36,3,14,0.6600192286783351,0.6339445005554973,Richmond,Saint Louis,4,4,1,400989962,2018-02-17
69,2,14:31,871,871,Hasahn French Block.,39,36,3,1,0.6607373070842181,0.634794755248063,Richmond,Saint Louis,4,4,1,400989962,2018-02-17
70,2,14:30,870,870,Hasahn French Defensive Rebound.,39,36,3,47,0.6607888657971253,0.6348557462677974,Richmond,Saint Louis,4,4,1,400989962,2018-02-17
71,2,13:43,823,823,Javon Bess Defensive Rebound.,39,38,1,26,0.574654805842451,0.5470455226127717,Richmond,Saint Louis,4,4,1,400989962,2018-02-17
72,2,13:17,797,797,D.J. Foreman Offensive Rebound.,39,38,1,2,0.5751169017224949,0.5477434586189996,Richmond,Saint Louis,4,4,1,400989962,2018-02-17
73,2,13:15,795,795,D.J. Foreman made Two Point Tip Shot.,39,40,-1,8,0.47984504350486035,0.452198555829828,Richmond,Saint Louis,4,4,1,400989962,2018-02-17
74,2,13:07,787,787,Grant Golden Offensive Rebound.,39,40,-1,5,0.4795294062914693,0.4519595206632,Richmond,Saint Louis,4,4,1,400989962,2018-02-17
75,2,13:02,782,782,Javon Bess Steal.,39,40,-1,3,0.47932505712529083,0.45180403833050065,Richmond,Saint Louis,4,4,1,400989962,2018-02-17
76,2,12:59,779,779,Hasahn French made Free Throw.,39,41,-2,0,0.4311845545328689,0.4043093833426463,Richmond,Saint Louis,4,4,1,400989962,2018-02-17
77,2,12:59,779,779,Hasahn French missed Free Throw.,39,41,-2,0,0.4311845545328689,0.4043093833426463,Richmond,Saint Louis,4,4,1,400989962,2018-02-17
78,2,12:59,779,779,Nick Sherod Defensive Rebound.,39,41,-2,44,0.4311845545328689,0.4043093833426463,Richmond,Saint Louis,4,4,1,400989962,2018-02-17
79,2,12:15,735,735,Paul Friendshuh Block.,41,41,0,0,0.5271395225685662,0.5,Richmond,Saint Louis,4,4,1,400989962,2018-02-17
80,2,12:15,735,735,D.J. Foreman Offensive Rebound.,41,41,0,79,0.5271395225685662,0.5,Richmond,Saint Louis,4,4,1,400989962,2018-02-17
81,2,10:56,656,656,Hasahn French Steal.,44,45,-1,11,0.473272467353863,0.44715317650458747,Richmond,Saint Louis,4,4,1,400989962,2018-02-17
82,2,10:45,645,645,Julius Johnson Defensive Rebound.,44,45,-1,8,0.4727810137086661,0.4467845926784382,Richmond,Saint Louis,4,4,1,400989962,2018-02-17
83,2,10:37,637,637,Javon Bess Defensive Rebound.,44,45,-1,101,0.4724146862735527,0.4465088452292547,Richmond,Saint Louis,4,4,1,400989962,2018-02-17
84,2,8:56,536,536,Davell Roby Defensive Rebound.,46,50,-4,23,0.3009850601840194,0.2805602565264191,Richmond,Saint Louis,4,4,1,400989962,2018-02-17
85,2,8:33,513,513,Saint Louis Offensive Rebound.,46,50,-4,9,0.296560265704328,0.27657574733677487,Richmond,Saint Louis,4,4,1,400989962,2018-02-17
86,2,8:24,504,504,D.J. Foreman made Free Throw.,46,51,-5,0,0.24720127486708568,0.22954630681031274,Richmond,Saint Louis,4,4,1,400989962,2018-02-17
87,2,8:24,504,504,D.J. Foreman made Free Throw.,46,52,-6,9,0.2049286537483306,0.18953265392692636,Richmond,Saint Louis,4,4,1,400989962,2018-02-17
88,2,8:15,495,495,Javon Bess Defensive Rebound.,46,52,-6,42,0.20308956888839913,0.18787580178611843,Richmond,Saint Louis,4,4,1,400989962,2018-02-17
89,2,7:33,453,453,Aaron Hines Steal.,46,54,-8,48,0.1257552269044002,0.11575284897995086,Richmond,Saint Louis,4,4,1,400989962,2018-02-17
90,2,6:45,405,405,Hasahn French Steal.,46,56,-10,17,0.06720855038764997,0.06174260328630874,Richmond,Saint Louis,4,4,1,400989962,2018-02-17
91,2,6:28,388,388,Hasahn French made Free Throw.,46,57,-11,0,0.048703552519173444,0.044731860342175536,Richmond,Saint Louis,4,4,1,400989962,2018-02-17
92,2,6:28,388,388,Hasahn French missed Free Throw.,46,57,-11,0,0.048703552519173444,0.044731860342175536,Richmond,Saint Louis,4,4,1,400989962,2018-02-17
93,2,6:28,388,388,Julius Johnson Defensive Rebound.,46,57,-11,52,0.048703552519173444,0.044731860342175536,Richmond,Saint Louis,4,4,1,400989962,2018-02-17
94,2,5:36,336,336,Hasahn French Offensive Rebound.,48,57,-9,1,0.06761425457006362,0.06248555880900271,Richmond,Saint Louis,4,4,1,400989962,2018-02-17
95,2,5:35,335,335,Hasahn French missed Free Throw.,48,59,-11,0,0.03798133438521963,0.03501933856757889,Richmond,Saint Louis,4,4,1,400989962,2018-02-17
96,2,5:35,335,335,Richmond Deadball Team Rebound.,48,59,-11,61,0.03798133438521963,0.03501933856757889,Richmond,Saint Louis,4,4,1,400989962,2018-02-17
97,2,4:34,274,274,Nick Sherod made Free Throw.,53,61,-8,50,0.07547495599658752,0.07021557309361162,Richmond,Saint Louis,4,4,1,400989962,2018-02-17
98,2,3:44,224,224,De'Monte Buckingham missed Free Throw.,55,61,-6,0,0.13880637901157072,0.13038007754572148,Richmond,Saint Louis,4,4,1,400989962,2018-02-17
99,2,3:44,224,224,Hasahn French Defensive Rebound.,55,61,-6,18,0.13880637901157072,0.13038007754572148,Richmond,Saint Louis,4,4,1,400989962,2018-02-17
100,2,3:26,206,206,Javon Bess Block.,55,63,-8,1,0.07145723690437142,0.06694256860688606,Richmond,Saint Louis,4,4,1,400989962,2018-02-17
101,2,3:25,205,205,Javon Bess Defensive Rebound.,55,63,-8,14,0.07083206613053958,0.06636216607284237,Richmond,Saint Louis,4,4,1,400989962,2018-02-17
102,2,3:11,191,191,D.J. Foreman missed Free Throw.,55,63,-8,0,0.0598648102300797,0.05614591162658648,Richmond,Saint Louis,4,4,1,400989962,2018-02-17
103,2,3:11,191,191,Khwan Fore Defensive Rebound.,55,63,-8,34,0.0598648102300797,0.05614591162658648,Richmond,Saint Louis,4,4,1,400989962,2018-02-17
104,2,2:37,157,157,Hasahn French missed Free Throw.,58,63,-5,0,0.11187789642579178,0.10575807360450196,Richmond,Saint Louis,4,4,1,400989962,2018-02-17
105,2,2:37,157,157,De'Monte Buckingham Defensive Rebound.,58,63,-5,10,0.11187789642579178,0.10575807360450196,Richmond,Saint Louis,4,4,1,400989962,2018-02-17
106,2,2:27,147,147,Javon Bess Defensive Rebound.,58,63,-5,33,0.10001662982709653,0.09460742290192886,Richmond,Saint Louis,4,4,1,400989962,2018-02-17
107,2,1:54,114,114,Grant Golden Block.,58,63,-5,1,0.06275405485478397,0.05952468060312819,Richmond,Saint Louis,4,4,1,400989962,2018-02-17
108,2,1:53,113,113,Javon Bess Offensive Rebound.,58,63,-5,19,0.06169154914730255,0.05852273222416378,Richmond,Saint Louis,4,4,1,400989962,2018-02-17
109,2,1:34,94,94,Javon Bess Steal.,58,63,-5,17,0.04277307403957692,0.0406625110960608,Richmond,Saint Louis,4,4,1,400989962,2018-02-17
110,2,1:17,77,77,D.J. Foreman made Free Throw.,58,64,-6,0,0.01462991700140406,0.013930049991472295,Richmond,Saint Louis,4,4,1,400989962,2018-02-17
111,2,1:17,77,77,D.J. Foreman made Free Throw.,58,65,-7,9,0.007246993293164013,0.006897838729880291,Richmond,Saint Louis,4,4,1,400989962,2018-02-17
112,2,1:08,68,68,Nick Sherod made Free Throw.,61,65,-4,1,0.04873382115442924,0.04655397157762977,Richmond,Saint Louis,4,4,1,400989962,2018-02-17
113,2,1:07,67,67,Javon Bess missed Free Throw.,61,65,-4,0,0.047779332231806824,0.04564835652421991,Richmond,Saint Louis,4,4,1,400989962,2018-02-17
114,2,1:07,67,67,Saint Louis Deadball Team Rebound.,61,65,-4,0,0.047779332231806824,0.04564835652421991,Richmond,Saint Louis,4,4,1,400989962,2018-02-17
115,2,1:07,67,67,Javon Bess missed Free Throw.,61,65,-4,0,0.047779332231806824,0.04564835652421991,Richmond,Saint Louis,4,4,1,400989962,2018-02-17
116,2,1:07,67,67,De'Monte Buckingham Defensive Rebound.,61,65,-4,23,0.047779332231806824,0.04564835652421991,Richmond,Saint Louis,4,4,1,400989962,2018-02-17
117,2,0:44,44,44,Saint Louis Defensive Rebound.,61,65,-4,19,0.029282162952939866,0.02807332633832223,Richmond,Saint Louis,4,4,1,400989962,2018-02-17
118,2,0:25,25,25,Javon Bess Block.,61,67,-6,1,0.002524562432340835,0.0024269280025252284,Richmond,Saint Louis,4,4,1,400989962,2018-02-17
119,2,0:24,24,24,De'Monte Buckingham Offensive Rebound.,61,67,-6,2,0.0024289272182352593,0.0023354657003018873,Richmond,Saint Louis,4,4,1,400989962,2018-02-17
120,2,0:22,22,22,Nick Sherod Offensive Rebound.,61,67,-6,0,0.002247307776357436,0.00216171630890053,Richmond,Saint Louis,4,4,1,400989962,2018-02-17
121,2,0:22,22,22,Nick Sherod made Free Throw.,62,67,-5,0,0.006222606476537556,0.005986519317341805,Richmond,Saint Louis,4,4,1,400989962,2018-02-17
122,2,0:22,22,22,Nick Sherod made Free Throw.,63,67,-4,3,0.017109291678986695,0.01646700528889956,Richmond,Saint Louis,4,4,1,400989962,2018-02-17
123,2,0:19,19,19,Javon Bess missed Free Throw.,63,67,-4,0,0.01582057483129781,0.015235341616680557,Richmond,Saint Louis,4,4,1,400989962,2018-02-17
124,2,0:19,19,19,Saint Louis Deadball Team Rebound.,63,67,-4,0,0.01582057483129781,0.015235341616680557,Richmond,Saint Louis,4,4,1,400989962,2018-02-17
125,2,0:19,19,19,Javon Bess made Free Throw.,63,68,-5,7,0.005637320534963672,0.005426708213685131,Richmond,Saint Louis,4,4,1,400989962,2018-02-17
126,2,0:12,12,12,Davell Roby Defensive Rebound.,63,68,-5,3,0.004438559646170981,0.004278870984016073,Richmond,Saint Louis,4,4,1,400989962,2018-02-17
127,2,0:09,9,9,Davell Roby made Free Throw.,63,69,-6,0,0.0013182550839581147,0.0012715032527373625,Richmond,Saint Louis,4,4,1,400989962,2018-02-17
128,2,0:09,9,9,Davell Roby made Free Throw.,63,70,-7,6,4.3437217358185156e-4,4.189540423381101e-4,Richmond,Saint Louis,4,4,1,400989962,2018-02-17
129,2,0:03,3,3,Davell Roby made Free Throw.,66,71,-5,0,0.003217801010106779,0.003107925506662311,Richmond,Saint Louis,4,4,1,400989962,2018-02-17
130,2,0:03,3,3,Davell Roby made Free Throw.,66,72,-6,3,0.0010169077086499602,9.821101836167828e-4,Richmond,Saint Louis,4,4,1,400989962,2018-02-17
131,2,0:00,0,0,Javon Bess Defensive Rebound.,66,72,-6,0,7.936126236041854e-53,7.667648073722e-53,Richmond,Saint Louis,4,4,1,400989962,2018-02-17
132,2,0:00,0,0,End of Game,66,72,-6,0,7.936126236041854e-53,7.667648073722e-53,Richmond,Saint Louis,4,4,1,400989962,2018-02-17
