play_id,half,time_remaining_half,secs_remaining,secs_remaining_absolute,description,home_score,away_score,score_diff,play_length,win_prob,naive_win_prob,home,away,home_time_out_remaining,away_time_out_remaining,home_favored_by,game_id,date
1,1,20:00,2400,2400,PLAY,0,0,0,21,0.5,0.5,Davidson,UMass,4,4,NA,400989795,2018-02-17
2,1,19:39,2379,2379,Malik Hines Defensive Rebound.,0,0,0,44,0.5,0.5,Davidson,UMass,4,4,NA,400989795,2018-02-17
3,1,18:55,2335,2335,Luwane Pipkins Steal.,0,3,-3,11,0.43210860221201436,0.43210860221201436,Davidson,UMass,4,4,NA,400989795,2018-02-17
4,1,18:44,2324,2324,Peyton Aldridge Defensive Rebound.,0,3,-3,16,0.43175121434183966,0.43175121434183966,Davidson,UMass,4,4,NA,400989795,2018-02-17
5,1,18:28,2308,2308,Malik Hines Defensive Rebound.,0,3,-3,38,0.43122778925723515,0.43122778925723515,Davidson,UMass,4,4,NA,400989795,2018-02-17
6,1,17:50,2270,2270,Luwane Pipkins Steal.,0,5,-5,18,0.3846256491659176,0.3846256491659176,Davidson,UMass,4,4,NA,400989795,2018-02-17
7,1,17:32,2252,2252,KiShawn Pritchett Steal.,0,5,-5,33,0.38365596376763217,0.38365596376763217,Davidson,UMass,4,4,NA,400989795,2018-02-17
8,1,16:59,2219,2219,Peyton Aldridge Defensive Rebound.,2,5,-3,18,0.4282528359497078,0.4282528359497078,Davidson,UMass,4,4,NA,400989795,2018-02-17
9,1,16:41,2201,2201,C.J. Anderson Steal.,2,5,-3,36,0.4276411937721093,0.4276411937721093,Davidson,UMass,4,4,NA,400989795,2018-02-17
10,1,16:05,2165,2165,Unique McLean Defensive Rebound.,2,8,-6,15,0.3559432431809851,0.3559432431809851,Davidson,UMass,4,4,NA,400989795,2018-02-17
11,1,15:50,2150,2150,Rusty Reigel Defensive Rebound.,2,8,-6,72,0.3549774287801093,0.3549774287801093,Davidson,UMass,4,4,NA,400989795,2018-02-17
12,1,14:38,2078,2078,Peyton Aldridge Defensive Rebound.,7,11,-4,28,0.39846499081311315,0.39846499081311315,Davidson,UMass,4,4,NA,400989795,2018-02-17
13,1,14:10,2050,2050,Randall West Defensive Rebound.,7,11,-4,29,0.39716043060201,0.39716043060201,Davidson,UMass,4,4,NA,400989795,2018-02-17
14,1,13:41,2021,2021,Will Magarity Defensive Rebound.,7,11,-4,13,0.3957924440276434,0.3957924440276434,Davidson,UMass,4,4,NA,400989795,2018-02-17
15,1,13:28,2008,2008,Peyton Aldridge Offensive Rebound.,7,11,-4,9,0.39517325273878157,0.39517325273878157,Davidson,UMass,4,4,NA,400989795,2018-02-17
16,1,13:19,1999,1999,Luwane Pipkins Defensive Rebound.,7,11,-4,64,0.39474231806772825,0.39474231806772825,Davidson,UMass,4,4,NA,400989795,2018-02-17
17,1,12:15,1935,1935,Malik Hines made Free Throw.,9,16,-7,23,0.316287530826882,0.316287530826882,Davidson,UMass,4,4,NA,400989795,2018-02-17
18,1,11:52,1912,1912,Jon Axel Gudmundsson made Free Throw.,10,16,-6,0,0.3389549836636788,0.3389549836636788,Davidson,UMass,4,4,NA,400989795,2018-02-17
19,1,11:52,1912,1912,Jon Axel Gudmundsson made Free Throw.,11,16,-5,52,0.3643278343318931,0.3643278343318931,Davidson,UMass,4,4,NA,400989795,2018-02-17
20,1,11:00,1860,1860,Will Magarity Defensive Rebound.,11,16,-5,64,0.36119683225297144,0.36119683225297144,Davidson,UMass,4,4,NA,400989795,2018-02-17
21,1,9:56,1796,1796,Unique McLean Defensive Rebound.,13,18,-5,23,0.357305808297712,0.357305808297712,Davidson,UMass,4,4,NA,400989795,2018-02-17
22,1,9:33,1773,1773,Peyton Aldridge Defensive Rebound.,13,18,-5,15,0.3558810331659801,0.3558810331659801,Davidson,UMass,4,4,NA,400989795,2018-02-17
23,1,9:18,1758,1758,Peyton Aldridge made Free Throw.,16,18,-2,104,0.44054359307850405,0.44054359307850405,Davidson,UMass,4,4,NA,400989795,2018-02-17
24,1,7:34,1654,1654,Peyton Aldridge Defensive Rebound.,19,23,-4,30,0.3771695649459359,0.3771695649459359,Davidson,UMass,4,4,NA,400989795,2018-02-17
25,1,7:04,1624,1624,Malik Hines Defensive Rebound.,19,23,-4,74,0.3756128628723938,0.3756128628723938,Davidson,UMass,4,4,NA,400989795,2018-02-17
26,1,5:50,1550,1550,Will Magarity Block.,24,29,-5,1,0.34173284426254524,0.34173284426254524,Davidson,UMass,4,4,NA,400989795,2018-02-17
27,1,5:49,1549,1549,Will Magarity Defensive Rebound.,24,29,-5,15,0.34166974683424645,0.34166974683424645,Davidson,UMass,4,4,NA,400989795,2018-02-17
28,1,5:34,1534,1534,Rusty Reigel Offensive Rebound.,24,29,-5,32,0.34071522238888796,0.34071522238888796,Davidson,UMass,4,4,NA,400989795,2018-02-17
29,1,5:02,1502,1502,Peyton Aldridge made Free Throw.,30,29,1,23,0.5334239699698087,0.5334239699698087,Davidson,UMass,4,4,NA,400989795,2018-02-17
30,1,4:39,1479,1479,Oskar Michelsen Steal.,30,29,1,21,0.5337761881920524,0.5337761881920524,Davidson,UMass,4,4,NA,400989795,2018-02-17
31,1,4:18,1458,1458,Peyton Aldridge Defensive Rebound.,32,29,3,21,0.6010873414715954,0.6010873414715954,Davidson,UMass,4,4,NA,400989795,2018-02-17
32,1,3:57,1437,1437,Unique McLean Defensive Rebound.,32,29,3,53,0.6020928338734691,0.6020928338734691,Davidson,UMass,4,4,NA,400989795,2018-02-17
33,1,3:04,1384,1384,Malik Hines made Free Throw.,34,34,0,24,0.5,0.5,Davidson,UMass,4,4,NA,400989795,2018-02-17
34,1,2:40,1360,1360,Carl Pierre Defensive Rebound.,34,34,0,24,0.5,0.5,Davidson,UMass,4,4,NA,400989795,2018-02-17
35,1,2:16,1336,1336,Rusty Reigel Defensive Rebound.,34,34,0,18,0.5,0.5,Davidson,UMass,4,4,NA,400989795,2018-02-17
36,1,1:58,1318,1318,Will Magarity missed Free Throw.,34,34,0,0,0.5,0.5,Davidson,UMass,4,4,NA,400989795,2018-02-17
37,1,1:58,1318,1318,Malik Hines Defensive Rebound.,34,34,0,8,0.5,0.5,Davidson,UMass,4,4,NA,400989795,2018-02-17
38,1,1:50,1310,1310,Luwane Pipkins missed Free Throw.,34,34,0,0,0.5,0.5,Davidson,UMass,4,4,NA,400989795,2018-02-17
39,1,1:50,1310,1310,UMass Deadball Team Rebound.,34,34,0,0,0.5,0.5,Davidson,UMass,4,4,NA,400989795,2018-02-17
40,1,1:50,1310,1310,Luwane Pipkins missed Free Throw.,34,34,0,0,0.5,0.5,Davidson,UMass,4,4,NA,400989795,2018-02-17
41,1,1:50,1310,1310,Will Magarity Defensive Rebound.,34,34,0,41,0.5,0.5,Davidson,UMass,4,4,NA,400989795,2018-02-17
42,1,1:09,1269,1269,Peyton Aldridge Block.,36,34,2,2,0.5738400162080081,0.5738400162080081,Davidson,UMass,4,4,NA,400989795,2018-02-17
43,1,1:07,1267,1267,Randall West Offensive Rebound.,36,34,2,3,0.5739097808968763,0.5739097808968763,Davidson,UMass,4,4,NA,400989795,2018-02-17
44,1,1:04,1264,1264,Jon Axel Gudmundsson Defensive Rebound.,36,34,2,33,0.5740151669926442,0.5740151669926442,Davidson,UMass,4,4,NA,400989795,2018-02-17
45,1,0:31,1231,1231,Luwane Pipkins made Free Throw.,39,35,4,0,0.6471481937448226,0.6471481937448226,Davidson,UMass,4,4,NA,400989795,2018-02-17
46,1,0:31,1231,1231,Luwane Pipkins made Free Throw.,39,36,3,26,0.6118025195245755,0.6118025195245755,Davidson,UMass,4,4,NA,400989795,2018-02-17
47,1,0:05,1205,1205,KiShawn Pritchett made Free Throw.,40,36,4,0,0.649131248360961,0.649131248360961,Davidson,UMass,4,4,NA,400989795,2018-02-17
48,1,0:05,1205,1205,KiShawn Pritchett made Free Throw.,41,36,5,5,0.6833106746353144,0.6833106746353144,Davidson,UMass,4,4,NA,400989795,2018-02-17
49,1,0:00,1200,1200,Davidson Defensive Rebound.,41,36,5,0,0.6837696278036713,0.6837696278036713,Davidson,UMass,4,4,NA,400989795,2018-02-17
50,1,0:00,1200,1200,End of 1st half,41,36,5,0,0.6837696278036713,0.6837696278036713,Davidson,UMass,4,4,NA,400989795,2018-02-17
51,2,20:00,1200,1200,PLAY,41,36,5,19,0.6837696278036713,0.6837696278036713,Davidson,UMass,4,4,NA,400989795,2018-02-17
52,2,19:41,1181,1181,Peyton Aldridge Defensive Rebound.,41,36,5,19,0.685472237697294,0.685472237697294,Davidson,UMass,4,4,NA,400989795,2018-02-17
53,2,19:22,1162,1162,Peyton Aldridge Offensive Rebound.,41,36,5,26,0.687124845149949,0.687124845149949,Davidson,UMass,4,4,NA,400989795,2018-02-17
54,2,18:56,1136,1136,C.J. Anderson Offensive Rebound.,41,36,5,36,0.6893424340111445,0.6893424340111445,Davidson,UMass,4,4,NA,400989795,2018-02-17
55,2,18:20,1100,1100,Malik Hines Defensive Rebound.,41,39,2,9,0.5804396677363385,0.5804396677363385,Davidson,UMass,4,4,NA,400989795,2018-02-17
56,2,18:11,1091,1091,Jon Axel Gudmundsson Defensive Rebound.,41,39,2,13,0.5807982457069812,0.5807982457069812,Davidson,UMass,4,4,NA,400989795,2018-02-17
57,2,17:58,1078,1078,Peyton Aldridge Offensive Rebound.,41,39,2,6,0.5813253296709574,0.5813253296709574,Davidson,UMass,4,4,NA,400989795,2018-02-17
58,2,17:52,1072,1072,C.J. Anderson Defensive Rebound.,41,39,2,12,0.5815729458157011,0.5815729458157011,Davidson,UMass,4,4,NA,400989795,2018-02-17
59,2,17:40,1060,1060,Jon Axel Gudmundsson Defensive Rebound.,41,39,2,50,0.5820778892226893,0.5820778892226893,Davidson,UMass,4,4,NA,400989795,2018-02-17
60,2,16:50,1010,1010,KiShawn Pritchett Defensive Rebound.,43,39,4,9,0.6640638761678146,0.6640638761678146,Davidson,UMass,4,4,NA,400989795,2018-02-17
61,2,16:41,1001,1001,Luwane Pipkins Defensive Rebound.,43,39,4,6,0.6648941708376659,0.6648941708376659,Davidson,UMass,4,4,NA,400989795,2018-02-17
62,2,16:35,995,995,Kellan Grady Defensive Rebound.,43,39,4,7,0.6654620782530389,0.6654620782530389,Davidson,UMass,4,4,NA,400989795,2018-02-17
63,2,16:28,988,988,Kellan Grady made Free Throw.,44,39,5,0,0.7033856038868596,0.7033856038868596,Davidson,UMass,4,4,NA,400989795,2018-02-17
64,2,16:28,988,988,Kellan Grady made Free Throw.,45,39,6,45,0.7381097000961511,0.7381097000961511,Davidson,UMass,4,4,NA,400989795,2018-02-17
65,2,15:43,943,943,Luwane Pipkins Defensive Rebound.,45,41,4,0,0.6705820643918547,0.6705820643918547,Davidson,UMass,4,4,NA,400989795,2018-02-17
66,2,15:43,943,943,Carl Pierre Steal.,45,44,1,0,0.5443096333753813,0.5443096333753813,Davidson,UMass,4,4,NA,400989795,2018-02-17
67,2,15:43,943,943,Will Magarity Defensive Rebound.,45,44,1,79,0.5443096333753813,0.5443096333753813,Davidson,UMass,4,4,NA,400989795,2018-02-17
68,2,14:24,864,864,Jon Axel Gudmundsson Defensive Rebound.,47,44,3,15,0.6352232358515866,0.6352232358515866,Davidson,UMass,4,4,NA,400989795,2018-02-17
69,2,14:09,849,849,Unique McLean Defensive Rebound.,47,44,3,27,0.6361599581461712,0.6361599581461712,Davidson,UMass,4,4,NA,400989795,2018-02-17
70,2,13:42,822,822,Peyton Aldridge made Free Throw.,48,47,1,0,0.5470706708916662,0.5470706708916662,Davidson,UMass,4,4,NA,400989795,2018-02-17
71,2,13:42,822,822,Peyton Aldridge made Free Throw.,49,47,2,29,0.5933143348837857,0.5933143348837857,Davidson,UMass,4,4,NA,400989795,2018-02-17
72,2,13:13,793,793,Jon Axel Gudmundsson Defensive Rebound.,49,47,2,14,0.5948511850622467,0.5948511850622467,Davidson,UMass,4,4,NA,400989795,2018-02-17
73,2,12:59,779,779,Unique McLean Defensive Rebound.,49,47,2,29,0.5956906166573537,0.5956906166573537,Davidson,UMass,4,4,NA,400989795,2018-02-17
74,2,12:30,750,750,Peyton Aldridge Defensive Rebound.,49,47,2,20,0.597688511502826,0.597688511502826,Davidson,UMass,4,4,NA,400989795,2018-02-17
75,2,12:10,730,730,Carl Pierre made Free Throw.,51,48,3,0,0.6465434189523888,0.6465434189523888,Davidson,UMass,4,4,NA,400989795,2018-02-17
76,2,12:10,730,730,Carl Pierre missed Free Throw.,51,48,3,0,0.6465434189523888,0.6465434189523888,Davidson,UMass,4,4,NA,400989795,2018-02-17
77,2,12:10,730,730,Peyton Aldridge Defensive Rebound.,51,48,3,37,0.6465434189523888,0.6465434189523888,Davidson,UMass,4,4,NA,400989795,2018-02-17
78,2,11:33,693,693,Luwane Pipkins Offensive Rebound.,53,48,5,3,0.7380427063785827,0.7380427063785827,Davidson,UMass,4,4,NA,400989795,2018-02-17
79,2,11:30,690,690,Peyton Aldridge Block.,53,48,5,1,0.7384519354160238,0.7384519354160238,Davidson,UMass,4,4,NA,400989795,2018-02-17
80,2,11:29,689,689,Peyton Aldridge Defensive Rebound.,53,48,5,118,0.738587146628762,0.738587146628762,Davidson,UMass,4,4,NA,400989795,2018-02-17
81,2,9:31,571,571,Jon Axel Gudmundsson Defensive Rebound.,60,52,8,27,0.8596227102921594,0.8596227102921594,Davidson,UMass,4,4,NA,400989795,2018-02-17
82,2,9:04,544,544,C.J. Anderson Defensive Rebound.,60,52,8,9,0.8661756231109613,0.8661756231109613,Davidson,UMass,4,4,NA,400989795,2018-02-17
83,2,8:55,535,535,Peyton Aldridge Defensive Rebound.,60,52,8,4,0.8682130811814599,0.8682130811814599,Davidson,UMass,4,4,NA,400989795,2018-02-17
84,2,8:51,531,531,Rusty Reigel made Free Throw.,61,52,9,0,0.8937065090374984,0.8937065090374984,Davidson,UMass,4,4,NA,400989795,2018-02-17
85,2,8:51,531,531,Rusty Reigel made Free Throw.,62,52,10,21,0.9141778653663201,0.9141778653663201,Davidson,UMass,4,4,NA,400989795,2018-02-17
86,2,8:30,510,510,Kellan Grady Defensive Rebound.,62,52,10,78,0.9175712767720751,0.9175712767720751,Davidson,UMass,4,4,NA,400989795,2018-02-17
87,2,7:12,432,432,Peyton Aldridge Block.,68,55,13,2,0.9677225623659353,0.9677225623659353,Davidson,UMass,4,4,NA,400989795,2018-02-17
88,2,7:10,430,430,KiShawn Pritchett Defensive Rebound.,68,55,13,5,0.9680567147586324,0.9680567147586324,Davidson,UMass,4,4,NA,400989795,2018-02-17
89,2,7:05,425,425,Carl Pierre Steal.,68,55,13,11,0.9688732770065127,0.9688732770065127,Davidson,UMass,4,4,NA,400989795,2018-02-17
90,2,6:54,414,414,Will Magarity Defensive Rebound.,68,55,13,47,0.9705123026477037,0.9705123026477037,Davidson,UMass,4,4,NA,400989795,2018-02-17
91,2,6:07,367,367,Luwane Pipkins made Free Throw.,68,56,12,0,0.9688185770213289,0.9688185770213289,Davidson,UMass,4,4,NA,400989795,2018-02-17
92,2,6:07,367,367,Luwane Pipkins made Free Throw.,68,57,11,7,0.9589047929628797,0.9589047929628797,Davidson,UMass,4,4,NA,400989795,2018-02-17
93,2,6:00,360,360,Jon Axel Gudmundsson missed Free Throw.,68,57,11,0,0.9601567748793736,0.9601567748793736,Davidson,UMass,4,4,NA,400989795,2018-02-17
94,2,6:00,360,360,C.J. Anderson Defensive Rebound.,68,57,11,37,0.9601567748793736,0.9601567748793736,Davidson,UMass,4,4,NA,400989795,2018-02-17
95,2,5:23,323,323,Kellan Grady made Free Throw.,69,59,10,0,0.9563138813719934,0.9563138813719934,Davidson,UMass,4,4,NA,400989795,2018-02-17
96,2,5:23,323,323,Kellan Grady made Free Throw.,70,59,11,58,0.9675372725589888,0.9675372725589888,Davidson,UMass,4,4,NA,400989795,2018-02-17
97,2,4:25,265,265,KiShawn Pritchett Defensive Rebound.,72,61,11,21,0.9713729240505325,0.9713729240505325,Davidson,UMass,4,4,NA,400989795,2018-02-17
98,2,4:04,244,244,Peyton Aldridge made Free Throw.,73,61,12,0,0.9776448626457497,0.9776448626457497,Davidson,UMass,4,4,NA,400989795,2018-02-17
99,2,4:04,244,244,Peyton Aldridge made Free Throw.,74,61,13,75,0.9835837515025626,0.9835837515025626,Davidson,UMass,4,4,NA,400989795,2018-02-17
100,2,2:49,169,169,Unique McLean Defensive Rebound.,76,63,13,43,0.9944774136271931,0.9944774136271931,Davidson,UMass,4,4,NA,400989795,2018-02-17
101,2,2:06,126,126,Carl Pierre Defensive Rebound.,76,65,11,40,0.9964152365580752,0.9964152365580752,Davidson,UMass,4,4,NA,400989795,2018-02-17
102,2,1:26,86,86,Kellan Grady made Free Throw.,77,67,10,0,0.998745439800873,0.998745439800873,Davidson,UMass,4,4,NA,400989795,2018-02-17
103,2,1:26,86,86,Kellan Grady missed Free Throw.,77,67,10,0,0.998745439800873,0.998745439800873,Davidson,UMass,4,4,NA,400989795,2018-02-17
104,2,1:26,86,86,Malik Hines Defensive Rebound.,77,67,10,11,0.998745439800873,0.998745439800873,Davidson,UMass,4,4,NA,400989795,2018-02-17
105,2,1:15,75,75,Malik Hines made Free Throw.,77,70,7,30,0.9935520330848125,0.9935520330848125,Davidson,UMass,4,4,NA,400989795,2018-02-17
106,2,0:45,45,45,KiShawn Pritchett missed Free Throw.,79,72,7,0,0.997896221785585,0.997896221785585,Davidson,UMass,4,4,NA,400989795,2018-02-17
107,2,0:45,45,45,Davidson Deadball Team Rebound.,79,72,7,0,0.997896221785585,0.997896221785585,Davidson,UMass,4,4,NA,400989795,2018-02-17
108,2,0:45,45,45,KiShawn Pritchett made Free Throw.,80,72,8,14,0.9991265517926287,0.9991265517926287,Davidson,UMass,4,4,NA,400989795,2018-02-17
109,2,0:31,31,31,KiShawn Pritchett Steal.,80,72,8,3,0.9995566270989084,0.9995566270989084,Davidson,UMass,4,4,NA,400989795,2018-02-17
110,2,0:28,28,28,Peyton Aldridge made Free Throw.,81,72,9,0,0.9998574876294023,0.9998574876294023,Davidson,UMass,4,4,NA,400989795,2018-02-17
111,2,0:28,28,28,Peyton Aldridge made Free Throw.,82,72,10,12,0.99994672192996,0.99994672192996,Davidson,UMass,4,4,NA,400989795,2018-02-17
112,2,0:16,16,16,Kellan Grady missed Free Throw.,82,75,7,0,0.9994111560645645,0.9994111560645645,Davidson,UMass,4,4,NA,400989795,2018-02-17
113,2,0:16,16,16,Davidson Deadball Team Rebound.,82,75,7,0,0.9994111560645645,0.9994111560645645,Davidson,UMass,4,4,NA,400989795,2018-02-17
114,2,0:16,16,16,Kellan Grady missed Free Throw.,82,75,7,0,0.9994111560645645,0.9994111560645645,Davidson,UMass,4,4,NA,400989795,2018-02-17
115,2,0:16,16,16,Jaylen Franklin Defensive Rebound.,82,75,7,11,0.9994111560645645,0.9994111560645645,Davidson,UMass,4,4,NA,400989795,2018-02-17
116,2,0:05,5,5,Peyton Aldridge missed Free Throw.,82,78,4,0,0.989632052843119,0.989632052843119,Davidson,UMass,4,4,NA,400989795,2018-02-17
117,2,0:05,5,5,Davidson Deadball Team Rebound.,82,78,4,0,0.989632052843119,0.989632052843119,Davidson,UMass,4,4,NA,400989795,2018-02-17
118,2,0:05,5,5,Peyton Aldridge made Free Throw.,83,78,5,5,0.99665943014498,0.99665943014498,Davidson,UMass,4,4,NA,400989795,2018-02-17
119,2,0:00,0,0,End of Game,83,78,5,0,1,1,Davidson,UMass,4,4,NA,400989795,2018-02-17
