play_id,half,time_remaining_half,secs_remaining,secs_remaining_absolute,description,home_score,away_score,score_diff,play_length,win_prob,naive_win_prob,home,away,home_time_out_remaining,away_time_out_remaining,home_favored_by,game_id,date
1,1,20:00,2400,2400,PLAY,0,0,0,37,0.7802982174794483,0.5,Lafayette,American,4,4,7.9,400991975,2018-02-17
2,1,19:23,2363,2363,Larry Motuzis Steal.,0,2,-2,29,0.7470470126632397,0.45518936608070915,Lafayette,American,4,4,7.9,400991975,2018-02-17
3,1,18:54,2334,2334,Jesse Little Steal.,0,4,-4,28,0.7097680667850923,0.4098673599193656,Lafayette,American,4,4,7.9,400991975,2018-02-17
4,1,18:26,2306,2306,Sam Iorio Defensive Rebound.,0,6,-6,16,0.6683372488164087,0.3648852038488814,Lafayette,American,4,4,7.9,400991975,2018-02-17
5,1,18:10,2290,2290,Eric Stafford Steal.,0,6,-6,4,0.6668774453307953,0.36388809948004197,Lafayette,American,4,4,7.9,400991975,2018-02-17
6,1,18:06,2286,2286,Sa'eed Nelson Steal.,0,6,-6,22,0.6665093742671354,0.3636378733237177,Lafayette,American,4,4,7.9,400991975,2018-02-17
7,1,17:44,2264,2264,Sam Iorio Defensive Rebound.,0,8,-8,109,0.6212170985196406,0.3199247682917749,Lafayette,American,4,4,7.9,400991975,2018-02-17
8,1,15:55,2155,2155,E.J. Stephens Block.,5,14,-9,2,0.58367043992126455,0.2903395929282665,Lafayette,American,4,4,7.9,400991975,2018-02-17
9,1,15:53,2153,2153,Myles Cherry Defensive Rebound.,5,14,-9,32,0.5833832978366587,0.290165702745696,Lafayette,American,4,4,7.9,400991975,2018-02-17
10,1,15:21,2121,2121,Matt Klinewski Defensive Rebound.,7,14,-7,36,0.6270090238369351,0.33040530387879496,Lafayette,American,4,4,7.9,400991975,2018-02-17
11,1,14:45,2085,2085,Sam Iorio Offensive Rebound.,10,14,-4,12,0.6918626186501273,0.39878879851145593,Lafayette,American,4,4,7.9,400991975,2018-02-17
12,1,14:33,2073,2073,Paulius Zalys Defensive Rebound.,10,14,-4,54,0.6909019039765841,0.3982331427836431,Lafayette,American,4,4,7.9,400991975,2018-02-17
13,1,13:39,2019,2019,E.J. Stephens Defensive Rebound.,13,14,-1,10,0.7504823350927461,0.47356061194288745,Lafayette,American,4,4,7.9,400991975,2018-02-17
14,1,13:29,2009,2009,Sam Iorio Block.,13,14,-1,2,0.750027715020562,0.4734364142056067,Lafayette,American,4,4,7.9,400991975,2018-02-17
15,1,13:27,2007,2007,Sam Iorio Defensive Rebound.,13,14,-1,104,0.7499363065860877,0.4734114977310812,Lafayette,American,4,4,7.9,400991975,2018-02-17
16,1,11:43,1903,1903,E.J. Stephens Block.,18,19,-1,1,0.7449594485458065,0.47208048830366944,Lafayette,American,4,4,7.9,400991975,2018-02-17
17,1,11:42,1902,1902,E.J. Stephens Defensive Rebound.,18,19,-1,57,0.7449093424418528,0.4720675168827789,Lafayette,American,4,4,7.9,400991975,2018-02-17
18,1,10:45,1845,1845,Larry Motuzis Offensive Rebound.,20,19,1,15,0.7834552047868704,0.5286734657058288,Lafayette,American,4,4,7.9,400991975,2018-02-17
19,1,10:30,1830,1830,Sam Iorio Defensive Rebound.,20,22,-2,9,0.7183957321655747,0.44245184501589074,Lafayette,American,4,4,7.9,400991975,2018-02-17
20,1,10:21,1821,1821,Larry Motuzis made Free Throw.,20,23,-3,0,0.6936942450459956,0.4138063298511068,Lafayette,American,4,4,7.9,400991975,2018-02-17
21,1,10:21,1821,1821,Larry Motuzis missed Free Throw.,20,23,-3,0,0.6936942450459956,0.4138063298511068,Lafayette,American,4,4,7.9,400991975,2018-02-17
22,1,10:21,1821,1821,Matt Klinewski Defensive Rebound.,20,23,-3,49,0.6936942450459956,0.4138063298511068,Lafayette,American,4,4,7.9,400991975,2018-02-17
23,1,9:32,1772,1772,Sam Iorio made Free Throw.,22,24,-2,0,0.7144245151039567,0.4409213505687559,Lafayette,American,4,4,7.9,400991975,2018-02-17
24,1,9:32,1772,1772,Sam Iorio missed Free Throw.,22,24,-2,0,0.7144245151039567,0.4409213505687559,Lafayette,American,4,4,7.9,400991975,2018-02-17
25,1,9:32,1772,1772,Alex Petrie Defensive Rebound.,22,24,-2,6,0.7144245151039567,0.4409213505687559,Lafayette,American,4,4,7.9,400991975,2018-02-17
26,1,9:26,1766,1766,Matt Klinewski missed Free Throw.,22,24,-2,0,0.7140033966057113,0.44075992932257757,Lafayette,American,4,4,7.9,400991975,2018-02-17
27,1,9:26,1766,1766,Lafayette Deadball Team Rebound.,22,24,-2,0,0.7140033966057113,0.44075992932257757,Lafayette,American,4,4,7.9,400991975,2018-02-17
28,1,9:26,1766,1766,Matt Klinewski made Free Throw.,23,24,-1,16,0.737680394639779,0.470275280471876,Lafayette,American,4,4,7.9,400991975,2018-02-17
29,1,9:10,1750,1750,Alex Petrie Steal.,23,24,-1,83,0.7367777803821831,0.4700559464025223,Lafayette,American,4,4,7.9,400991975,2018-02-17
30,1,7:47,1667,1667,Sam Iorio Block.,25,28,-3,3,0.68028269377755,0.4075778975274836,Lafayette,American,4,4,7.9,400991975,2018-02-17
31,1,7:44,1664,1664,Sam Iorio Defensive Rebound.,25,28,-3,5,0.6800065587195576,0.40745476750699916,Lafayette,American,4,4,7.9,400991975,2018-02-17
32,1,7:39,1659,1659,E.J. Stephens Defensive Rebound.,25,28,-3,11,0.6795453949074531,0.4072505385897216,Lafayette,American,4,4,7.9,400991975,2018-02-17
33,1,7:28,1648,1648,Sa'eed Nelson Steal.,25,28,-3,3,0.6785265623513647,0.4068051340231543,Lafayette,American,4,4,7.9,400991975,2018-02-17
34,1,7:25,1645,1645,Cheikh Diallo Offensive Rebound.,25,28,-3,57,0.6782476454865263,0.4066844838623543,Lafayette,American,4,4,7.9,400991975,2018-02-17
35,1,6:28,1588,1588,Eric Stafford Block.,27,30,-3,3,0.6728520090818281,0.4044268387466266,Lafayette,American,4,4,7.9,400991975,2018-02-17
36,1,6:25,1585,1585,Jesse Little Offensive Rebound.,27,30,-3,17,0.6725624720085599,0.4043083335958776,Lafayette,American,4,4,7.9,400991975,2018-02-17
37,1,6:08,1568,1568,Sa'eed Nelson Steal.,27,30,-3,32,0.6709101184423718,0.40363393176157125,Lafayette,American,4,4,7.9,400991975,2018-02-17
38,1,5:36,1536,1536,Jesse Little Steal.,27,30,-3,24,0.667742480901843,0.4023404403232787,Lafayette,American,4,4,7.9,400991975,2018-02-17
39,1,5:12,1512,1512,Paulius Zalys Defensive Rebound.,27,30,-3,31,0.6653132085925788,0.4013367862300123,Lafayette,American,4,4,7.9,400991975,2018-02-17
40,1,4:41,1481,1481,Sam Iorio Defensive Rebound.,27,30,-3,22,0.6621007181887195,0.39997836968916023,Lafayette,American,4,4,7.9,400991975,2018-02-17
41,1,4:19,1459,1459,Lukas Jarrett Defensive Rebound.,27,30,-3,50,0.6597656700696642,0.39896017050871213,Lafayette,American,4,4,7.9,400991975,2018-02-17
42,1,3:29,1409,1409,Sa'eed Nelson Offensive Rebound.,29,30,-1,52,0.7146409937584235,0.46509304649005123,Lafayette,American,4,4,7.9,400991975,2018-02-17
43,1,2:37,1357,1357,Alex Petrie missed Free Throw.,29,34,-5,0,0.5811125857654482,0.32843549076778067,Lafayette,American,4,4,7.9,400991975,2018-02-17
44,1,2:37,1357,1357,Lafayette Deadball Team Rebound.,29,34,-5,0,0.5811125857654482,0.32843549076778067,Lafayette,American,4,4,7.9,400991975,2018-02-17
45,1,2:37,1357,1357,Alex Petrie made Free Throw.,30,34,-4,55,0.6154775419323518,0.3607257191086699,Lafayette,American,4,4,7.9,400991975,2018-02-17
46,1,1:42,1302,1302,Matt Klinewski Defensive Rebound.,33,34,-1,100,0.7067294191558795,0.46343610387649953,Lafayette,American,4,4,7.9,400991975,2018-02-17
47,1,0:02,1202,1202,Stacy Beckton Defensive Rebound.,39,39,0,1,0.7302339064077524,0.5,Lafayette,American,4,4,7.9,400991975,2018-02-17
48,1,0:01,1201,1201,American Deadball Team Rebound.,39,39,0,1,0.730174967763257,0.5,Lafayette,American,4,4,7.9,400991975,2018-02-17
49,1,0:00,1200,1200,End of 1st half,39,39,0,0,0.730116052392659,0.5,Lafayette,American,4,4,7.9,400991975,2018-02-17
50,2,20:00,1200,1200,PLAY,39,39,0,78,0.730116052392659,0.5,Lafayette,American,4,4,7.9,400991975,2018-02-17
51,2,18:42,1122,1122,Myles Cherry Defensive Rebound.,43,39,4,5,0.8340062853403514,0.6552246408926471,Lafayette,American,4,4,7.9,400991975,2018-02-17
52,2,18:37,1117,1117,Alex Petrie made Free Throw.,44,39,5,0,0.855120615913228,0.6909577353534779,Lafayette,American,4,4,7.9,400991975,2018-02-17
53,2,18:37,1117,1117,Alex Petrie made Free Throw.,45,39,6,58,0.8739408098217165,0.724225785227376,Lafayette,American,4,4,7.9,400991975,2018-02-17
54,2,17:39,1059,1059,Stacy Beckton Block.,47,43,4,0,0.8343268338048847,0.6599271502948385,Lafayette,American,4,4,7.9,400991975,2018-02-17
55,2,17:39,1059,1059,American Defensive Rebound.,47,43,4,104,0.8343268338048847,0.6599271502948385,Lafayette,American,4,4,7.9,400991975,2018-02-17
56,2,15:55,955,955,Sam Iorio Steal.,52,51,1,28,0.7499081294606753,0.5439968566144212,Lafayette,American,4,4,7.9,400991975,2018-02-17
57,2,15:27,927,927,Sa'eed Nelson Block.,52,53,-1,2,0.6757391566558335,0.4552998962532634,Lafayette,American,4,4,7.9,400991975,2018-02-17
58,2,15:25,925,925,Sam Iorio Defensive Rebound.,52,53,-1,56,0.6755750944937662,0.4552528629747278,Lafayette,American,4,4,7.9,400991975,2018-02-17
59,2,14:29,869,869,Sa'eed Nelson missed Free Throw.,54,58,-4,0,0.5399630187975769,0.3234799538373234,Lafayette,American,4,4,7.9,400991975,2018-02-17
60,2,14:29,869,869,Paulius Zalys Defensive Rebound.,54,58,-4,38,0.5399630187975769,0.3234799538373234,Lafayette,American,4,4,7.9,400991975,2018-02-17
61,2,13:51,831,831,Alex Petrie Steal.,57,58,-1,0,0.6681962419550407,0.4531515914520676,Lafayette,American,4,4,7.9,400991975,2018-02-17
62,2,13:51,831,831,Alex Petrie made Free Throw.,58,58,0,0,0.708473785068619,0.5,Lafayette,American,4,4,7.9,400991975,2018-02-17
63,2,13:51,831,831,Alex Petrie missed Free Throw.,58,58,0,0,0.708473785068619,0.5,Lafayette,American,4,4,7.9,400991975,2018-02-17
64,2,13:51,831,831,Lafayette Deadball Team Rebound.,58,58,0,170,0.708473785068619,0.5,Lafayette,American,4,4,7.9,400991975,2018-02-17
65,2,11:01,661,661,Lukas Jarrett Defensive Rebound.,65,63,2,22,0.7782606357019768,0.6042063416531687,Lafayette,American,4,4,7.9,400991975,2018-02-17
66,2,10:39,639,639,Stacy Beckton Block.,65,63,2,0,0.7779817412128134,0.6056369644339262,Lafayette,American,4,4,7.9,400991975,2018-02-17
67,2,10:39,639,639,American Defensive Rebound.,65,63,2,12,0.7779817412128134,0.6056369644339262,Lafayette,American,4,4,7.9,400991975,2018-02-17
68,2,10:27,627,627,Stacy Beckton Offensive Rebound.,65,63,2,9,0.7778449320324076,0.6064644528335327,Lafayette,American,4,4,7.9,400991975,2018-02-17
69,2,10:18,618,618,Matt Klinewski Block.,65,63,2,1,0.7777554989102966,0.6071210894902115,Lafayette,American,4,4,7.9,400991975,2018-02-17
70,2,10:17,617,617,Lafayette Defensive Rebound.,65,63,2,19,0.777746423690767,0.6071963375924939,Lafayette,American,4,4,7.9,400991975,2018-02-17
71,2,9:58,598,598,Alex Petrie made Free Throw.,66,63,3,0,0.8134847765214257,0.659929206077983,Lafayette,American,4,4,7.9,400991975,2018-02-17
72,2,9:58,598,598,Alex Petrie made Free Throw.,67,63,4,41,0.844724196647751,0.7076445720836724,Lafayette,American,4,4,7.9,400991975,2018-02-17
73,2,9:17,557,557,Lafayette Offensive Rebound.,67,65,2,12,0.7777091847134804,0.6129908536281715,Lafayette,American,4,4,7.9,400991975,2018-02-17
74,2,9:05,545,545,Sam Iorio Defensive Rebound.,67,65,2,16,0.7778517166465516,0.6145242237215509,Lafayette,American,4,4,7.9,400991975,2018-02-17
75,2,8:49,529,529,Myles Cherry Defensive Rebound.,67,65,2,21,0.7779164283791382,0.6163402540253146,Lafayette,American,4,4,7.9,400991975,2018-02-17
76,2,8:28,508,508,Myles Cherry Offensive Rebound.,67,65,2,18,0.7778226857754801,0.6183988260313151,Lafayette,American,4,4,7.9,400991975,2018-02-17
77,2,8:10,490,490,Eric Stafford made Free Throw.,68,65,3,0,0.8171746397961971,0.6759045613611845,Lafayette,American,4,4,7.9,400991975,2018-02-17
78,2,8:10,490,490,Eric Stafford made Free Throw.,69,65,4,68,0.8509822779058077,0.7271118801299634,Lafayette,American,4,4,7.9,400991975,2018-02-17
79,2,7:02,422,422,Lukas Jarrett Defensive Rebound.,71,67,4,50,0.8568884302206581,0.7431990515632535,Lafayette,American,4,4,7.9,400991975,2018-02-17
80,2,6:12,372,372,Paulius Zalys Defensive Rebound.,74,67,7,14,0.9360859769772568,0.8797925336626364,Lafayette,American,4,4,7.9,400991975,2018-02-17
81,2,5:58,358,358,Eric Stafford Offensive Rebound.,74,67,7,22,0.9378783358783849,0.8840224073434487,Lafayette,American,4,4,7.9,400991975,2018-02-17
82,2,5:36,336,336,Alex Petrie made Free Throw.,77,67,10,101,0.9752949640884252,0.952988856680769,Lafayette,American,4,4,7.9,400991975,2018-02-17
83,2,3:55,235,235,Cheikh Diallo made Free Throw.,81,73,8,0,0.9567111702138021,0.9250992972031368,Lafayette,American,4,4,7.9,400991975,2018-02-17
84,2,3:55,235,235,Cheikh Diallo made Free Throw.,81,74,7,63,0.9416618333481698,0.9002064506035679,Lafayette,American,4,4,7.9,400991975,2018-02-17
85,2,2:52,172,172,Sa'eed Nelson made Free Throw.,84,77,7,0,0.9632664184783134,0.9399340088877984,Lafayette,American,4,4,7.9,400991975,2018-02-17
86,2,2:52,172,172,Sa'eed Nelson made Free Throw.,84,78,6,6,0.9465323957847515,0.9135250840022943,Lafayette,American,4,4,7.9,400991975,2018-02-17
87,2,2:46,166,166,Stacy Beckton Defensive Rebound.,84,78,6,28,0.9500896083145445,0.9196081156609256,Lafayette,American,4,4,7.9,400991975,2018-02-17
88,2,2:18,138,138,Sam Iorio Defensive Rebound.,84,81,3,29,0.8702520214918332,0.8065455350636613,Lafayette,American,4,4,7.9,400991975,2018-02-17
89,2,1:49,109,109,Paulius Zalys Offensive Rebound.,84,81,3,0,0.8955903108042755,0.8470066096548361,Lafayette,American,4,4,7.9,400991975,2018-02-17
90,2,1:49,109,109,Paulius Zalys made Free Throw.,85,81,4,0,0.9381732498711677,0.9073544044319374,Lafayette,American,4,4,7.9,400991975,2018-02-17
91,2,1:49,109,109,Paulius Zalys missed Free Throw.,85,81,4,0,0.9381732498711677,0.9073544044319374,Lafayette,American,4,4,7.9,400991975,2018-02-17
92,2,1:49,109,109,Larry Motuzis Defensive Rebound.,85,81,4,9,0.9381732498711677,0.9073544044319374,Lafayette,American,4,4,7.9,400991975,2018-02-17
93,2,1:40,100,100,Sa'eed Nelson missed Free Throw.,85,81,4,0,0.9453519159593161,0.9187215295681928,Lafayette,American,4,4,7.9,400991975,2018-02-17
94,2,1:40,100,100,Matt Klinewski Defensive Rebound.,85,81,4,26,0.9453519159593161,0.9187215295681928,Lafayette,American,4,4,7.9,400991975,2018-02-17
95,2,1:14,74,74,Alex Petrie missed Free Throw.,85,81,4,0,0.9639700337510833,0.9477587874565641,Lafayette,American,4,4,7.9,400991975,2018-02-17
96,2,1:14,74,74,Lafayette Deadball Team Rebound.,85,81,4,0,0.9639700337510833,0.9477587874565641,Lafayette,American,4,4,7.9,400991975,2018-02-17
97,2,1:14,74,74,Alex Petrie made Free Throw.,86,81,5,19,0.9822117065637544,0.9739865913149823,Lafayette,American,4,4,7.9,400991975,2018-02-17
98,2,0:55,55,55,Larry Motuzis Offensive Rebound.,86,81,5,2,0.9887821167048668,0.9839995397831245,Lafayette,American,4,4,7.9,400991975,2018-02-17
99,2,0:53,53,53,Larry Motuzis missed Free Throw.,86,81,5,0,0.9893453653001384,0.9848451252732019,Lafayette,American,4,4,7.9,400991975,2018-02-17
100,2,0:53,53,53,Paulius Zalys Defensive Rebound.,86,81,5,2,0.9893453653001384,0.9848451252732019,Lafayette,American,4,4,7.9,400991975,2018-02-17
101,2,0:51,51,51,Marvin Bragg Steal.,86,81,5,10,0.9898868166318622,0.9856556264021654,Lafayette,American,4,4,7.9,400991975,2018-02-17
102,2,0:41,41,41,Lukas Jarrett Defensive Rebound.,86,81,5,12,0.9922894617437292,0.9892205771948825,Lafayette,American,4,4,7.9,400991975,2018-02-17
103,2,0:29,29,29,Stacy Beckton Steal.,86,81,5,11,0.9945528900554419,0.9925223005850036,Lafayette,American,4,4,7.9,400991975,2018-02-17
104,2,0:18,18,18,Alex Petrie made Free Throw.,87,83,4,0,0.9889731490901641,0.9851606695394957,Lafayette,American,4,4,7.9,400991975,2018-02-17
105,2,0:18,18,18,Alex Petrie made Free Throw.,88,83,5,9,0.9961090941911632,0.9947507371379145,Lafayette,American,4,4,7.9,400991975,2018-02-17
106,2,0:09,9,9,Eric Stafford Defensive Rebound.,88,83,5,2,0.9971021021047369,0.9961477412586438,Lafayette,American,4,4,7.9,400991975,2018-02-17
107,2,0:07,7,7,Eric Stafford made Free Throw.,89,83,6,0,0.999119316733837,0.9988324936396711,Lafayette,American,4,4,7.9,400991975,2018-02-17
108,2,0:07,7,7,Eric Stafford made Free Throw.,90,83,7,5,0.9997139956799647,0.9996207755773373,Lafayette,American,4,4,7.9,400991975,2018-02-17
109,2,0:02,2,2,Sam Iorio Offensive Rebound.,90,83,7,1,0.9997759789378904,0.9997054994279811,Lafayette,American,4,4,7.9,400991975,2018-02-17
110,2,0:01,1,1,Sam Iorio made Two Point Tip Shot.,90,85,5,1,0.9977965176741727,0.9971100707139258,Lafayette,American,4,4,7.9,400991975,2018-02-17
111,2,0:00,0,0,End of Game,90,83,7,0,1,1,Lafayette,American,4,4,7.9,400991975,2018-02-17
