play_id,half,time_remaining_half,secs_remaining,secs_remaining_absolute,description,home_score,away_score,score_diff,play_length,win_prob,naive_win_prob,home,away,home_time_out_remaining,away_time_out_remaining,home_favored_by,game_id,date
1,1,20:00,2400,2400,PLAY,0,0,0,14,0.5,0.5,Florida Atlantic,Florida International,4,4,NA,400992668,2018-02-17
2,1,19:46,2386,2386,William Pfister Offensive Rebound.,0,0,0,112,0.5,0.5,Florida Atlantic,Florida International,4,4,NA,400992668,2018-02-17
3,1,17:54,2274,2274,Brian Beard Jr. Defensive Rebound.,4,2,2,50,0.5467682100997949,0.5467682100997949,Florida Atlantic,Florida International,4,4,NA,400992668,2018-02-17
4,1,17:04,2224,2224,Trejon Jacob made Free Throw.,6,5,1,0,0.5240057934687719,0.5240057934687719,Florida Atlantic,Florida International,4,4,NA,400992668,2018-02-17
5,1,17:04,2224,2224,Trejon Jacob made Free Throw.,6,6,0,16,0.5,0.5,Florida Atlantic,Florida International,4,4,NA,400992668,2018-02-17
6,1,16:48,2208,2208,Trejon Jacob Steal.,6,6,0,9,0.5,0.5,Florida Atlantic,Florida International,4,4,NA,400992668,2018-02-17
7,1,16:39,2199,2199,Florida International Offensive Rebound.,6,6,0,7,0.5,0.5,Florida Atlantic,Florida International,4,4,NA,400992668,2018-02-17
8,1,16:32,2192,2192,Payton Hulsey Defensive Rebound.,6,6,0,11,0.5,0.5,Florida Atlantic,Florida International,4,4,NA,400992668,2018-02-17
9,1,16:21,2181,2181,Justin Massey Offensive Rebound.,6,6,0,30,0.5,0.5,Florida Atlantic,Florida International,4,4,NA,400992668,2018-02-17
10,1,15:51,2151,2151,Justin Massey Steal.,9,6,3,50,0.5740696017908535,0.5740696017908535,Florida Atlantic,Florida International,4,4,NA,400992668,2018-02-17
11,1,15:01,2101,2101,Brian Beard Jr. Steal.,11,8,3,24,0.5758064036418306,0.5758064036418306,Florida Atlantic,Florida International,4,4,NA,400992668,2018-02-17
12,1,14:37,2077,2077,Michael Douglas Block.,11,8,3,0,0.5766518461391447,0.5766518461391447,Florida Atlantic,Florida International,4,4,NA,400992668,2018-02-17
13,1,14:37,2077,2077,Offensive Rebound.,11,8,3,11,0.5766518461391447,0.5766518461391447,Florida Atlantic,Florida International,4,4,NA,400992668,2018-02-17
14,1,14:26,2066,2066,Michael Douglas Defensive Rebound.,11,8,3,25,0.5770421607350587,0.5770421607350587,Florida Atlantic,Florida International,4,4,NA,400992668,2018-02-17
15,1,14:01,2041,2041,Defensive Rebound.,11,8,3,16,0.5779362709747449,0.5779362709747449,Florida Atlantic,Florida International,4,4,NA,400992668,2018-02-17
16,1,13:45,2025,2025,Eric Lockett Defensive Rebound.,11,8,3,10,0.5785139035461563,0.5785139035461563,Florida Atlantic,Florida International,4,4,NA,400992668,2018-02-17
17,1,13:35,2015,2015,Jay Harvey Offensive Rebound.,11,8,3,4,0.5788771723151209,0.5788771723151209,Florida Atlantic,Florida International,4,4,NA,400992668,2018-02-17
18,1,13:31,2011,2011,William Pfister Block.,11,8,3,1,0.5790229776748573,0.5790229776748573,Florida Atlantic,Florida International,4,4,NA,400992668,2018-02-17
19,1,13:30,2010,2010,Eric Lockett Offensive Rebound.,11,8,3,74,0.579059474071448,0.579059474071448,Florida Atlantic,Florida International,4,4,NA,400992668,2018-02-17
20,1,12:16,1936,1936,Trejon Jacob Steal.,13,13,0,5,0.5,0.5,Florida Atlantic,Florida International,4,4,NA,400992668,2018-02-17
21,1,12:11,1931,1931,Trejon Jacob made Free Throw.,13,14,-1,0,0.4724441908052441,0.4724441908052441,Florida Atlantic,Florida International,4,4,NA,400992668,2018-02-17
22,1,12:11,1931,1931,Trejon Jacob made Free Throw.,13,15,-2,39,0.4450552647319271,0.4450552647319271,Florida Atlantic,Florida International,4,4,NA,400992668,2018-02-17
23,1,11:32,1892,1892,Jay Harvey Offensive Rebound.,16,15,1,20,0.5280621840448054,0.5280621840448054,Florida Atlantic,Florida International,4,4,NA,400992668,2018-02-17
24,1,11:12,1872,1872,Michael Douglas Defensive Rebound.,16,18,-2,15,0.4435376503691006,0.4435376503691006,Florida Atlantic,Florida International,4,4,NA,400992668,2018-02-17
25,1,10:57,1857,1857,Jay Harvey Offensive Rebound.,16,18,-2,7,0.44315115138806743,0.44315115138806743,Florida Atlantic,Florida International,4,4,NA,400992668,2018-02-17
26,1,10:50,1850,1850,Trejon Jacob Offensive Rebound.,16,18,-2,24,0.4429703739545296,0.4429703739545296,Florida Atlantic,Florida International,4,4,NA,400992668,2018-02-17
27,1,10:26,1826,1826,Eric Lockett Defensive Rebound.,16,18,-2,9,0.44234770370639437,0.44234770370639437,Florida Atlantic,Florida International,4,4,NA,400992668,2018-02-17
28,1,10:17,1817,1817,Ronald Delph Defensive Rebound.,16,18,-2,8,0.4421127563427323,0.4421127563427323,Florida Atlantic,Florida International,4,4,NA,400992668,2018-02-17
29,1,10:09,1809,1809,Eric Lockett Defensive Rebound.,16,18,-2,18,0.4419031096968457,0.4419031096968457,Florida Atlantic,Florida International,4,4,NA,400992668,2018-02-17
30,1,9:51,1791,1791,Brian Beard Jr. missed Free Throw.,16,18,-2,0,0.44142821819479267,0.44142821819479267,Florida Atlantic,Florida International,4,4,NA,400992668,2018-02-17
31,1,9:51,1791,1791,Florida International Deadball Team Rebound.,16,18,-2,0,0.44142821819479267,0.44142821819479267,Florida Atlantic,Florida International,4,4,NA,400992668,2018-02-17
32,1,9:51,1791,1791,Brian Beard Jr. made Free Throw.,16,19,-3,16,0.41264261857141254,0.41264261857141254,Florida Atlantic,Florida International,4,4,NA,400992668,2018-02-17
33,1,9:35,1775,1775,Eric Lockett Defensive Rebound.,16,19,-3,27,0.4120139757486443,0.4120139757486443,Florida Atlantic,Florida International,4,4,NA,400992668,2018-02-17
34,1,9:08,1748,1748,Devorious Brown Offensive Rebound.,16,21,-5,157,0.35430872135255226,0.35430872135255226,Florida Atlantic,Florida International,4,4,NA,400992668,2018-02-17
35,1,6:31,1591,1591,Eric Lockett Defensive Rebound.,25,25,0,30,0.5,0.5,Florida Atlantic,Florida International,4,4,NA,400992668,2018-02-17
36,1,6:01,1561,1561,Payton Hulsey Defensive Rebound.,25,25,0,24,0.5,0.5,Florida Atlantic,Florida International,4,4,NA,400992668,2018-02-17
37,1,5:37,1537,1537,Jay Harvey Offensive Rebound.,27,25,2,30,0.5655459114045983,0.5655459114045983,Florida Atlantic,Florida International,4,4,NA,400992668,2018-02-17
38,1,5:07,1507,1507,Justin Massey Defensive Rebound.,29,27,2,25,0.5664034965428087,0.5664034965428087,Florida Atlantic,Florida International,4,4,NA,400992668,2018-02-17
39,1,4:42,1482,1482,Payton Hulsey made Free Throw.,30,27,3,0,0.5999765069109699,0.5999765069109699,Florida Atlantic,Florida International,4,4,NA,400992668,2018-02-17
40,1,4:42,1482,1482,Payton Hulsey made Free Throw.,31,27,4,7,0.6319263103955998,0.6319263103955998,Florida Atlantic,Florida International,4,4,NA,400992668,2018-02-17
41,1,4:35,1475,1475,Hassan Hussein Offensive Rebound.,31,27,4,12,0.6323370395499477,0.6323370395499477,Florida Atlantic,Florida International,4,4,NA,400992668,2018-02-17
42,1,4:23,1463,1463,Ronald Delph Defensive Rebound.,31,27,4,9,0.6330558604745857,0.6330558604745857,Florida Atlantic,Florida International,4,4,NA,400992668,2018-02-17
43,1,4:14,1454,1454,Payton Hulsey Offensive Rebound.,31,27,4,3,0.6336080508771188,0.6336080508771188,Florida Atlantic,Florida International,4,4,NA,400992668,2018-02-17
44,1,4:11,1451,1451,William Pfister Offensive Rebound.,31,27,4,3,0.6337947476519342,0.6337947476519342,Florida Atlantic,Florida International,4,4,NA,400992668,2018-02-17
45,1,4:08,1448,1448,William Pfister Offensive Rebound.,31,27,4,10,0.6339822003567207,0.6339822003567207,Florida Atlantic,Florida International,4,4,NA,400992668,2018-02-17
46,1,3:58,1438,1438,William Pfister Offensive Rebound.,31,27,4,6,0.634598257561947,0.634598257561947,Florida Atlantic,Florida International,4,4,NA,400992668,2018-02-17
47,1,3:52,1432,1432,Trejon Jacob Defensive Rebound.,31,27,4,40,0.6349615939671319,0.6349615939671319,Florida Atlantic,Florida International,4,4,NA,400992668,2018-02-17
48,1,3:12,1392,1392,Brian Beard Jr. Steal.,31,29,2,4,0.5699926050585921,0.5699926050585921,Florida Atlantic,Florida International,4,4,NA,400992668,2018-02-17
49,1,3:08,1388,1388,Josh Stamps missed Free Throw.,31,31,0,0,0.5,0.5,Florida Atlantic,Florida International,4,4,NA,400992668,2018-02-17
50,1,3:08,1388,1388,Amir Smith Defensive Rebound.,31,31,0,54,0.5,0.5,Florida Atlantic,Florida International,4,4,NA,400992668,2018-02-17
51,1,2:14,1334,1334,Justin Massey made Free Throw.,32,33,-1,0,0.4639441788019787,0.4639441788019787,Florida Atlantic,Florida International,4,4,NA,400992668,2018-02-17
52,1,2:14,1334,1334,Justin Massey made Free Throw.,33,33,0,28,0.5,0.5,Florida Atlantic,Florida International,4,4,NA,400992668,2018-02-17
53,1,1:46,1306,1306,Brian Beard Jr. Steal.,33,35,-2,65,0.4273891967384899,0.4273891967384899,Florida Atlantic,Florida International,4,4,NA,400992668,2018-02-17
54,1,0:41,1241,1241,William Pfister Defensive Rebound.,39,40,-1,41,0.4623602696026748,0.4623602696026748,Florida Atlantic,Florida International,4,4,NA,400992668,2018-02-17
55,1,0:00,1200,1200,End of 1st half,39,42,-3,0,0.38634786325026177,0.38634786325026177,Florida Atlantic,Florida International,4,4,NA,400992668,2018-02-17
56,2,20:00,1200,1200,PLAY,39,42,-3,43,0.38634786325026177,0.38634786325026177,Florida Atlantic,Florida International,4,4,NA,400992668,2018-02-17
57,2,19:17,1157,1157,Trejon Jacob Defensive Rebound.,39,44,-5,9,0.3124460004175854,0.3124460004175854,Florida Atlantic,Florida International,4,4,NA,400992668,2018-02-17
58,2,19:08,1148,1148,Brian Beard Jr. Defensive Rebound.,39,44,-5,14,0.3116774982568415,0.3116774982568415,Florida Atlantic,Florida International,4,4,NA,400992668,2018-02-17
59,2,18:54,1134,1134,Eric Lockett made Free Throw.,39,47,-8,18,0.21813913097306348,0.21813913097306348,Florida Atlantic,Florida International,4,4,NA,400992668,2018-02-17
60,2,18:36,1116,1116,Eric Lockett Defensive Rebound.,39,47,-8,24,0.21619144442111685,0.21619144442111685,Florida Atlantic,Florida International,4,4,NA,400992668,2018-02-17
61,2,18:12,1092,1092,William Pfister Defensive Rebound.,39,47,-8,23,0.2135688104408922,0.2135688104408922,Florida Atlantic,Florida International,4,4,NA,400992668,2018-02-17
62,2,17:49,1069,1069,Justin Massey Steal.,41,47,-6,3,0.2710617829062453,0.2710617829062453,Florida Atlantic,Florida International,4,4,NA,400992668,2018-02-17
63,2,17:46,1066,1066,Hassan Hussein Defensive Rebound.,41,47,-6,21,0.27075544438826943,0.27075544438826943,Florida Atlantic,Florida International,4,4,NA,400992668,2018-02-17
64,2,17:25,1045,1045,Defensive Rebound.,41,47,-6,19,0.2685534728657256,0.2685534728657256,Florida Atlantic,Florida International,4,4,NA,400992668,2018-02-17
65,2,17:06,1026,1026,Jay Harvey Defensive Rebound.,41,47,-6,6,0.2664579606516608,0.2664579606516608,Florida Atlantic,Florida International,4,4,NA,400992668,2018-02-17
66,2,17:00,1020,1020,Payton Hulsey Defensive Rebound.,41,47,-6,8,0.265772436430524,0.265772436430524,Florida Atlantic,Florida International,4,4,NA,400992668,2018-02-17
67,2,16:52,1012,1012,Hassan Hussein Defensive Rebound.,41,47,-6,31,0.2648388576952001,0.2648388576952001,Florida Atlantic,Florida International,4,4,NA,400992668,2018-02-17
68,2,16:21,981,981,Hassan Hussein Offensive Rebound.,41,47,-6,9,0.2609846204061824,0.2609846204061824,Florida Atlantic,Florida International,4,4,NA,400992668,2018-02-17
69,2,16:12,972,972,Payton Hulsey Steal.,41,47,-6,3,0.2597872591057106,0.2597872591057106,Florida Atlantic,Florida International,4,4,NA,400992668,2018-02-17
70,2,16:09,969,969,Devorious Brown made Free Throw.,42,47,-5,0,0.2943548013639864,0.2943548013639864,Florida Atlantic,Florida International,4,4,NA,400992668,2018-02-17
71,2,16:09,969,969,Devorious Brown made Free Throw.,43,47,-4,25,0.33193165984051853,0.33193165984051853,Florida Atlantic,Florida International,4,4,NA,400992668,2018-02-17
72,2,15:44,944,944,Ronald Delph Block.,43,47,-4,4,0.3295082493581304,0.3295082493581304,Florida Atlantic,Florida International,4,4,NA,400992668,2018-02-17
73,2,15:40,940,940,Eric Lockett Offensive Rebound.,43,47,-4,20,0.3291496273593449,0.3291496273593449,Florida Atlantic,Florida International,4,4,NA,400992668,2018-02-17
74,2,15:20,920,920,Ronald Delph Offensive Rebound.,43,47,-4,68,0.327448504296731,0.327448504296731,Florida Atlantic,Florida International,4,4,NA,400992668,2018-02-17
75,2,14:12,852,852,Payton Hulsey Steal.,47,47,0,36,0.5,0.5,Florida Atlantic,Florida International,4,4,NA,400992668,2018-02-17
76,2,13:36,816,816,Jay Harvey missed Free Throw.,49,47,2,0,0.5936132145769233,0.5936132145769233,Florida Atlantic,Florida International,4,4,NA,400992668,2018-02-17
77,2,13:36,816,816,Florida International Deadball Team Rebound.,49,47,2,0,0.5936132145769233,0.5936132145769233,Florida Atlantic,Florida International,4,4,NA,400992668,2018-02-17
78,2,13:36,816,816,Jay Harvey missed Free Throw.,49,47,2,0,0.5936132145769233,0.5936132145769233,Florida Atlantic,Florida International,4,4,NA,400992668,2018-02-17
79,2,13:36,816,816,Gerdarius Troutman Defensive Rebound.,49,47,2,23,0.5936132145769233,0.5936132145769233,Florida Atlantic,Florida International,4,4,NA,400992668,2018-02-17
80,2,13:13,793,793,Brian Beard Jr. Steal.,49,47,2,17,0.5948511850622467,0.5948511850622467,Florida Atlantic,Florida International,4,4,NA,400992668,2018-02-17
81,2,12:56,776,776,Josh Stamps Defensive Rebound.,49,49,0,8,0.5,0.5,Florida Atlantic,Florida International,4,4,NA,400992668,2018-02-17
82,2,12:48,768,768,William Pfister Defensive Rebound.,49,49,0,29,0.5,0.5,Florida Atlantic,Florida International,4,4,NA,400992668,2018-02-17
83,2,12:19,739,739,Jailyn Ingram Defensive Rebound.,52,49,3,85,0.6454635983148065,0.6454635983148065,Florida Atlantic,Florida International,4,4,NA,400992668,2018-02-17
84,2,10:54,654,654,Gerdarius Troutman Defensive Rebound.,54,51,3,49,0.6541530202589837,0.6541530202589837,Florida Atlantic,Florida International,4,4,NA,400992668,2018-02-17
85,2,10:05,605,605,Anthony Adger Defensive Rebound.,56,51,5,17,0.750027950115316,0.750027950115316,Florida Atlantic,Florida International,4,4,NA,400992668,2018-02-17
86,2,9:48,588,588,Eric Lockett Defensive Rebound.,56,51,5,25,0.7529596654734051,0.7529596654734051,Florida Atlantic,Florida International,4,4,NA,400992668,2018-02-17
87,2,9:23,563,563,Michael Douglas Defensive Rebound.,56,53,3,16,0.6649163801254949,0.6649163801254949,Florida Atlantic,Florida International,4,4,NA,400992668,2018-02-17
88,2,9:07,547,547,Brian Beard Jr. made Free Throw.,56,54,2,0,0.6142734221114173,0.6142734221114173,Florida Atlantic,Florida International,4,4,NA,400992668,2018-02-17
89,2,9:07,547,547,Brian Beard Jr. made Free Throw.,56,55,1,22,0.5579029724518614,0.5579029724518614,Florida Atlantic,Florida International,4,4,NA,400992668,2018-02-17
90,2,8:45,525,525,Michael Douglas Steal.,56,55,1,39,0.5591943732679755,0.5591943732679755,Florida Atlantic,Florida International,4,4,NA,400992668,2018-02-17
91,2,8:06,486,486,Michael Douglas Defensive Rebound.,56,57,-1,57,0.43884618513043555,0.43884618513043555,Florida Atlantic,Florida International,4,4,NA,400992668,2018-02-17
92,2,7:09,429,429,Jailyn Ingram Steal.,56,59,-3,3,0.3124945454354278,0.3124945454354278,Florida Atlantic,Florida International,4,4,NA,400992668,2018-02-17
93,2,7:06,426,426,Gerdarius Troutman made Free Throw.,57,59,-2,0,0.37095479204016835,0.37095479204016835,Florida Atlantic,Florida International,4,4,NA,400992668,2018-02-17
94,2,7:06,426,426,Gerdarius Troutman made Free Throw.,58,59,-1,37,0.4343655740282014,0.4343655740282014,Florida Atlantic,Florida International,4,4,NA,400992668,2018-02-17
95,2,6:29,389,389,William Pfister Steal.,58,59,-1,3,0.4309603591836806,0.4309603591836806,Florida Atlantic,Florida International,4,4,NA,400992668,2018-02-17
96,2,6:26,386,386,Jailyn Ingram made Free Throw.,59,59,0,0,0.5,0.5,Florida Atlantic,Florida International,4,4,NA,400992668,2018-02-17
97,2,6:26,386,386,Jailyn Ingram made Free Throw.,60,59,1,8,0.5693099664733523,0.5693099664733523,Florida Atlantic,Florida International,4,4,NA,400992668,2018-02-17
98,2,6:18,378,378,Jay Harvey Offensive Rebound.,60,59,1,6,0.5700439992343206,0.5700439992343206,Florida Atlantic,Florida International,4,4,NA,400992668,2018-02-17
99,2,6:12,372,372,Trejon Jacob missed Free Throw.,60,59,1,0,0.5706129547338968,0.5706129547338968,Florida Atlantic,Florida International,4,4,NA,400992668,2018-02-17
100,2,6:12,372,372,Florida International Deadball Team Rebound.,60,59,1,0,0.5706129547338968,0.5706129547338968,Florida Atlantic,Florida International,4,4,NA,400992668,2018-02-17
101,2,6:12,372,372,Trejon Jacob made Free Throw.,60,60,0,15,0.5,0.5,Florida Atlantic,Florida International,4,4,NA,400992668,2018-02-17
102,2,5:57,357,357,Trejon Jacob Steal.,60,60,0,3,0.5,0.5,Florida Atlantic,Florida International,4,4,NA,400992668,2018-02-17
103,2,5:54,354,354,Trejon Jacob made Free Throw.,60,61,-1,0,0.42752873665567404,0.42752873665567404,Florida Atlantic,Florida International,4,4,NA,400992668,2018-02-17
104,2,5:54,354,354,Trejon Jacob made Free Throw.,60,62,-2,36,0.35803982046767235,0.35803982046767235,Florida Atlantic,Florida International,4,4,NA,400992668,2018-02-17
105,2,5:18,318,318,Jay Harvey Offensive Rebound.,62,62,0,41,0.5,0.5,Florida Atlantic,Florida International,4,4,NA,400992668,2018-02-17
106,2,4:37,277,277,Brian Beard Jr. made Free Throw.,64,65,-1,0,0.41979798962836257,0.41979798962836257,Florida Atlantic,Florida International,4,4,NA,400992668,2018-02-17
107,2,4:37,277,277,Brian Beard Jr. made Free Throw.,64,66,-2,43,0.34361956189957393,0.34361956189957393,Florida Atlantic,Florida International,4,4,NA,400992668,2018-02-17
108,2,3:54,234,234,Florida International Offensive Rebound.,67,66,1,20,0.577924846939442,0.577924846939442,Florida Atlantic,Florida International,4,4,NA,400992668,2018-02-17
109,2,3:34,214,214,Ronald Delph Offensive Rebound.,67,68,-1,72,0.4202422927351815,0.4202422927351815,Florida Atlantic,Florida International,4,4,NA,400992668,2018-02-17
110,2,2:22,142,142,William Pfister Defensive Rebound.,69,68,1,0,0.6141790467362154,0.6141790467362154,Florida Atlantic,Florida International,4,4,NA,400992668,2018-02-17
111,2,2:22,142,142,Eric Lockett Defensive Rebound.,69,68,1,18,0.6141790467362154,0.6141790467362154,Florida Atlantic,Florida International,4,4,NA,400992668,2018-02-17
112,2,2:04,124,124,Brian Beard Jr. made Free Throw.,69,69,0,0,0.5,0.5,Florida Atlantic,Florida International,4,4,NA,400992668,2018-02-17
113,2,2:04,124,124,Brian Beard Jr. made Free Throw.,69,70,-1,10,0.3733266436572909,0.3733266436572909,Florida Atlantic,Florida International,4,4,NA,400992668,2018-02-17
114,2,1:54,114,114,Offensive Rebound.,69,70,-1,25,0.36540077895184797,0.36540077895184797,Florida Atlantic,Florida International,4,4,NA,400992668,2018-02-17
115,2,1:29,89,89,Ronald Delph Offensive Rebound.,69,70,-1,6,0.34199021292651943,0.34199021292651943,Florida Atlantic,Florida International,4,4,NA,400992668,2018-02-17
116,2,1:23,83,83,Brian Beard Jr. Defensive Rebound.,69,70,-1,30,0.3358815382198814,0.3358815382198814,Florida Atlantic,Florida International,4,4,NA,400992668,2018-02-17
117,2,0:53,53,53,Payton Hulsey Defensive Rebound.,69,70,-1,28,0.3026242488262776,0.3026242488262776,Florida Atlantic,Florida International,4,4,NA,400992668,2018-02-17
118,2,0:25,25,25,Ronald Delph Defensive Rebound.,72,70,2,2,0.8814499561627452,0.8814499561627452,Florida Atlantic,Florida International,4,4,NA,400992668,2018-02-17
119,2,0:23,23,23,Ronald Delph made Free Throw.,73,70,3,0,0.954692519920652,0.954692519920652,Florida Atlantic,Florida International,4,4,NA,400992668,2018-02-17
120,2,0:23,23,23,Ronald Delph made Free Throw.,74,70,4,5,0.983108178118838,0.983108178118838,Florida Atlantic,Florida International,4,4,NA,400992668,2018-02-17
121,2,0:18,18,18,Trejon Jacob Offensive Rebound.,74,70,4,4,0.9851606695394957,0.9851606695394957,Florida Atlantic,Florida International,4,4,NA,400992668,2018-02-17
122,2,0:14,14,14,Gerdarius Troutman made Free Throw.,75,72,3,0,0.9618843639125265,0.9618843639125265,Florida Atlantic,Florida International,4,4,NA,400992668,2018-02-17
123,2,0:14,14,14,Gerdarius Troutman made Free Throw.,76,72,4,5,0.9866705395591697,0.9866705395591697,Florida Atlantic,Florida International,4,4,NA,400992668,2018-02-17
124,2,0:09,9,9,Jailyn Ingram Steal.,76,72,4,2,0.988389749540432,0.988389749540432,Florida Atlantic,Florida International,4,4,NA,400992668,2018-02-17
125,2,0:07,7,7,Jailyn Ingram made Free Throw.,77,72,5,0,0.9964115169478466,0.9964115169478466,Florida Atlantic,Florida International,4,4,NA,400992668,2018-02-17
126,2,0:07,7,7,Jailyn Ingram missed Free Throw.,77,72,5,0,0.9964115169478466,0.9964115169478466,Florida Atlantic,Florida International,4,4,NA,400992668,2018-02-17
127,2,0:07,7,7,Eric Lockett Defensive Rebound.,77,72,5,6,0.9964115169478466,0.9964115169478466,Florida Atlantic,Florida International,4,4,NA,400992668,2018-02-17
128,2,0:01,1,1,Jay Harvey Offensive Rebound.,77,72,5,1,0.9971100707139258,0.9971100707139258,Florida Atlantic,Florida International,4,4,NA,400992668,2018-02-17
129,2,0:00,0,0,End of Game,77,72,5,0,1,1,Florida Atlantic,Florida International,4,4,NA,400992668,2018-02-17
