play_id,half,time_remaining_half,secs_remaining,secs_remaining_absolute,description,home_score,away_score,score_diff,play_length,win_prob,naive_win_prob,home,away,home_time_out_remaining,away_time_out_remaining,home_favored_by,game_id,date
1,1,20:00,2400,2400,PLAY,0,0,0,38,0.07236918282092794,0.5,Rice,Western Kentucky,4,4,-15.9,400992672,2018-02-17
2,1,19:22,2362,2362,Darius Thompson Steal.,0,2,-2,28,0.0617554706318592,0.4551678976921304,Rice,Western Kentucky,4,4,-15.9,400992672,2018-02-17
3,1,18:54,2334,2334,Lamonte Bearden Defensive Rebound.,0,4,-4,65,0.05225297624767056,0.4098673599193656,Rice,Western Kentucky,4,4,-15.9,400992672,2018-02-17
4,1,17:49,2269,2269,Western Kentucky Defensive Rebound.,0,8,-8,21,0.03671150737416251,0.3203204383272265,Rice,Western Kentucky,4,4,-15.9,400992672,2018-02-17
5,1,17:28,2248,2248,Bishop Mency Defensive Rebound.,0,8,-8,8,0.03666344976051342,0.31865545321291033,Rice,Western Kentucky,4,4,-15.9,400992672,2018-02-17
6,1,17:20,2240,2240,Darius Thompson Defensive Rebound.,0,8,-8,7,0.036646126329382,0.3180191672095218,Rice,Western Kentucky,4,4,-15.9,400992672,2018-02-17
7,1,17:13,2233,2233,Justin Johnson Offensive Rebound.,0,8,-8,6,0.036631441200377715,0.3174616332383898,Rice,Western Kentucky,4,4,-15.9,400992672,2018-02-17
8,1,17:07,2227,2227,Najja Hunter Block.,0,8,-8,1,0.03661921709633667,0.3169832183277449,Rice,Western Kentucky,4,4,-15.9,400992672,2018-02-17
9,1,17:06,2226,2226,Justin Johnson Offensive Rebound.,0,8,-8,2,0.036617213046011884,0.3169034382614829,Rice,Western Kentucky,4,4,-15.9,400992672,2018-02-17
10,1,17:04,2224,2224,Justin Johnson Offensive Rebound.,0,8,-8,1,0.03661323387965987,0.316743841959504,Rice,Western Kentucky,4,4,-15.9,400992672,2018-02-17
11,1,17:03,2223,2223,Justin Johnson made Two Point Tip Shot.,0,10,-10,15,0.030401576664844165,0.2765916536851338,Rice,Western Kentucky,4,4,-15.9,400992672,2018-02-17
12,1,16:48,2208,2208,Taveion Hollingsworth Steal.,0,10,-10,3,0.03033701601528533,0.27520709588437314,Rice,Western Kentucky,4,4,-15.9,400992672,2018-02-17
13,1,16:45,2205,2205,Bishop Mency Defensive Rebound.,0,10,-10,39,0.030324329730118022,0.27493006883874815,Rice,Western Kentucky,4,4,-15.9,400992672,2018-02-17
14,1,16:06,2166,2166,Darius Thompson made Free Throw.,3,11,-8,0,0.036516132020043376,0.31210131433973254,Rice,Western Kentucky,4,4,-15.9,400992672,2018-02-17
15,1,16:06,2166,2166,Darius Thompson made Free Throw.,3,12,-9,13,0.0331952161944664,0.2912949877857065,Rice,Western Kentucky,4,4,-15.9,400992672,2018-02-17
16,1,15:53,2153,2153,Dwight Coleby Defensive Rebound.,3,12,-9,18,0.03316029848113331,0.290165702745696,Rice,Western Kentucky,4,4,-15.9,400992672,2018-02-17
17,1,15:35,2135,2135,Taveion Hollingsworth Offensive Rebound.,3,12,-9,8,0.033113997603350126,0.288597970872895,Rice,Western Kentucky,4,4,-15.9,400992672,2018-02-17
18,1,15:27,2127,2127,Robert Martin Defensive Rebound.,3,12,-9,178,0.03309413891499923,0.28789952610805664,Rice,Western Kentucky,4,4,-15.9,400992672,2018-02-17
19,1,12:29,1949,1949,Lamonte Bearden Defensive Rebound.,14,18,-4,16,0.05524538688250312,0.3923123358984444,Rice,Western Kentucky,4,4,-15.9,400992672,2018-02-17
20,1,12:13,1933,1933,Miles Lester Defensive Rebound.,14,18,-4,12,0.05541533550940001,0.39152108484434883,Rice,Western Kentucky,4,4,-15.9,400992672,2018-02-17
21,1,12:01,1921,1921,Bishop Mency Offensive Rebound.,14,18,-4,2,0.05554530955894118,0.3909246252629846,Rice,Western Kentucky,4,4,-15.9,400992672,2018-02-17
22,1,11:59,1919,1919,Josh Anderson Defensive Rebound.,14,18,-4,11,0.05556733992608166,0.39082533300908245,Rice,Western Kentucky,4,4,-15.9,400992672,2018-02-17
23,1,11:48,1908,1908,Miles Lester Defensive Rebound.,14,18,-4,9,0.05569038693100599,0.3902798036376047,Rice,Western Kentucky,4,4,-15.9,400992672,2018-02-17
24,1,11:39,1899,1899,Taveion Hollingsworth Defensive Rebound.,14,18,-4,39,0.05579335572184914,0.38983399337674823,Rice,Western Kentucky,4,4,-15.9,400992672,2018-02-17
25,1,11:00,1860,1860,Justin Johnson Defensive Rebound.,14,20,-6,8,0.045307773616560264,0.335322771193598,Rice,Western Kentucky,4,4,-15.9,400992672,2018-02-17
26,1,10:52,1852,1852,Dwight Coleby Offensive Rebound.,14,20,-6,3,0.04535299288741473,0.3347635124337215,Rice,Western Kentucky,4,4,-15.9,400992672,2018-02-17
27,1,10:49,1849,1849,Dwight Coleby missed Two Point Tip Shot.,14,20,-6,0,0.04537016674367425,0.33455361651104376,Rice,Western Kentucky,4,4,-15.9,400992672,2018-02-17
28,1,10:49,1849,1849,Malik Osborne Defensive Rebound.,14,20,-6,34,0.04537016674367425,0.33455361651104376,Rice,Western Kentucky,4,4,-15.9,400992672,2018-02-17
29,1,10:15,1815,1815,Malik Osborne Defensive Rebound.,16,20,-4,32,0.05683884087579351,0.3856562437705917,Rice,Western Kentucky,4,4,-15.9,400992672,2018-02-17
30,1,9:43,1783,1783,Darius Thompson Defensive Rebound.,16,20,-4,47,0.05726839754491001,0.38403405005668617,Rice,Western Kentucky,4,4,-15.9,400992672,2018-02-17
31,1,8:56,1736,1736,Jake Ohmer Steal.,16,20,-4,21,0.057918640783051145,0.3815914776043084,Rice,Western Kentucky,4,4,-15.9,400992672,2018-02-17
32,1,8:35,1715,1715,Western Kentucky Defensive Rebound.,16,23,-7,16,0.0411179687901666,0.2987583293169268,Rice,Western Kentucky,4,4,-15.9,400992672,2018-02-17
33,1,8:19,1699,1699,Austin Meyer Defensive Rebound.,16,23,-7,126,0.04117087555811595,0.29740774652761887,Rice,Western Kentucky,4,4,-15.9,400992672,2018-02-17
34,1,6:13,1573,1573,Justin Johnson Defensive Rebound.,23,29,-6,22,0.047376851107072716,0.31452692352775086,Rice,Western Kentucky,4,4,-15.9,400992672,2018-02-17
35,1,5:51,1551,1551,Darius Thompson Steal.,23,32,-9,3,0.0326323561749532,0.23513447108430785,Rice,Western Kentucky,4,4,-15.9,400992672,2018-02-17
36,1,5:48,1548,1548,Connor Cashaw Steal.,23,32,-9,7,0.03263783117960009,0.23486215973520141,Rice,Western Kentucky,4,4,-15.9,400992672,2018-02-17
37,1,5:41,1541,1541,Dwight Coleby Block.,23,32,-9,2,0.032650202109339554,0.23422409992959434,Rice,Western Kentucky,4,4,-15.9,400992672,2018-02-17
38,1,5:39,1539,1539,Jake Ohmer Defensive Rebound.,23,32,-9,28,0.03265361639511969,0.23404105035368955,Rice,Western Kentucky,4,4,-15.9,400992672,2018-02-17
39,1,5:11,1511,1511,Rice Offensive Rebound.,23,34,-11,24,0.025232701707557426,0.18740752865562993,Rice,Western Kentucky,4,4,-15.9,400992672,2018-02-17
40,1,4:47,1487,1487,Connor Cashaw Offensive Rebound.,23,34,-11,14,0.02517467669499779,0.1849865721414341,Rice,Western Kentucky,4,4,-15.9,400992672,2018-02-17
41,1,4:33,1473,1473,Justin Johnson Defensive Rebound.,23,34,-11,41,0.025131603265663504,0.18353100995146504,Rice,Western Kentucky,4,4,-15.9,400992672,2018-02-17
42,1,3:52,1432,1432,Taveion Hollingsworth Steal.,23,37,-14,18,0.016628203865659726,0.12592641822770068,Rice,Western Kentucky,4,4,-15.9,400992672,2018-02-17
43,1,3:34,1414,1414,Jake Ohmer Steal.,23,40,-17,4,0.01094066064057096,0.08531729530153055,Rice,Western Kentucky,4,4,-15.9,400992672,2018-02-17
44,1,3:30,1410,1410,Taveion Hollingsworth Offensive Rebound.,23,40,-17,1,0.01091953153250601,0.08498425897579413,Rice,Western Kentucky,4,4,-15.9,400992672,2018-02-17
45,1,3:29,1409,1409,Taveion Hollingsworth made Free Throw.,23,41,-18,0,0.009503350754962517,0.07464762546260618,Rice,Western Kentucky,4,4,-15.9,400992672,2018-02-17
46,1,3:29,1409,1409,Taveion Hollingsworth made Free Throw.,23,42,-19,32,0.008273273251247971,0.0655434883067208,Rice,Western Kentucky,4,4,-15.9,400992672,2018-02-17
47,1,2:57,1377,1377,Justin Johnson Offensive Rebound.,26,42,-16,26,0.012374721413895,0.09369834340382183,Rice,Western Kentucky,4,4,-15.9,400992672,2018-02-17
48,1,2:31,1351,1351,Miles Lester missed Free Throw.,26,45,-19,0,0.008003505496546938,0.06151299048186795,Rice,Western Kentucky,4,4,-15.9,400992672,2018-02-17
49,1,2:31,1351,1351,Rice Deadball Team Rebound.,26,45,-19,0,0.008003505496546938,0.06151299048186795,Rice,Western Kentucky,4,4,-15.9,400992672,2018-02-17
50,1,2:31,1351,1351,Miles Lester made Free Throw.,27,45,-18,13,0.009226393693478595,0.07033214059209301,Rice,Western Kentucky,4,4,-15.9,400992672,2018-02-17
51,1,2:18,1338,1338,Justin Johnson made Free Throw.,27,46,-19,0,0.007944800442590574,0.06063815768785859,Rice,Western Kentucky,4,4,-15.9,400992672,2018-02-17
52,1,2:18,1338,1338,Justin Johnson missed Free Throw.,27,46,-19,0,0.007944800442590574,0.06063815768785859,Rice,Western Kentucky,4,4,-15.9,400992672,2018-02-17
53,1,2:18,1338,1338,Malik Osborne Defensive Rebound.,27,46,-19,25,0.007944800442590574,0.06063815768785859,Rice,Western Kentucky,4,4,-15.9,400992672,2018-02-17
54,1,1:53,1313,1313,Western Kentucky Defensive Rebound.,27,46,-19,33,0.007828879920407681,0.058953104156655896,Rice,Western Kentucky,4,4,-15.9,400992672,2018-02-17
55,1,1:20,1280,1280,Connor Cashaw Steal.,27,46,-19,39,0.007663107441737639,0.0566820642241208,Rice,Western Kentucky,4,4,-15.9,400992672,2018-02-17
56,1,0:41,1241,1241,Ako Adams Steal.,29,46,-17,1,0.010028553719773067,0.0714681312328467,Rice,Western Kentucky,4,4,-15.9,400992672,2018-02-17
57,1,0:40,1240,1240,Ako Adams made Free Throw.,30,46,-16,0,0.011635081704256481,0.08205482946818667,Rice,Western Kentucky,4,4,-15.9,400992672,2018-02-17
58,1,0:40,1240,1240,Ako Adams made Free Throw.,31,46,-15,40,0.013504906513592351,0.0941633363484769,Rice,Western Kentucky,4,4,-15.9,400992672,2018-02-17
59,1,0:00,1200,1200,Josh Anderson Defensive Rebound.,31,48,-17,0,0.009709141682709331,0.06774155401675269,Rice,Western Kentucky,4,4,-15.9,400992672,2018-02-17
60,1,0:00,1200,1200,End of 1st half,31,48,-17,0,0.009709141682709331,0.06774155401675269,Rice,Western Kentucky,4,4,-15.9,400992672,2018-02-17
61,2,20:00,1200,1200,PLAY,31,48,-17,15,0.009709141682709331,0.06774155401675269,Rice,Western Kentucky,4,4,-15.9,400992672,2018-02-17
62,2,19:45,1185,1185,Najja Hunter Offensive Rebound.,31,48,-17,65,0.009592113321779835,0.06641266891071494,Rice,Western Kentucky,4,4,-15.9,400992672,2018-02-17
63,2,18:40,1120,1120,Taveion Hollingsworth Steal.,34,51,-17,24,0.00912916813333905,0.06113592047481979,Rice,Western Kentucky,4,4,-15.9,400992672,2018-02-17
64,2,18:16,1096,1096,Bishop Mency Defensive Rebound.,34,51,-17,9,0.008961423269690351,0.059275138465500865,Rice,Western Kentucky,4,4,-15.9,400992672,2018-02-17
65,2,18:07,1087,1087,Justin Johnson Defensive Rebound.,34,51,-17,20,0.008897164069385918,0.058576854888633914,Rice,Western Kentucky,4,4,-15.9,400992672,2018-02-17
66,2,17:47,1067,1067,Bishop Mency Defensive Rebound.,34,51,-17,27,0.008749998813199775,0.05701267842009097,Rice,Western Kentucky,4,4,-15.9,400992672,2018-02-17
67,2,17:20,1040,1040,Darius Thompson Defensive Rebound.,34,51,-17,6,0.008538096792310598,0.05485031443706454,Rice,Western Kentucky,4,4,-15.9,400992672,2018-02-17
68,2,17:14,1034,1034,Ako Adams Defensive Rebound.,34,51,-17,53,0.00848843884222853,0.054358758366776984,Rice,Western Kentucky,4,4,-15.9,400992672,2018-02-17
69,2,16:21,981,981,Justin Johnson Defensive Rebound.,37,53,-16,117,0.0094989356601587,0.05865596856036314,Rice,Western Kentucky,4,4,-15.9,400992672,2018-02-17
70,2,14:24,864,864,Justin Johnson Defensive Rebound.,42,58,-16,22,0.00846658003954486,0.04934327185420946,Rice,Western Kentucky,4,4,-15.9,400992672,2018-02-17
71,2,14:02,842,842,Bishop Mency Defensive Rebound.,42,58,-16,25,0.008297894297864932,0.04786630141466199,Rice,Western Kentucky,4,4,-15.9,400992672,2018-02-17
72,2,13:37,817,817,Darius Thompson Defensive Rebound.,42,58,-16,28,0.008088236128055653,0.04610165307866461,Rice,Western Kentucky,4,4,-15.9,400992672,2018-02-17
73,2,13:09,789,789,Bishop Mency made Free Throw.,43,60,-17,0,0.006457355259231864,0.0365202549211011,Rice,Western Kentucky,4,4,-15.9,400992672,2018-02-17
74,2,13:09,789,789,Bishop Mency made Free Throw.,44,60,-16,0,0.00781746856444086,0.04393252400735089,Rice,Western Kentucky,4,4,-15.9,400992672,2018-02-17
75,2,13:09,789,789,Bishop Mency made Free Throw.,45,60,-15,26,0.00946133454764142,0.052766818859323744,Rice,Western Kentucky,4,4,-15.9,400992672,2018-02-17
76,2,12:43,763,763,Connor Cashaw Defensive Rebound.,45,60,-15,35,0.009134287088642943,0.05023851877193183,Rice,Western Kentucky,4,4,-15.9,400992672,2018-02-17
77,2,12:08,728,728,Justin Johnson Offensive Rebound.,47,60,-13,57,0.012817355618941234,0.06776984903450589,Rice,Western Kentucky,4,4,-15.9,400992672,2018-02-17
78,2,11:11,671,671,Justin Johnson Defensive Rebound.,47,62,-15,10,0.00788291729224709,0.040986257323481746,Rice,Western Kentucky,4,4,-15.9,400992672,2018-02-17
79,2,11:01,661,661,Josh Anderson missed Free Throw.,47,62,-15,0,0.007780828371292065,0.040207226529177416,Rice,Western Kentucky,4,4,-15.9,400992672,2018-02-17
80,2,11:01,661,661,Western Kentucky Deadball Team Rebound.,47,62,-15,0,0.007780828371292065,0.040207226529177416,Rice,Western Kentucky,4,4,-15.9,400992672,2018-02-17
81,2,11:01,661,661,Josh Anderson made Free Throw.,47,63,-16,57,0.0063068469940292535,0.03279348925659209,Rice,Western Kentucky,4,4,-15.9,400992672,2018-02-17
82,2,10:04,604,604,Josh Anderson Offensive Rebound.,47,63,-16,3,0.005746500329259891,0.028781848329851673,Rice,Western Kentucky,4,4,-15.9,400992672,2018-02-17
83,2,10:01,601,601,Josh Anderson made Two Point Tip Shot.,47,65,-18,20,0.003682693101514787,0.018557469146948617,Rice,Western Kentucky,4,4,-15.9,400992672,2018-02-17
84,2,9:41,581,581,Darius Thompson Defensive Rebound.,47,65,-18,76,0.0034916074738799443,0.01733108677349068,Rice,Western Kentucky,4,4,-15.9,400992672,2018-02-17
85,2,8:25,505,505,Malik Osborne Offensive Rebound.,49,70,-21,4,0.001319571559505518,0.006172278950821827,Rice,Western Kentucky,4,4,-15.9,400992672,2018-02-17
86,2,8:21,501,501,Tim Harrison Offensive Rebound.,49,70,-21,36,0.0013023024219280643,0.006070497502512723,Rice,Western Kentucky,4,4,-15.9,400992672,2018-02-17
87,2,7:45,465,465,Malik Osborne Block.,49,70,-21,3,0.001138367850955105,0.005136678941504023,Rice,Western Kentucky,4,4,-15.9,400992672,2018-02-17
88,2,7:42,462,462,Darius Thompson Offensive Rebound.,49,70,-21,33,0.0011227610282742008,0.00505158451496337,Rice,Western Kentucky,4,4,-15.9,400992672,2018-02-17
89,2,7:09,429,429,Dylan Jones missed Free Throw.,49,73,-24,0,4.179882765752932e-4,0.0018186109952263985,Rice,Western Kentucky,4,4,-15.9,400992672,2018-02-17
90,2,7:09,429,429,Rice Deadball Team Rebound.,49,73,-24,0,4.179882765752932e-4,0.0018186109952263985,Rice,Western Kentucky,4,4,-15.9,400992672,2018-02-17
91,2,7:09,429,429,Dylan Jones missed Free Throw.,49,73,-24,0,4.179882765752932e-4,0.0018186109952263985,Rice,Western Kentucky,4,4,-15.9,400992672,2018-02-17
92,2,7:09,429,429,Dwight Coleby Defensive Rebound.,49,73,-24,25,4.179882765752932e-4,0.0018186109952263985,Rice,Western Kentucky,4,4,-15.9,400992672,2018-02-17
93,2,6:44,404,404,Justin Johnson made Free Throw.,49,74,-25,0,2.60639653144264e-4,0.0010995169564305524,Rice,Western Kentucky,4,4,-15.9,400992672,2018-02-17
94,2,6:44,404,404,Justin Johnson made Free Throw.,49,75,-26,24,1.9848819188442022e-4,8.374965448006198e-4,Rice,Western Kentucky,4,4,-15.9,400992672,2018-02-17
95,2,6:20,380,380,Justin Johnson Defensive Rebound.,49,75,-26,12,1.631436237960205e-4,6.663066222930803e-4,Rice,Western Kentucky,4,4,-15.9,400992672,2018-02-17
96,2,6:08,368,368,Ako Adams Defensive Rebound.,49,75,-26,19,1.4698566960080327e-4,5.900795766822523e-4,Rice,Western Kentucky,4,4,-15.9,400992672,2018-02-17
97,2,5:49,349,349,Darius Thompson Defensive Rebound.,49,75,-26,72,1.2181614810823631e-4,4.753211618873129e-4,Rice,Western Kentucky,4,4,-15.9,400992672,2018-02-17
98,2,4:37,277,277,Marek Nelson Offensive Rebound.,52,77,-25,3,8.838386981037586e-5,3.0647496822395825e-4,Rice,Western Kentucky,4,4,-15.9,400992672,2018-02-17
99,2,4:34,274,274,Marek Nelson made Two Point Tip Shot.,52,79,-27,20,4.7364970374057836e-5,1.6343750982391976e-4,Rice,Western Kentucky,4,4,-15.9,400992672,2018-02-17
100,2,4:14,254,254,Bishop Mency Offensive Rebound.,52,79,-27,5,5.735294861702188e-5,1.913080828434371e-4,Rice,Western Kentucky,4,4,-15.9,400992672,2018-02-17
101,2,4:09,249,249,Bishop Mency made Two Point Tip Shot.,54,79,-25,58,1.1261014576521939e-4,3.7233022857909313e-4,Rice,Western Kentucky,4,4,-15.9,400992672,2018-02-17
102,2,3:11,191,191,Connor Cashaw Defensive Rebound.,56,82,-26,8,3.521245137048185e-5,1.0394365975475094e-4,Rice,Western Kentucky,4,4,-15.9,400992672,2018-02-17
103,2,3:03,183,183,Rice Offensive Rebound.,56,82,-26,23,2.3239709015130243e-5,6.737208361550748e-5,Rice,Western Kentucky,4,4,-15.9,400992672,2018-02-17
104,2,2:40,160,160,Malik Osborne missed Free Throw.,58,82,-24,0,1.528976264787795e-5,4.201233986912691e-5,Rice,Western Kentucky,4,4,-15.9,400992672,2018-02-17
105,2,2:40,160,160,Moustapha Diagne Defensive Rebound.,58,82,-24,30,1.528976264787795e-5,4.201233986912691e-5,Rice,Western Kentucky,4,4,-15.9,400992672,2018-02-17
106,2,2:10,130,130,Bishop Mency Steal.,58,82,-24,6,2.4541438662985084e-6,6.26153473175761e-6,Rice,Western Kentucky,4,4,-15.9,400992672,2018-02-17
107,2,2:04,124,124,Najja Hunter Offensive Rebound.,58,82,-24,40,1.5889110144034317e-6,3.991575903056961e-6,Rice,Western Kentucky,4,4,-15.9,400992672,2018-02-17
108,2,1:24,84,84,Najja Hunter Steal.,60,82,-22,2,1.50808859742426e-7,3.393589255144444e-7,Rice,Western Kentucky,4,4,-15.9,400992672,2018-02-17
109,2,1:22,82,82,Rice Offensive Rebound.,60,82,-22,79,1.2380597310896396e-7,2.769911190225306e-7,Rice,Western Kentucky,4,4,-15.9,400992672,2018-02-17
110,2,0:03,3,3,Josh Anderson made Free Throw.,66,85,-19,0,1.721296717426558e-10,2.99588637715824e-10,Rice,Western Kentucky,4,4,-15.9,400992672,2018-02-17
111,2,0:03,3,3,Josh Anderson missed Free Throw.,66,85,-19,0,1.721296717426558e-10,2.99588637715824e-10,Rice,Western Kentucky,4,4,-15.9,400992672,2018-02-17
112,2,0:03,3,3,Addison Owen Defensive Rebound.,66,85,-19,3,1.721296717426558e-10,2.99588637715824e-10,Rice,Western Kentucky,4,4,-15.9,400992672,2018-02-17
113,2,0:00,0,0,End of Game,66,85,-19,0,5.3758752873255033e-166,9.291736316326398e-166,Rice,Western Kentucky,4,4,-15.9,400992672,2018-02-17
