play_id,half,time_remaining_half,secs_remaining,secs_remaining_absolute,description,home_score,away_score,score_diff,play_length,win_prob,naive_win_prob,home,away,home_time_out_remaining,away_time_out_remaining,home_favored_by,game_id,date
1,1,20:00,2400,2400,PLAY,0,0,0,57,0.5440043878192785,0.5,Dartmouth,Brown,4,4,1.1,400991605,2018-02-17
2,1,19:03,2343,2343,Will Emery Defensive Rebound.,3,2,1,20,0.5661535734949058,0.5226677470488996,Dartmouth,Brown,4,4,1.1,400991605,2018-02-17
3,1,18:43,2323,2323,Matt DeWolf Defensive Rebound.,3,2,1,35,0.566276794736419,0.5228875473071123,Dartmouth,Brown,4,4,1.1,400991605,2018-02-17
4,1,18:08,2288,2288,Chris Knight Defensive Rebound.,5,2,3,40,0.6115685185646528,0.5694320281024181,Dartmouth,Brown,4,4,1.1,400991605,2018-02-17
5,1,17:28,2248,2248,Chris Knight Defensive Rebound.,7,2,5,64,0.656678895233059,0.6165602522137568,Dartmouth,Brown,4,4,1.1,400991605,2018-02-17
6,1,16:24,2184,2184,Brandon Anderson Defensive Rebound.,10,2,8,23,0.7222719324205257,0.6864558745413208,Dartmouth,Brown,4,4,1.1,400991605,2018-02-17
7,1,16:01,2161,2161,Tamenang Choh Offensive Rebound.,10,2,8,20,0.7238843229578142,0.6882999786645556,Dartmouth,Brown,4,4,1.1,400991605,2018-02-17
8,1,15:41,2141,2141,Brandon Anderson Steal.,10,4,6,7,0.6837215541191392,0.6456038992972088,Dartmouth,Brown,4,4,1.1,400991605,2018-02-17
9,1,15:34,2134,2134,Brandon Anderson Offensive Rebound.,10,4,6,15,0.6841136373751605,0.6460570472983711,Dartmouth,Brown,4,4,1.1,400991605,2018-02-17
10,1,15:19,2119,2119,Will Emery Defensive Rebound.,10,4,6,12,0.684955810299536,0.6470311838452072,Dartmouth,Brown,4,4,1.1,400991605,2018-02-17
11,1,15:07,2107,2107,Taylor Johnson missed Free Throw.,10,4,6,0,0.6856316676263561,0.6478136993847357,Dartmouth,Brown,4,4,1.1,400991605,2018-02-17
12,1,15:07,2107,2107,Dartmouth Deadball Team Rebound.,10,4,6,0,0.6856316676263561,0.6478136993847357,Dartmouth,Brown,4,4,1.1,400991605,2018-02-17
13,1,15:07,2107,2107,Taylor Johnson made Free Throw.,11,4,7,16,0.7071016959848219,0.6706257665895119,Dartmouth,Brown,4,4,1.1,400991605,2018-02-17
14,1,14:51,2091,2091,James Foye Steal.,11,4,7,28,0.7081289649000796,0.6718092941281046,Dartmouth,Brown,4,4,1.1,400991605,2018-02-17
15,1,14:23,2063,2063,James Foye Block.,13,4,9,1,0.7507215853045327,0.7177323375588375,Dartmouth,Brown,4,4,1.1,400991605,2018-02-17
16,1,14:22,2062,2062,Taylor Johnson Defensive Rebound.,13,4,9,7,0.7507987057483105,0.7178210408522372,Dartmouth,Brown,4,4,1.1,400991605,2018-02-17
17,1,14:15,2055,2055,Tamenang Choh Defensive Rebound.,13,4,9,7,0.7513390408457656,0.7184426385720178,Dartmouth,Brown,4,4,1.1,400991605,2018-02-17
18,1,14:08,2048,2048,Taylor Johnson Defensive Rebound.,13,4,9,16,0.7518802606902395,0.7190654408202114,Dartmouth,Brown,4,4,1.1,400991605,2018-02-17
19,1,13:52,2032,2032,Ian Sistare made Free Throw.,14,4,10,0,0.7721584061218875,0.7411825967006996,Dartmouth,Brown,4,4,1.1,400991605,2018-02-17
20,1,13:52,2032,2032,Ian Sistare missed Free Throw.,14,4,10,0,0.7721584061218875,0.7411825967006996,Dartmouth,Brown,4,4,1.1,400991605,2018-02-17
21,1,13:52,2032,2032,Joshua Howard Defensive Rebound.,14,4,10,7,0.7721584061218875,0.7411825967006996,Dartmouth,Brown,4,4,1.1,400991605,2018-02-17
22,1,13:45,2025,2025,Joshua Howard Offensive Rebound.,14,4,10,35,0.7727342576168088,0.7418461140088856,Dartmouth,Brown,4,4,1.1,400991605,2018-02-17
23,1,13:10,1990,1990,Taylor Johnson Steal.,17,6,11,21,0.7937493482295374,0.7650180942054192,Dartmouth,Brown,4,4,1.1,400991605,2018-02-17
24,1,12:49,1969,1969,Brown Offensive Rebound.,17,6,11,4,0.7955675961847516,0.7671188550760054,Dartmouth,Brown,4,4,1.1,400991605,2018-02-17
25,1,12:45,1965,1965,Travis Fuller Offensive Rebound.,17,6,11,5,0.7959149373891476,0.7675202991972309,Dartmouth,Brown,4,4,1.1,400991605,2018-02-17
26,1,12:40,1960,1960,Chris Knight Defensive Rebound.,17,6,11,27,0.7963495860531475,0.7680227074261627,Dartmouth,Brown,4,4,1.1,400991605,2018-02-17
27,1,12:13,1933,1933,Desmond Cambridge Defensive Rebound.,17,6,11,9,0.7987061661462981,0.7707477018965301,Dartmouth,Brown,4,4,1.1,400991605,2018-02-17
28,1,12:04,1924,1924,Miles Wright Defensive Rebound.,17,6,11,26,0.799494071893335,0.771659254674997,Dartmouth,Brown,4,4,1.1,400991605,2018-02-17
29,1,11:38,1898,1898,Chris Knight Defensive Rebound.,19,6,13,15,0.8349854775960112,0.8110288533239586,Dartmouth,Brown,4,4,1.1,400991605,2018-02-17
30,1,11:23,1883,1883,Joshua Howard Defensive Rebound.,19,6,13,9,0.8363180089380869,0.8125795208611337,Dartmouth,Brown,4,4,1.1,400991605,2018-02-17
31,1,11:14,1874,1874,Zach Hunsaker made Free Throw.,19,7,12,0,0.8210684071426092,0.7957027861525908,Dartmouth,Brown,4,4,1.1,400991605,2018-02-17
32,1,11:14,1874,1874,Zach Hunsaker made Free Throw.,19,8,11,75,0.8038130525190121,0.7766666454870679,Dartmouth,Brown,4,4,1.1,400991605,2018-02-17
33,1,9:59,1799,1799,Will Emery made Free Throw.,23,11,12,0,0.8275937165040027,0.8033012478949646,Dartmouth,Brown,4,4,1.1,400991605,2018-02-17
34,1,9:59,1799,1799,Will Emery made Free Throw.,24,11,13,53,0.8436872749098904,0.8211724374048376,Dartmouth,Brown,4,4,1.1,400991605,2018-02-17
35,1,9:06,1746,1746,Brendan Barry Defensive Rebound.,27,13,14,17,0.8631693099821868,0.8431668772499867,Dartmouth,Brown,4,4,1.1,400991605,2018-02-17
36,1,8:49,1729,1729,Matt DeWolf Steal.,27,13,14,27,0.864669165769996,0.8449206349967446,Dartmouth,Brown,4,4,1.1,400991605,2018-02-17
37,1,8:22,1702,1702,Dartmouth Offensive Rebound.,27,15,12,109,0.836176193098795,0.8133058842924398,Dartmouth,Brown,4,4,1.1,400991605,2018-02-17
38,1,6:33,1593,1593,Tamenang Choh Defensive Rebound.,31,17,14,20,0.8761991164101557,0.8584440882428472,Dartmouth,Brown,4,4,1.1,400991605,2018-02-17
39,1,6:13,1573,1573,Chris Knight Steal.,31,17,14,41,0.8777705695631892,0.8602969993861146,Dartmouth,Brown,4,4,1.1,400991605,2018-02-17
40,1,5:32,1532,1532,Brendan Barry Defensive Rebound.,31,17,14,16,0.881011029010566,0.8641161084452549,Dartmouth,Brown,4,4,1.1,400991605,2018-02-17
41,1,5:16,1516,1516,James Foye made Free Throw.,32,17,15,0,0.8954315106977437,0.8803719895025963,Dartmouth,Brown,4,4,1.1,400991605,2018-02-17
42,1,5:16,1516,1516,James Foye missed Free Throw.,32,17,15,0,0.8954315106977437,0.8803719895025963,Dartmouth,Brown,4,4,1.1,400991605,2018-02-17
43,1,5:16,1516,1516,Chris Sullivan Defensive Rebound.,32,17,15,38,0.8954315106977437,0.8803719895025963,Dartmouth,Brown,4,4,1.1,400991605,2018-02-17
44,1,4:38,1478,1478,Miles Wright Offensive Rebound.,32,19,13,5,0.8710051994059214,0.8531922208847844,Dartmouth,Brown,4,4,1.1,400991605,2018-02-17
45,1,4:33,1473,1473,Joshua Howard Steal.,32,19,13,3,0.8714462909010521,0.8537084342211104,Dartmouth,Brown,4,4,1.1,400991605,2018-02-17
46,1,4:30,1470,1470,Desmond Cambridge made Free Throw.,32,22,10,19,0.8188444380487553,0.7955704420602436,Dartmouth,Brown,4,4,1.1,400991605,2018-02-17
47,1,4:11,1451,1451,Tamenang Choh Defensive Rebound.,32,22,10,56,0.8205811046046969,0.7975946212306761,Dartmouth,Brown,4,4,1.1,400991605,2018-02-17
48,1,3:15,1395,1395,Chris Sullivan Steal.,32,24,8,1,0.7811770062264162,0.7550636771075129,Dartmouth,Brown,4,4,1.1,400991605,2018-02-17
49,1,3:14,1394,1394,Chris Sullivan made Free Throw.,32,25,7,0,0.7562455064029405,0.7282002239751778,Dartmouth,Brown,4,4,1.1,400991605,2018-02-17
50,1,3:14,1394,1394,Chris Sullivan made Free Throw.,32,26,6,26,0.7293677801164618,0.6994590368706968,Dartmouth,Brown,4,4,1.1,400991605,2018-02-17
51,1,2:48,1368,1368,Will Emery Block.,32,26,6,2,0.7310417688265561,0.7014653623860821,Dartmouth,Brown,4,4,1.1,400991605,2018-02-17
52,1,2:46,1366,1366,Chris Knight Defensive Rebound.,32,26,6,17,0.7311697404512245,0.7016189490360021,Dartmouth,Brown,4,4,1.1,400991605,2018-02-17
53,1,2:29,1349,1349,Chris Knight Defensive Rebound.,32,26,6,28,0.7322586318138383,0.702926114963647,Dartmouth,Brown,4,4,1.1,400991605,2018-02-17
54,1,2:01,1321,1321,Brandon Anderson Steal.,32,26,6,36,0.7340795970618896,0.7051097542963022,Dartmouth,Brown,4,4,1.1,400991605,2018-02-17
55,1,1:25,1285,1285,Tamenang Choh made Free Throw.,34,29,5,0,0.7069098302154221,0.6766174484289271,Dartmouth,Brown,4,4,1.1,400991605,2018-02-17
56,1,1:25,1285,1285,Tamenang Choh made Free Throw.,34,30,4,28,0.6754125724565995,0.6435064817216651,Dartmouth,Brown,4,4,1.1,400991605,2018-02-17
57,1,0:57,1257,1257,Joshua Howard Steal.,34,30,4,57,0.6768896410522631,0.64532333002155,Dartmouth,Brown,4,4,1.1,400991605,2018-02-17
58,1,0:00,1200,1200,End of 1st half,37,34,3,0,0.645945390069618,0.6136521367497382,Dartmouth,Brown,4,4,1.1,400991605,2018-02-17
59,2,20:00,1200,1200,PLAY,37,34,3,15,0.645945390069618,0.6136521367497382,Dartmouth,Brown,4,4,1.1,400991605,2018-02-17
60,2,19:45,1185,1185,Desmond Cambridge made Free Throw.,37,35,2,0,0.6103800743034871,0.5771191863646207,Dartmouth,Brown,4,4,1.1,400991605,2018-02-17
61,2,19:45,1185,1185,Desmond Cambridge made Free Throw.,37,36,1,18,0.5728358670564925,0.5387916903514686,Dartmouth,Brown,4,4,1.1,400991605,2018-02-17
62,2,19:27,1167,1167,Zach Hunsaker Steal.,37,36,1,35,0.5730122277204165,0.5391550043253963,Dartmouth,Brown,4,4,1.1,400991605,2018-02-17
63,2,18:52,1132,1132,Will Emery Offensive Rebound.,37,39,-2,6,0.45420999719296734,0.42080901338516086,Dartmouth,Brown,4,4,1.1,400991605,2018-02-17
64,2,18:46,1126,1126,Ian Sistare Offensive Rebound.,37,39,-2,2,0.4539131027941378,0.4205768001642287,Dartmouth,Brown,4,4,1.1,400991605,2018-02-17
65,2,18:44,1124,1124,Ian Sistare missed Free Throw.,37,39,-2,0,0.453814025175012,0.42049928444723333,Dartmouth,Brown,4,4,1.1,400991605,2018-02-17
66,2,18:44,1124,1124,Dartmouth Deadball Team Rebound.,37,39,-2,0,0.453814025175012,0.42049928444723333,Dartmouth,Brown,4,4,1.1,400991605,2018-02-17
67,2,18:44,1124,1124,Ian Sistare made Free Throw.,38,39,-1,11,0.4937728237137572,0.45999517860140965,Dartmouth,Brown,4,4,1.1,400991605,2018-02-17
68,2,18:33,1113,1113,Chris Knight Defensive Rebound.,38,39,-1,17,0.49344108426931715,0.45977704469918423,Dartmouth,Brown,4,4,1.1,400991605,2018-02-17
69,2,18:16,1096,1096,Zach Hunsaker Defensive Rebound.,38,39,-1,51,0.4929236825380021,0.4594355159739085,Dartmouth,Brown,4,4,1.1,400991605,2018-02-17
70,2,17:25,1045,1045,Dartmouth Defensive Rebound.,38,42,-4,28,0.3691697965510658,0.3389486921921128,Dartmouth,Brown,4,4,1.1,400991605,2018-02-17
71,2,16:57,1017,1017,Desmond Cambridge Steal.,38,42,-4,25,0.3664175229179974,0.3365649604331093,Dartmouth,Brown,4,4,1.1,400991605,2018-02-17
72,2,16:32,992,992,Chris Knight made Free Throw.,39,44,-5,0,0.32490175827826073,0.29707110081801363,Dartmouth,Brown,4,4,1.1,400991605,2018-02-17
73,2,16:32,992,992,Chris Knight made Free Throw.,40,44,-4,11,0.3637606989710514,0.3342494695286489,Dartmouth,Brown,4,4,1.1,400991605,2018-02-17
74,2,16:21,981,981,Chris Knight Block.,40,44,-4,2,0.3625216565293603,0.33316498699790054,Dartmouth,Brown,4,4,1.1,400991605,2018-02-17
75,2,16:19,979,979,Brown Offensive Rebound.,40,44,-4,1,0.36229137589976423,0.3329631228603503,Dartmouth,Brown,4,4,1.1,400991605,2018-02-17
76,2,16:18,978,978,Chris Knight Block.,40,44,-4,0,0.3621756417114955,0.33286163440242944,Dartmouth,Brown,4,4,1.1,400991605,2018-02-17
77,2,16:18,978,978,Miles Wright Defensive Rebound.,40,44,-4,2,0.3621756417114955,0.33286163440242944,Dartmouth,Brown,4,4,1.1,400991605,2018-02-17
78,2,16:16,976,976,Desmond Cambridge Defensive Rebound.,40,44,-4,25,0.3619429735405358,0.33265753350017013,Dartmouth,Brown,4,4,1.1,400991605,2018-02-17
79,2,15:51,951,951,Zach Hunsaker Block.,40,44,-4,2,0.35908825558705737,0.330153480506085,Dartmouth,Brown,4,4,1.1,400991605,2018-02-17
80,2,15:49,949,949,Zach Hunsaker Defensive Rebound.,40,44,-4,39,0.3588748038857853,0.32996672816758077,Dartmouth,Brown,4,4,1.1,400991605,2018-02-17
81,2,15:10,910,910,Miles Wright Defensive Rebound.,40,46,-6,25,0.27716653013266584,0.2525401150187362,Dartmouth,Brown,4,4,1.1,400991605,2018-02-17
82,2,14:45,885,885,Brandon Anderson made Free Throw.,42,47,-5,0,0.31223946977465633,0.2859177260186569,Dartmouth,Brown,4,4,1.1,400991605,2018-02-17
83,2,14:45,885,885,Brandon Anderson made Free Throw.,42,48,-6,37,0.2743368683231588,0.2500486376599003,Dartmouth,Brown,4,4,1.1,400991605,2018-02-17
84,2,14:08,848,848,Taylor Johnson Defensive Rebound.,45,48,-3,61,0.39299576224173327,0.36377635385608936,Dartmouth,Brown,4,4,1.1,400991605,2018-02-17
85,2,13:07,787,787,Chris Sullivan Defensive Rebound.,47,50,-3,10,0.38785006771017255,0.35933085682045973,Dartmouth,Brown,4,4,1.1,400991605,2018-02-17
86,2,12:57,777,777,Adrease Jackson Defensive Rebound.,47,50,-3,23,0.38684136448158185,0.35845033783503977,Dartmouth,Brown,4,4,1.1,400991605,2018-02-17
87,2,12:34,754,754,Taylor Johnson Defensive Rebound.,49,50,-1,30,0.48079822290790286,0.4508343180247939,Dartmouth,Brown,4,4,1.1,400991605,2018-02-17
88,2,12:04,724,724,James Foye Defensive Rebound.,49,50,-1,32,0.47916683230885615,0.4495844560438734,Dartmouth,Brown,4,4,1.1,400991605,2018-02-17
89,2,11:32,692,692,Tamenang Choh made Free Throw.,51,51,0,0,0.5293155042458104,0.5,Dartmouth,Brown,4,4,1.1,400991605,2018-02-17
90,2,11:32,692,692,Tamenang Choh missed Free Throw.,51,51,0,0,0.5293155042458104,0.5,Dartmouth,Brown,4,4,1.1,400991605,2018-02-17
91,2,11:32,692,692,Will Emery Defensive Rebound.,51,51,0,17,0.5293155042458104,0.5,Dartmouth,Brown,4,4,1.1,400991605,2018-02-17
92,2,11:15,675,675,Zach Hunsaker Defensive Rebound.,51,51,0,53,0.5291138570136256,0.5,Dartmouth,Brown,4,4,1.1,400991605,2018-02-17
93,2,10:22,622,622,Jason Massey Defensive Rebound.,51,53,-2,28,0.420684229197726,0.3931751522794666,Dartmouth,Brown,4,4,1.1,400991605,2018-02-17
94,2,9:54,594,594,Adrease Jackson Defensive Rebound.,51,53,-2,30,0.41801564473855696,0.39091507225555056,Dartmouth,Brown,4,4,1.1,400991605,2018-02-17
95,2,9:24,564,564,Jason Massey Defensive Rebound.,51,53,-2,6,0.41445561568328093,0.38784918204277036,Dartmouth,Brown,4,4,1.1,400991605,2018-02-17
96,2,9:18,558,558,Taylor Johnson Defensive Rebound.,51,53,-2,42,0.41363103280137814,0.3871324043241152,Dartmouth,Brown,4,4,1.1,400991605,2018-02-17
97,2,8:36,516,516,James Foye Defensive Rebound.,51,53,-2,27,0.40810613412006114,0.38236060566709085,Dartmouth,Brown,4,4,1.1,400991605,2018-02-17
98,2,8:09,489,489,Brandon Anderson missed Free Throw.,51,53,-2,0,0.4050794982485617,0.37979320928376264,Dartmouth,Brown,4,4,1.1,400991605,2018-02-17
99,2,8:09,489,489,Brown Deadball Team Rebound.,51,53,-2,0,0.4050794982485617,0.37979320928376264,Dartmouth,Brown,4,4,1.1,400991605,2018-02-17
100,2,8:09,489,489,Brandon Anderson made Free Throw.,51,54,-3,60,0.3476108880515093,0.32395849726494774,Dartmouth,Brown,4,4,1.1,400991605,2018-02-17
101,2,7:09,429,429,Tamenang Choh Defensive Rebound.,53,56,-3,32,0.334776107594133,0.3124945454354278,Dartmouth,Brown,4,4,1.1,400991605,2018-02-17
102,2,6:37,397,397,Will Emery Offensive Rebound.,53,56,-3,4,0.3260600734359752,0.30469017848871344,Dartmouth,Brown,4,4,1.1,400991605,2018-02-17
103,2,6:33,393,393,Will Emery made Free Throw.,54,56,-2,0,0.38833421152772213,0.3651805297301244,Dartmouth,Brown,4,4,1.1,400991605,2018-02-17
104,2,6:33,393,393,Will Emery missed Free Throw.,54,56,-2,0,0.38833421152772213,0.3651805297301244,Dartmouth,Brown,4,4,1.1,400991605,2018-02-17
105,2,6:33,393,393,Tamenang Choh Defensive Rebound.,54,56,-2,35,0.38833421152772213,0.3651805297301244,Dartmouth,Brown,4,4,1.1,400991605,2018-02-17
106,2,5:58,358,358,Chris Knight Block.,54,56,-2,1,0.38103733867970785,0.35886123921177077,Dartmouth,Brown,4,4,1.1,400991605,2018-02-17
107,2,5:57,357,357,Brandon Anderson Offensive Rebound.,54,56,-2,4,0.38080505886846205,0.358658609577425,Dartmouth,Brown,4,4,1.1,400991605,2018-02-17
108,2,5:53,353,353,Miles Wright Steal.,54,56,-2,41,0.37985652763999744,0.3578297745742905,Dartmouth,Brown,4,4,1.1,400991605,2018-02-17
109,2,5:12,312,312,Will Emery Defensive Rebound.,56,56,0,45,0.5225054316114622,0.5,Dartmouth,Brown,4,4,1.1,400991605,2018-02-17
110,2,4:27,267,267,Taylor Johnson Steal.,56,56,0,24,0.5212078228056491,0.5,Dartmouth,Brown,4,4,1.1,400991605,2018-02-17
111,2,4:03,243,243,Miles Wright Offensive Rebound.,56,56,0,33,0.5204929187431065,0.5,Dartmouth,Brown,4,4,1.1,400991605,2018-02-17
112,2,3:30,210,210,Brendan Barry Block.,56,56,0,0,0.5194136351773068,0.5,Dartmouth,Brown,4,4,1.1,400991605,2018-02-17
113,2,3:30,210,210,Brown Deadball Team Rebound.,56,56,0,23,0.5194136351773068,0.5,Dartmouth,Brown,4,4,1.1,400991605,2018-02-17
114,2,3:07,187,187,Dartmouth Defensive Rebound.,58,56,2,22,0.6891999297499445,0.6730724469188415,Dartmouth,Brown,4,4,1.1,400991605,2018-02-17
115,2,2:45,165,165,Desmond Cambridge Steal.,58,56,2,104,0.7083947594069854,0.6935671718614876,Dartmouth,Brown,4,4,1.1,400991605,2018-02-17
116,2,1:01,61,61,Miles Wright missed Free Throw.,64,61,3,0,0.9187631099510645,0.9148438761127525,Dartmouth,Brown,4,4,1.1,400991605,2018-02-17
117,2,1:01,61,61,Tamenang Choh Defensive Rebound.,64,61,3,10,0.9187631099510645,0.9148438761127525,Dartmouth,Brown,4,4,1.1,400991605,2018-02-17
118,2,0:51,51,51,Zach Hunsaker made Free Throw.,64,62,2,0,0.850844906152779,0.8444843322372528,Dartmouth,Brown,4,4,1.1,400991605,2018-02-17
119,2,0:51,51,51,Zach Hunsaker made Free Throw.,64,63,1,28,0.7099730888164242,0.6997252459297874,Dartmouth,Brown,4,4,1.1,400991605,2018-02-17
120,2,0:23,23,23,Desmond Cambridge Defensive Rebound.,64,63,1,19,0.742501162632936,0.7341873282778076,Dartmouth,Brown,4,4,1.1,400991605,2018-02-17
121,2,0:04,4,4,Desmond Cambridge Offensive Rebound.,64,63,1,3,0.7659281012755004,0.7589408788562625,Dartmouth,Brown,4,4,1.1,400991605,2018-02-17
122,2,0:01,1,1,Chris Knight Defensive Rebound.,64,63,1,0,0.7696937403792279,0.762914625658515,Dartmouth,Brown,4,4,1.1,400991605,2018-02-17
123,2,0:01,1,1,Chris Knight made Free Throw.,65,63,2,0,0.9149249736433507,0.9119316362211413,Dartmouth,Brown,4,4,1.1,400991605,2018-02-17
124,2,0:01,1,1,Chris Knight made Free Throw.,66,63,3,1,0.9719150446593585,0.9708630270713,Dartmouth,Brown,4,4,1.1,400991605,2018-02-17
125,2,0:00,0,0,End of Game,64,63,1,0,0.9999999980154167,0.9999999979388464,Dartmouth,Brown,4,4,1.1,400991605,2018-02-17
