play_id,half,time_remaining_half,secs_remaining,secs_remaining_absolute,description,home_score,away_score,score_diff,play_length,win_prob,naive_win_prob,home,away,home_time_out_remaining,away_time_out_remaining,home_favored_by,game_id,date
1,1,20:00,2400,2400,PLAY,0,0,0,20,0.7362869905289674,0.5,SE Louisiana,Abilene Christian,4,4,6.4,400989086,2018-02-17
2,1,19:40,2380,2380,Jaylen Franklin Defensive Rebound.,0,0,0,67,0.7358865207651675,0.5,SE Louisiana,Abilene Christian,4,4,6.4,400989086,2018-02-17
3,1,18:33,2313,2313,Drake Green Defensive Rebound.,2,0,2,18,0.7687980650280265,0.5458995598090786,SE Louisiana,Abilene Christian,4,4,6.4,400989086,2018-02-17
4,1,18:15,2295,2295,Jaren Lewis made Free Throw.,2,1,1,0,0.7517983288770214,0.5231991359454641,SE Louisiana,Abilene Christian,4,4,6.4,400989086,2018-02-17
5,1,18:15,2295,2295,Jaren Lewis made Free Throw.,2,2,0,102,0.7340684395184085,0.5,SE Louisiana,Abilene Christian,4,4,6.4,400989086,2018-02-17
6,1,16:33,2193,2193,Jabbar Singleton Steal.,7,2,5,7,0.8161509198930216,0.6195547982603079,SE Louisiana,Abilene Christian,4,4,6.4,400989086,2018-02-17
7,1,16:26,2186,2186,Hayden Howell Defensive Rebound.,7,2,5,6,0.8162572285337686,0.6199381965730206,SE Louisiana,Abilene Christian,4,4,6.4,400989086,2018-02-17
8,1,16:20,2180,2180,Tevin Foster missed Free Throw.,7,4,3,0,0.7850805275731061,0.5730752578907208,SE Louisiana,Abilene Christian,4,4,6.4,400989086,2018-02-17
9,1,16:20,2180,2180,Jordan Capps Defensive Rebound.,7,4,3,39,0.7850805275731061,0.5730752578907208,SE Louisiana,Abilene Christian,4,4,6.4,400989086,2018-02-17
10,1,15:41,2141,2141,Jabbar Singleton Defensive Rebound.,9,4,5,31,0.816921898769909,0.6224144719794179,SE Louisiana,Abilene Christian,4,4,6.4,400989086,2018-02-17
11,1,15:10,2110,2110,Joshua Filmore Defensive Rebound.,11,4,7,32,0.8457265840674575,0.6704044778121339,SE Louisiana,Abilene Christian,4,4,6.4,400989086,2018-02-17
12,1,14:38,2078,2078,Tevin Foster Defensive Rebound.,11,4,7,19,0.8465204185188269,0.6727752144096473,SE Louisiana,Abilene Christian,4,4,6.4,400989086,2018-02-17
13,1,14:19,2059,2059,James Currington Defensive Rebound.,11,4,7,29,0.8469906651713495,0.6741943318402343,SE Louisiana,Abilene Christian,4,4,6.4,400989086,2018-02-17
14,1,13:50,2030,2030,SE Louisiana Defensive Rebound.,11,4,7,20,0.8477083115451811,0.6763785494697607,SE Louisiana,Abilene Christian,4,4,6.4,400989086,2018-02-17
15,1,13:30,2010,2010,Jaylen Franklin Defensive Rebound.,11,4,7,26,0.8482040392493465,0.6778987092595555,SE Louisiana,Abilene Christian,4,4,6.4,400989086,2018-02-17
16,1,13:04,1984,1984,Joshua Filmore Offensive Rebound.,11,4,7,3,0.8488506147201271,0.6798930748787844,SE Louisiana,Abilene Christian,4,4,6.4,400989086,2018-02-17
17,1,13:01,1981,1981,Marlain Veal made Free Throw.,14,4,10,37,0.8858958965016038,0.7460461310630953,SE Louisiana,Abilene Christian,4,4,6.4,400989086,2018-02-17
18,1,12:24,1944,1944,Payten Ricks Steal.,14,6,8,2,0.8633157751690472,0.7062569753194968,SE Louisiana,Abilene Christian,4,4,6.4,400989086,2018-02-17
19,1,12:22,1942,1942,Jaylen Franklin made Free Throw.,14,7,7,0,0.8499033488773208,0.6831616983921132,SE Louisiana,Abilene Christian,4,4,6.4,400989086,2018-02-17
20,1,12:22,1942,1942,Jaylen Franklin missed Free Throw.,14,7,7,0,0.8499033488773208,0.6831616983921132,SE Louisiana,Abilene Christian,4,4,6.4,400989086,2018-02-17
21,1,12:22,1942,1942,SE Louisiana Defensive Rebound.,14,7,7,56,0.8499033488773208,0.6831616983921132,SE Louisiana,Abilene Christian,4,4,6.4,400989086,2018-02-17
22,1,11:26,1886,1886,James Currington Defensive Rebound.,19,10,9,14,0.8776242700644165,0.7338241278528949,SE Louisiana,Abilene Christian,4,4,6.4,400989086,2018-02-17
23,1,11:12,1872,1872,Marlain Veal Offensive Rebound.,19,10,9,5,0.8780648854641557,0.7351041955788185,SE Louisiana,Abilene Christian,4,4,6.4,400989086,2018-02-17
24,1,11:07,1867,1867,Hayden Howell Defensive Rebound.,19,10,9,44,0.8782214216559152,0.7355609611820632,SE Louisiana,Abilene Christian,4,4,6.4,400989086,2018-02-17
25,1,10:23,1823,1823,Moses Greenwood Offensive Rebound.,19,12,7,20,0.8527807343928471,0.6925031049195834,SE Louisiana,Abilene Christian,4,4,6.4,400989086,2018-02-17
26,1,10:03,1803,1803,Eddy Polanco Defensive Rebound.,21,12,9,5,0.8802080821514715,0.7414210754737142,SE Louisiana,Abilene Christian,4,4,6.4,400989086,2018-02-17
27,1,9:58,1798,1798,Abilene Christian Defensive Rebound.,21,12,9,48,0.8803634245383328,0.7418821476546343,SE Louisiana,Abilene Christian,4,4,6.4,400989086,2018-02-17
28,1,9:10,1750,1750,Tevin Foster Steal.,21,12,9,38,0.881872293965106,0.7463572274319181,SE Louisiana,Abilene Christian,4,4,6.4,400989086,2018-02-17
29,1,8:32,1712,1712,Eddy Polanco Steal.,21,14,7,92,0.8554561150585737,0.701493500820919,SE Louisiana,Abilene Christian,4,4,6.4,400989086,2018-02-17
30,1,7:00,1620,1620,B.J. Maxwell Steal.,25,19,6,24,0.841362872007093,0.6821414402607324,SE Louisiana,Abilene Christian,4,4,6.4,400989086,2018-02-17
31,1,6:36,1596,1596,Jaren Lewis missed Free Throw.,25,19,6,0,0.8417107955105644,0.6838423833603705,SE Louisiana,Abilene Christian,4,4,6.4,400989086,2018-02-17
32,1,6:36,1596,1596,Jabbar Singleton Defensive Rebound.,25,19,6,12,0.8417107955105644,0.6838423833603705,SE Louisiana,Abilene Christian,4,4,6.4,400989086,2018-02-17
33,1,6:24,1584,1584,Jordan Capps made Free Throw.,26,19,7,0,0.8583339995033133,0.7119052824090382,SE Louisiana,Abilene Christian,4,4,6.4,400989086,2018-02-17
34,1,6:24,1584,1584,Jordan Capps made Free Throw.,27,19,8,29,0.8733332545729863,0.7376697596739291,SE Louisiana,Abilene Christian,4,4,6.4,400989086,2018-02-17
35,1,5:55,1555,1555,Jabbar Singleton Steal.,27,19,8,29,0.8740276935806848,0.7401394248129738,SE Louisiana,Abilene Christian,4,4,6.4,400989086,2018-02-17
36,1,5:26,1526,1526,Joshua Filmore Defensive Rebound.,30,19,11,24,0.9122215091865752,0.8111187457082797,SE Louisiana,Abilene Christian,4,4,6.4,400989086,2018-02-17
37,1,5:02,1502,1502,Marlain Veal Defensive Rebound.,32,19,13,5,0.9320702719497788,0.8507686320666734,SE Louisiana,Abilene Christian,4,4,6.4,400989086,2018-02-17
38,1,4:57,1497,1497,Payten Ricks Defensive Rebound.,32,19,13,10,0.9322464834019971,0.8512667008542173,SE Louisiana,Abilene Christian,4,4,6.4,400989086,2018-02-17
39,1,4:47,1487,1487,Abilene Christian Offensive Rebound.,32,19,13,27,0.9326049849421754,0.852273313614625,SE Louisiana,Abilene Christian,4,4,6.4,400989086,2018-02-17
40,1,4:20,1460,1460,Jaylen Franklin Offensive Rebound.,34,19,15,0,0.9486674115415038,0.8857463602038289,SE Louisiana,Abilene Christian,4,4,6.4,400989086,2018-02-17
41,1,4:20,1460,1460,Jaylen Franklin made Free Throw.,34,20,14,0,0.9415963608478232,0.8711848514811446,SE Louisiana,Abilene Christian,4,4,6.4,400989086,2018-02-17
42,1,4:20,1460,1460,Jaylen Franklin missed Free Throw.,34,20,14,0,0.9415963608478232,0.8711848514811446,SE Louisiana,Abilene Christian,4,4,6.4,400989086,2018-02-17
43,1,4:20,1460,1460,Jordan Capps Defensive Rebound.,34,20,14,44,0.9415963608478232,0.8711848514811446,SE Louisiana,Abilene Christian,4,4,6.4,400989086,2018-02-17
44,1,3:36,1416,1416,Jabbar Singleton Defensive Rebound.,34,20,14,11,0.9432387668041973,0.8756437551893285,SE Louisiana,Abilene Christian,4,4,6.4,400989086,2018-02-17
45,1,3:25,1405,1405,Jaylen Franklin Defensive Rebound.,34,20,14,19,0.9436173219031344,0.8766923261922771,SE Louisiana,Abilene Christian,4,4,6.4,400989086,2018-02-17
46,1,3:06,1386,1386,James Currington Defensive Rebound.,34,20,14,25,0.9442497020487827,0.8784583505456818,SE Louisiana,Abilene Christian,4,4,6.4,400989086,2018-02-17
47,1,2:41,1361,1361,Kolton Kohl Defensive Rebound.,34,20,14,33,0.9450564285968631,0.8807262702572891,SE Louisiana,Abilene Christian,4,4,6.4,400989086,2018-02-17
48,1,2:08,1328,1328,Moses Greenwood Offensive Rebound.,34,20,14,18,0.9461146066507116,0.8836949750462421,SE Louisiana,Abilene Christian,4,4,6.4,400989086,2018-02-17
49,1,1:50,1310,1310,Jaylen Franklin Offensive Rebound.,36,20,16,18,0.9596564818365634,0.9118099246608612,SE Louisiana,Abilene Christian,4,4,6.4,400989086,2018-02-17
50,1,1:32,1292,1292,Payten Ricks Defensive Rebound.,36,22,14,15,0.947315911415947,0.8870071301654284,SE Louisiana,Abilene Christian,4,4,6.4,400989086,2018-02-17
51,1,1:17,1277,1277,Payten Ricks made Free Throw.,36,23,13,0,0.9400132407265803,0.8728799900475563,SE Louisiana,Abilene Christian,4,4,6.4,400989086,2018-02-17
52,1,1:17,1277,1277,Payten Ricks made Free Throw.,36,24,12,40,0.9310906641203119,0.8555067715104266,SE Louisiana,Abilene Christian,4,4,6.4,400989086,2018-02-17
53,1,0:37,1237,1237,Jordan Capps Defensive Rebound.,38,24,14,31,0.9493799443798732,0.8924664467038973,SE Louisiana,Abilene Christian,4,4,6.4,400989086,2018-02-17
54,1,0:06,1206,1206,Jaylen Franklin Defensive Rebound.,38,24,14,6,0.9507239917441794,0.8958633418065978,SE Louisiana,Abilene Christian,4,4,6.4,400989086,2018-02-17
55,1,0:00,1200,1200,Jordan Capps Defensive Rebound.,38,24,14,0,0.9509894549344682,0.8965272355199047,SE Louisiana,Abilene Christian,4,4,6.4,400989086,2018-02-17
56,1,0:00,1200,1200,End of 1st half,38,24,14,0,0.9509894549344682,0.8965272355199047,SE Louisiana,Abilene Christian,4,4,6.4,400989086,2018-02-17
57,2,20:00,1200,1200,PLAY,38,24,14,36,0.9509894549344682,0.8965272355199047,SE Louisiana,Abilene Christian,4,4,6.4,400989086,2018-02-17
58,2,19:24,1164,1164,Jaren Lewis Block.,38,26,12,2,0.9360629781275441,0.8683200459001545,SE Louisiana,Abilene Christian,4,4,6.4,400989086,2018-02-17
59,2,19:22,1162,1162,Drake Green Defensive Rebound.,38,26,12,22,0.9361494040818312,0.8685396799054392,SE Louisiana,Abilene Christian,4,4,6.4,400989086,2018-02-17
60,2,19:00,1140,1140,SE Louisiana Defensive Rebound.,38,26,12,28,0.9370851446659174,0.8709188282810222,SE Louisiana,Abilene Christian,4,4,6.4,400989086,2018-02-17
61,2,18:32,1112,1112,Jalone Friday Defensive Rebound.,38,26,12,10,0.9382591412930994,0.8738950026903272,SE Louisiana,Abilene Christian,4,4,6.4,400989086,2018-02-17
62,2,18:22,1102,1102,Jalone Friday Offensive Rebound.,38,26,12,8,0.9386806595572695,0.8749575885272253,SE Louisiana,Abilene Christian,4,4,6.4,400989086,2018-02-17
63,2,18:14,1094,1094,Marlain Veal Defensive Rebound.,38,26,12,17,0.9390206201908428,0.8758113268628419,SE Louisiana,Abilene Christian,4,4,6.4,400989086,2018-02-17
64,2,17:57,1077,1077,Keith Charleston Defensive Rebound.,38,26,12,29,0.9397552246512035,0.8776444653639364,SE Louisiana,Abilene Christian,4,4,6.4,400989086,2018-02-17
65,2,17:28,1048,1048,Jabbar Singleton Steal.,41,26,15,30,0.9634117887394071,0.9242012030338822,SE Louisiana,Abilene Christian,4,4,6.4,400989086,2018-02-17
66,2,16:58,1018,1018,Tevin Foster Offensive Rebound.,43,26,17,5,0.97454589406508,0.9469761097852745,SE Louisiana,Abilene Christian,4,4,6.4,400989086,2018-02-17
67,2,16:53,1013,1013,Tevin Foster Offensive Rebound.,43,26,17,2,0.9747252834181006,0.9474010694270998,SE Louisiana,Abilene Christian,4,4,6.4,400989086,2018-02-17
68,2,16:51,1011,1011,Jalone Friday Offensive Rebound.,43,26,17,63,0.9747976554577128,0.9475721618457915,SE Louisiana,Abilene Christian,4,4,6.4,400989086,2018-02-17
69,2,15:48,948,948,Jabbar Singleton Defensive Rebound.,46,28,18,35,0.9808172275789262,0.9604332624525165,SE Louisiana,Abilene Christian,4,4,6.4,400989086,2018-02-17
70,2,15:13,913,913,Keith Charleston Defensive Rebound.,48,28,20,44,0.9872394229450535,0.9737016947155214,SE Louisiana,Abilene Christian,4,4,6.4,400989086,2018-02-17
71,2,14:29,869,869,Keith Charleston missed Free Throw.,51,30,21,0,0.9900589292396498,0.9796393604785616,SE Louisiana,Abilene Christian,4,4,6.4,400989086,2018-02-17
72,2,14:29,869,869,SE Louisiana Deadball Team Rebound.,51,30,21,0,0.9900589292396498,0.9796393604785616,SE Louisiana,Abilene Christian,4,4,6.4,400989086,2018-02-17
73,2,14:29,869,869,Keith Charleston missed Free Throw.,51,30,21,0,0.9900589292396498,0.9796393604785616,SE Louisiana,Abilene Christian,4,4,6.4,400989086,2018-02-17
74,2,14:29,869,869,Hayden Howell Defensive Rebound.,51,30,21,30,0.9900589292396498,0.9796393604785616,SE Louisiana,Abilene Christian,4,4,6.4,400989086,2018-02-17
75,2,13:59,839,839,Jordan Capps Defensive Rebound.,51,30,21,52,0.9905458990488338,0.9807478403489822,SE Louisiana,Abilene Christian,4,4,6.4,400989086,2018-02-17
76,2,13:07,787,787,Jaren Lewis Offensive Rebound.,53,30,23,33,0.9941920443120023,0.9882652920345051,SE Louisiana,Abilene Christian,4,4,6.4,400989086,2018-02-17
77,2,12:34,754,754,Jordan Capps Offensive Rebound.,53,32,21,46,0.9921871127840558,0.9843776317654368,SE Louisiana,Abilene Christian,4,4,6.4,400989086,2018-02-17
78,2,11:48,708,708,Payten Ricks Defensive Rebound.,55,34,21,47,0.9932503583467314,0.9866651727820698,SE Louisiana,Abilene Christian,4,4,6.4,400989086,2018-02-17
79,2,11:01,661,661,James Currington missed Free Throw.,55,36,19,0,0.9909255421545029,0.9823414030482694,SE Louisiana,Abilene Christian,4,4,6.4,400989086,2018-02-17
80,2,11:01,661,661,SE Louisiana Deadball Team Rebound.,55,36,19,0,0.9909255421545029,0.9823414030482694,SE Louisiana,Abilene Christian,4,4,6.4,400989086,2018-02-17
81,2,11:01,661,661,James Currington made Free Throw.,56,36,20,33,0.9926427684651917,0.9856595605471608,SE Louisiana,Abilene Christian,4,4,6.4,400989086,2018-02-17
82,2,10:28,628,628,James Currington Offensive Rebound.,56,38,18,3,0.9895922598097305,0.9799564423752106,SE Louisiana,Abilene Christian,4,4,6.4,400989086,2018-02-17
83,2,10:25,625,625,Jaren Lewis Steal.,56,38,18,7,0.9896660241571137,0.9801141746885594,SE Louisiana,Abilene Christian,4,4,6.4,400989086,2018-02-17
84,2,10:18,618,618,Jabbar Singleton Defensive Rebound.,56,38,18,56,0.9898416067386686,0.9804883931972286,SE Louisiana,Abilene Christian,4,4,6.4,400989086,2018-02-17
85,2,9:22,562,562,Hayden Howell Offensive Rebound.,58,38,20,30,0.9946075646010711,0.9897837396443862,SE Louisiana,Abilene Christian,4,4,6.4,400989086,2018-02-17
86,2,8:52,532,532,Jaren Lewis Defensive Rebound.,58,40,18,5,0.9925115225009568,0.9859954858144454,SE Louisiana,Abilene Christian,4,4,6.4,400989086,2018-02-17
87,2,8:47,527,527,Jordan Capps Block.,58,40,18,2,0.9926456587655733,0.9862692800675975,SE Louisiana,Abilene Christian,4,4,6.4,400989086,2018-02-17
88,2,8:45,525,525,Jaren Lewis Offensive Rebound.,58,40,18,42,0.9926970363467135,0.9863742694843307,SE Louisiana,Abilene Christian,4,4,6.4,400989086,2018-02-17
89,2,8:03,483,483,B.J. Maxwell Offensive Rebound.,60,40,20,37,0.9961076862972518,0.9928242810925366,SE Louisiana,Abilene Christian,4,4,6.4,400989086,2018-02-17
90,2,7:26,446,446,Isaiah Tripp Steal.,60,42,18,4,0.9945971967218183,0.9901966403430118,SE Louisiana,Abilene Christian,4,4,6.4,400989086,2018-02-17
91,2,7:22,442,442,B.J. Maxwell Offensive Rebound.,60,42,18,8,0.9947197049995451,0.9904347402335691,SE Louisiana,Abilene Christian,4,4,6.4,400989086,2018-02-17
92,2,7:14,434,434,Abilene Christian Offensive Rebound.,60,42,18,7,0.9949776336474336,0.9909330937888562,SE Louisiana,Abilene Christian,4,4,6.4,400989086,2018-02-17
93,2,7:07,427,427,Eddy Polanco Defensive Rebound.,60,42,18,49,0.9952136989946669,0.9913863721779522,SE Louisiana,Abilene Christian,4,4,6.4,400989086,2018-02-17
94,2,6:18,378,378,Marlain Veal Block.,62,42,20,3,0.997986896453631,0.9964618730346083,SE Louisiana,Abilene Christian,4,4,6.4,400989086,2018-02-17
95,2,6:15,375,375,Quinton Thomas Defensive Rebound.,62,42,20,5,0.9980292332296495,0.996542116625804,SE Louisiana,Abilene Christian,4,4,6.4,400989086,2018-02-17
96,2,6:10,370,370,Jalone Friday Block.,62,42,20,2,0.9980994715950253,0.9966748262242248,SE Louisiana,Abilene Christian,4,4,6.4,400989086,2018-02-17
97,2,6:08,368,368,Jaylen Franklin Defensive Rebound.,62,42,20,21,0.9981275165883907,0.9967276574370707,SE Louisiana,Abilene Christian,4,4,6.4,400989086,2018-02-17
98,2,5:47,347,347,Eddy Polanco made Free Throw.,66,42,24,10,0.9995158223847866,0.9991636772361561,SE Louisiana,Abilene Christian,4,4,6.4,400989086,2018-02-17
99,2,5:37,337,337,Jordan Capps Block.,66,42,24,2,0.9995692857268551,0.9992606751864523,SE Louisiana,Abilene Christian,4,4,6.4,400989086,2018-02-17
100,2,5:35,335,335,Jalone Friday Offensive Rebound.,66,42,24,0,0.9995799350946056,0.9992798726385085,SE Louisiana,Abilene Christian,4,4,6.4,400989086,2018-02-17
101,2,5:35,335,335,Jalone Friday made Free Throw.,66,43,23,0,0.9994322195186182,0.9990267430150881,SE Louisiana,Abilene Christian,4,4,6.4,400989086,2018-02-17
102,2,5:35,335,335,Jalone Friday made Free Throw.,66,44,22,19,0.9992325997262061,0.9986847537328677,SE Louisiana,Abilene Christian,4,4,6.4,400989086,2018-02-17
103,2,5:16,316,316,Jalone Friday Defensive Rebound.,66,44,22,15,0.9994001824336143,0.9989846075598077,SE Louisiana,Abilene Christian,4,4,6.4,400989086,2018-02-17
104,2,5:01,301,301,Jordan Capps Defensive Rebound.,66,44,22,49,0.9995061362102451,0.9991723552041892,SE Louisiana,Abilene Christian,4,4,6.4,400989086,2018-02-17
105,2,4:12,252,252,Jordan Capps Offensive Rebound.,66,44,22,6,0.9994175441515026,0.9990556970579831,SE Louisiana,Abilene Christian,4,4,6.4,400989086,2018-02-17
106,2,4:06,246,246,Jaylen Franklin Steal.,66,44,22,28,0.9993972694306703,0.9990269532861724,SE Louisiana,Abilene Christian,4,4,6.4,400989086,2018-02-17
107,2,3:38,218,218,SE Louisiana Offensive Rebound.,66,46,20,2,0.9989314158243436,0.9983109439412182,SE Louisiana,Abilene Christian,4,4,6.4,400989086,2018-02-17
108,2,3:36,216,216,James Currington missed Free Throw.,66,46,20,0,0.9989562733780073,0.9983528166889688,SE Louisiana,Abilene Christian,4,4,6.4,400989086,2018-02-17
109,2,3:36,216,216,Trey Lenox Defensive Rebound.,66,46,20,58,0.9989562733780073,0.9983528166889688,SE Louisiana,Abilene Christian,4,4,6.4,400989086,2018-02-17
110,2,2:38,158,158,Jaylen Franklin Defensive Rebound.,66,49,17,46,0.9995111660426951,0.9992673125626884,SE Louisiana,Abilene Christian,4,4,6.4,400989086,2018-02-17
111,2,1:52,112,112,Tevin Foster made Free Throw.,68,53,15,0,0.9998410551513731,0.9997726555041607,SE Louisiana,Abilene Christian,4,4,6.4,400989086,2018-02-17
112,2,1:52,112,112,Tevin Foster made Free Throw.,68,54,14,24,0.9997219801191837,0.9996023586105326,SE Louisiana,Abilene Christian,4,4,6.4,400989086,2018-02-17
113,2,1:28,88,88,Kolton Kohl Defensive Rebound.,68,54,14,14,0.9999292367458508,0.9999014670569756,SE Louisiana,Abilene Christian,4,4,6.4,400989086,2018-02-17
114,2,1:14,74,74,Jabbar Singleton Defensive Rebound.,68,54,14,23,0.9999712980804788,0.9999606824068065,SE Louisiana,Abilene Christian,4,4,6.4,400989086,2018-02-17
115,2,0:51,51,51,Trey Lenox Steal.,68,54,14,2,0.9999946074236099,0.9999928175146018,SE Louisiana,Abilene Christian,4,4,6.4,400989086,2018-02-17
116,2,0:49,49,49,Quinton Thomas Block.,68,54,14,2,0.9999953841569624,0.999993867478944,SE Louisiana,Abilene Christian,4,4,6.4,400989086,2018-02-17
117,2,0:47,47,47,Trey Lenox Offensive Rebound.,68,54,14,6,0.9999960564685478,0.9999947739021988,SE Louisiana,Abilene Christian,4,4,6.4,400989086,2018-02-17
118,2,0:41,41,41,Brandon Gonzalez Defensive Rebound.,68,54,14,41,0.9999975707423507,0.999996805188533,SE Louisiana,Abilene Christian,4,4,6.4,400989086,2018-02-17
119,2,0:00,0,0,End of Game,68,54,14,0,1,1,SE Louisiana,Abilene Christian,4,4,6.4,400989086,2018-02-17
