play_id,half,time_remaining_half,secs_remaining,secs_remaining_absolute,description,home_score,away_score,score_diff,play_length,win_prob,naive_win_prob,home,away,home_time_out_remaining,away_time_out_remaining,home_favored_by,game_id,date
1,1,20:00,2400,2400,PLAY,0,0,0,18,0.6659343140835554,0.5,Arkansas State,Little Rock,4,4,4.3,400990500,2018-02-17
2,1,19:42,2382,2382,Tamas Bruce Defensive Rebound.,0,0,0,8,0.665657273179173,0.5,Arkansas State,Little Rock,4,4,4.3,400990500,2018-02-17
3,1,19:34,2374,2374,Oliver Black Block.,0,0,0,2,0.6655321846515257,0.5,Arkansas State,Little Rock,4,4,4.3,400990500,2018-02-17
4,1,19:32,2372,2372,Kris Bankston Defensive Rebound.,0,0,0,27,0.6655007215919265,0.5,Arkansas State,Little Rock,4,4,4.3,400990500,2018-02-17
5,1,19:05,2345,2345,Tristin Walley Steal.,0,0,0,2,0.6650683638358246,0.5,Arkansas State,Little Rock,4,4,4.3,400990500,2018-02-17
6,1,19:03,2343,2343,Marquis Eaton made Free Throw.,1,0,1,0,0.6849361365589245,0.5226677470488996,Arkansas State,Little Rock,4,4,4.3,400990500,2018-02-17
7,1,19:03,2343,2343,Marquis Eaton missed Free Throw.,1,0,1,0,0.6849361365589245,0.5226677470488996,Arkansas State,Little Rock,4,4,4.3,400990500,2018-02-17
8,1,19:03,2343,2343,Oliver Black Defensive Rebound.,1,0,1,22,0.6849361365589245,0.5226677470488996,Arkansas State,Little Rock,4,4,4.3,400990500,2018-02-17
9,1,18:41,2321,2321,Tamas Bruce Steal.,1,0,1,7,0.6847929371722521,0.5229096589972142,Arkansas State,Little Rock,4,4,4.3,400990500,2018-02-17
10,1,18:34,2314,2314,Oliver Black Defensive Rebound.,1,0,1,18,0.6847459158540299,0.5229872304077562,Arkansas State,Little Rock,4,4,4.3,400990500,2018-02-17
11,1,18:16,2296,2296,Tristin Walley Block.,1,0,1,2,0.6846216014429503,0.5231879356419173,Arkansas State,Little Rock,4,4,4.3,400990500,2018-02-17
12,1,18:14,2294,2294,Tamas Bruce Defensive Rebound.,1,0,1,51,0.684607477566516,0.523210341337861,Arkansas State,Little Rock,4,4,4.3,400990500,2018-02-17
13,1,17:23,2243,2243,Tamas Bruce Defensive Rebound.,3,0,3,61,0.723862599129478,0.5709360006525587,Arkansas State,Little Rock,4,4,4.3,400990500,2018-02-17
14,1,16:22,2182,2182,Tamas Bruce Steal.,3,3,0,6,0.6621301264355847,0.5,Arkansas State,Little Rock,4,4,4.3,400990500,2018-02-17
15,1,16:16,2176,2176,Arkansas State Offensive Rebound.,3,3,0,191,0.6620103118363282,0.5,Arkansas State,Little Rock,4,4,4.3,400990500,2018-02-17
16,1,13:05,1985,1985,Marquis Eaton Defensive Rebound.,11,11,0,34,0.6577749875214701,0.5,Arkansas State,Little Rock,4,4,4.3,400990500,2018-02-17
17,1,12:31,1951,1951,Tamas Bruce made Free Throw.,12,11,1,0,0.6811345460487611,0.5272972009707604,Arkansas State,Little Rock,4,4,4.3,400990500,2018-02-17
18,1,12:31,1951,1951,Tamas Bruce made Free Throw.,13,11,2,21,0.7043893619293776,0.5544321642239337,Arkansas State,Little Rock,4,4,4.3,400990500,2018-02-17
19,1,12:10,1930,1930,Kris Bankston Offensive Rebound.,13,11,2,26,0.7043573113934836,0.5549705212510788,Arkansas State,Little Rock,4,4,4.3,400990500,2018-02-17
20,1,11:44,1904,1904,Kris Bankston Defensive Rebound.,13,13,0,10,0.6557492926990536,0.5,Arkansas State,Little Rock,4,4,4.3,400990500,2018-02-17
21,1,11:34,1894,1894,Ty Cockfield Steal.,13,13,0,57,0.6554882824936081,0.5,Arkansas State,Little Rock,4,4,4.3,400990500,2018-02-17
22,1,10:37,1837,1837,Kris Bankston Defensive Rebound.,15,16,-1,44,0.6274327934797591,0.4712218391961718,Arkansas State,Little Rock,4,4,4.3,400990500,2018-02-17
23,1,9:53,1793,1793,Tristin Walley Defensive Rebound.,15,16,-1,47,0.6256093218189719,0.4706397212812061,Arkansas State,Little Rock,4,4,4.3,400990500,2018-02-17
24,1,9:06,1746,1746,Salif Boudie Offensive Rebound.,18,19,-1,56,0.623600617929349,0.4700006725452892,Arkansas State,Little Rock,4,4,4.3,400990500,2018-02-17
25,1,8:10,1690,1690,Oliver Black Offensive Rebound.,23,21,2,7,0.7035646726283493,0.5613571600748621,Arkansas State,Little Rock,4,4,4.3,400990500,2018-02-17
26,1,8:03,1683,1683,Oliver Black made Two Point Tip Shot.,23,23,0,59,0.6494732793243182,0.5,Arkansas State,Little Rock,4,4,4.3,400990500,2018-02-17
27,1,7:04,1624,1624,Tristin Walley Defensive Rebound.,28,26,2,19,0.7031995042808511,0.5631868182636308,Arkansas State,Little Rock,4,4,4.3,400990500,2018-02-17
28,1,6:45,1605,1605,Tamas Bruce missed Free Throw.,28,26,2,0,0.7030533389713768,0.5636972087106271,Arkansas State,Little Rock,4,4,4.3,400990500,2018-02-17
29,1,6:45,1605,1605,Kris Bankston Defensive Rebound.,28,26,2,15,0.7030533389713768,0.5636972087106271,Arkansas State,Little Rock,4,4,4.3,400990500,2018-02-17
30,1,6:30,1590,1590,Ben Marcus missed Free Throw.,28,26,2,0,0.7029309956453602,0.5640996076167397,Arkansas State,Little Rock,4,4,4.3,400990500,2018-02-17
31,1,6:30,1590,1590,Little Rock Deadball Team Rebound.,28,26,2,0,0.7029309956453602,0.5640996076167397,Arkansas State,Little Rock,4,4,4.3,400990500,2018-02-17
32,1,6:30,1590,1590,Ben Marcus missed Free Throw.,28,26,2,0,0.7029309956453602,0.5640996076167397,Arkansas State,Little Rock,4,4,4.3,400990500,2018-02-17
33,1,6:30,1590,1590,Tamas Bruce Defensive Rebound.,28,26,2,29,0.7029309956453602,0.5640996076167397,Arkansas State,Little Rock,4,4,4.3,400990500,2018-02-17
34,1,6:01,1561,1561,Jaizec Lottie Defensive Rebound.,28,26,2,31,0.7026865667891888,0.5648834878989789,Arkansas State,Little Rock,4,4,4.3,400990500,2018-02-17
35,1,5:30,1530,1530,Ben Marcus Offensive Rebound.,28,26,2,31,0.7024302591028693,0.5657426280477328,Arkansas State,Little Rock,4,4,4.3,400990500,2018-02-17
36,1,4:59,1499,1499,Jaizec Lottie Steal.,28,28,0,29,0.6432830368865642,0.5,Arkansas State,Little Rock,4,4,4.3,400990500,2018-02-17
37,1,4:30,1470,1470,Jaizec Lottie Defensive Rebound.,28,31,-3,1,0.5442708146229427,0.3994755532212195,Arkansas State,Little Rock,4,4,4.3,400990500,2018-02-17
38,1,4:29,1469,1469,Jaizec Lottie made Free Throw.,28,32,-4,0,0.510312132656017,0.36730595095054175,Arkansas State,Little Rock,4,4,4.3,400990500,2018-02-17
39,1,4:29,1469,1469,Jaizec Lottie missed Free Throw.,28,32,-4,0,0.510312132656017,0.36730595095054175,Arkansas State,Little Rock,4,4,4.3,400990500,2018-02-17
40,1,4:29,1469,1469,Grantham Gillard Defensive Rebound.,28,32,-4,48,0.510312132656017,0.36730595095054175,Arkansas State,Little Rock,4,4,4.3,400990500,2018-02-17
41,1,3:41,1421,1421,Ben Marcus Defensive Rebound.,30,32,-2,14,0.5743191471546537,0.43089627031507555,Arkansas State,Little Rock,4,4,4.3,400990500,2018-02-17
42,1,3:27,1407,1407,Rashad Lindsey Defensive Rebound.,30,32,-2,35,0.5733510448011354,0.43046336998919077,Arkansas State,Little Rock,4,4,4.3,400990500,2018-02-17
43,1,2:52,1372,1372,Ben Marcus made Free Throw.,32,33,-1,0,0.6053446050285761,0.46452559227823725,Arkansas State,Little Rock,4,4,4.3,400990500,2018-02-17
44,1,2:52,1372,1372,Ben Marcus made Free Throw.,32,34,-2,44,0.5709304767036599,0.42940653331902806,Arkansas State,Little Rock,4,4,4.3,400990500,2018-02-17
45,1,2:08,1328,1328,Rashad Lindsey Steal.,35,34,1,56,0.6698746014783574,0.5361492398317138,Arkansas State,Little Rock,4,4,4.3,400990500,2018-02-17
46,1,1:12,1272,1272,Little Rock Offensive Rebound.,40,34,6,15,0.809208114681612,0.7091650887646833,Arkansas State,Little Rock,4,4,4.3,400990500,2018-02-17
47,1,0:57,1257,1257,Cameron Corcoran Offensive Rebound.,40,34,6,41,0.8098259472680478,0.7105007585946292,Arkansas State,Little Rock,4,4,4.3,400990500,2018-02-17
48,1,0:16,1216,1216,Damir Hadzic Defensive Rebound.,40,36,4,16,0.7605634458995028,0.6482736526374299,Arkansas State,Little Rock,4,4,4.3,400990500,2018-02-17
49,1,0:00,1200,1200,Little Rock Deadball Team Rebound.,40,36,4,0,0.761081406155199,0.6495177425372646,Arkansas State,Little Rock,4,4,4.3,400990500,2018-02-17
50,1,0:00,1200,1200,End of 1st half,40,36,4,0,0.761081406155199,0.6495177425372646,Arkansas State,Little Rock,4,4,4.3,400990500,2018-02-17
51,2,20:00,1200,1200,PLAY,40,36,4,63,0.761081406155199,0.6495177425372646,Arkansas State,Little Rock,4,4,4.3,400990500,2018-02-17
52,2,18:57,1137,1137,Tristin Walley missed Free Throw.,40,39,1,0,0.6661668043001172,0.5397484732883293,Arkansas State,Little Rock,4,4,4.3,400990500,2018-02-17
53,2,18:57,1137,1137,Arkansas State Deadball Team Rebound.,40,39,1,0,0.6661668043001172,0.5397484732883293,Arkansas State,Little Rock,4,4,4.3,400990500,2018-02-17
54,2,18:57,1137,1137,Tristin Walley made Free Throw.,41,39,2,12,0.7006151248669353,0.5789976997172182,Arkansas State,Little Rock,4,4,4.3,400990500,2018-02-17
55,2,18:45,1125,1125,Ty Cockfield Steal.,41,39,2,21,0.7006130809569489,0.5794619491860366,Arkansas State,Little Rock,4,4,4.3,400990500,2018-02-17
56,2,18:24,1104,1104,Kris Bankston Block.,41,39,2,3,0.7006157707124063,0.5802816626534735,Arkansas State,Little Rock,4,4,4.3,400990500,2018-02-17
57,2,18:21,1101,1101,Ryan Pippins Defensive Rebound.,41,39,2,16,0.7006171970072952,0.5804000944655658,Arkansas State,Little Rock,4,4,4.3,400990500,2018-02-17
58,2,18:05,1085,1085,Kris Bankston Defensive Rebound.,41,41,0,23,0.6279098213350025,0.5,Arkansas State,Little Rock,4,4,4.3,400990500,2018-02-17
59,2,17:42,1062,1062,Tristin Walley Defensive Rebound.,41,41,0,8,0.6270437019251597,0.5,Arkansas State,Little Rock,4,4,4.3,400990500,2018-02-17
60,2,17:34,1054,1054,Grantham Gillard made Free Throw.,42,41,1,0,0.6647295104142505,0.5414508274000549,Arkansas State,Little Rock,4,4,4.3,400990500,2018-02-17
61,2,17:34,1054,1054,Grantham Gillard made Free Throw.,43,41,2,0,0.7006987144348461,0.5823357869243388,Arkansas State,Little Rock,4,4,4.3,400990500,2018-02-17
62,2,17:34,1054,1054,Grantham Gillard missed Free Throw.,43,41,2,0,0.7006987144348461,0.5823357869243388,Arkansas State,Little Rock,4,4,4.3,400990500,2018-02-17
63,2,17:34,1054,1054,Ben Marcus Defensive Rebound.,43,41,2,42,0.7006987144348461,0.5823357869243388,Arkansas State,Little Rock,4,4,4.3,400990500,2018-02-17
64,2,16:52,1012,1012,Anthony Black Defensive Rebound.,43,43,0,65,0.6251224163416665,0.5,Arkansas State,Little Rock,4,4,4.3,400990500,2018-02-17
65,2,15:47,947,947,Damir Hadzic Block.,45,45,0,1,0.6225464986604804,0.5,Arkansas State,Little Rock,4,4,4.3,400990500,2018-02-17
66,2,15:46,946,946,Ryan Pippins Defensive Rebound.,45,45,0,4,0.6225087677986426,0.5,Arkansas State,Little Rock,4,4,4.3,400990500,2018-02-17
67,2,15:42,942,942,Ben Marcus Defensive Rebound.,45,45,0,12,0.6223589227513826,0.5,Arkansas State,Little Rock,4,4,4.3,400990500,2018-02-17
68,2,15:30,930,930,Tamas Bruce Defensive Rebound.,45,45,0,30,0.6219189619711902,0.5,Arkansas State,Little Rock,4,4,4.3,400990500,2018-02-17
69,2,15:00,900,900,Tamas Bruce Defensive Rebound.,47,45,2,8,0.7019754933690847,0.5898846434427828,Arkansas State,Little Rock,4,4,4.3,400990500,2018-02-17
70,2,14:52,892,892,Ty Cockfield made Free Throw.,48,45,3,0,0.7387383631383801,0.6335188959209666,Arkansas State,Little Rock,4,4,4.3,400990500,2018-02-17
71,2,14:52,892,892,Ty Cockfield made Free Throw.,49,45,4,22,0.7723923077740914,0.6747592946102687,Arkansas State,Little Rock,4,4,4.3,400990500,2018-02-17
72,2,14:30,870,870,Connor Kern Defensive Rebound.,49,45,4,37,0.7731897949055783,0.6764431875535574,Arkansas State,Little Rock,4,4,4.3,400990500,2018-02-17
73,2,13:53,833,833,Jaizec Lottie made Free Throw.,51,46,5,0,0.8057108261823411,0.7188474332166053,Arkansas State,Little Rock,4,4,4.3,400990500,2018-02-17
74,2,13:53,833,833,Jaizec Lottie made Free Throw.,51,47,4,13,0.7746273691289408,0.6793968474954819,Arkansas State,Little Rock,4,4,4.3,400990500,2018-02-17
75,2,13:40,820,820,Tamas Bruce missed Free Throw.,53,47,6,0,0.8342401079716023,0.7566275200682231,Arkansas State,Little Rock,4,4,4.3,400990500,2018-02-17
76,2,13:40,820,820,Damir Hadzic Defensive Rebound.,53,47,6,79,0.8342401079716023,0.7566275200682231,Arkansas State,Little Rock,4,4,4.3,400990500,2018-02-17
77,2,12:21,741,741,Kris Bankston Defensive Rebound.,53,49,4,16,0.7800502534755783,0.6894457565695016,Arkansas State,Little Rock,4,4,4.3,400990500,2018-02-17
78,2,12:05,725,725,Tamas Bruce Steal.,53,49,4,10,0.7814211250958704,0.6918342087867998,Arkansas State,Little Rock,4,4,4.3,400990500,2018-02-17
79,2,11:55,715,715,Tamas Bruce missed Free Throw.,53,49,4,0,0.7822257215146295,0.6932572004852392,Arkansas State,Little Rock,4,4,4.3,400990500,2018-02-17
80,2,11:55,715,715,Arkansas State Deadball Team Rebound.,53,49,4,0,0.7822257215146295,0.6932572004852392,Arkansas State,Little Rock,4,4,4.3,400990500,2018-02-17
81,2,11:55,715,715,Tamas Bruce made Free Throw.,54,49,5,88,0.8149547354594271,0.734824402997812,Arkansas State,Little Rock,4,4,4.3,400990500,2018-02-17
82,2,10:27,627,627,Arkansas State Offensive Rebound.,56,53,3,28,0.749399013241573,0.6567201730620184,Arkansas State,Little Rock,4,4,4.3,400990500,2018-02-17
83,2,9:59,599,599,Little Rock Offensive Rebound.,59,53,6,25,0.8539442730602614,0.7899905925348454,Arkansas State,Little Rock,4,4,4.3,400990500,2018-02-17
84,2,9:34,574,574,Rashad Lindsey Offensive Rebound.,59,55,4,4,0.7922947704713724,0.7116390768359518,Arkansas State,Little Rock,4,4,4.3,400990500,2018-02-17
85,2,9:30,570,570,Ryan Pippins Defensive Rebound.,59,55,4,12,0.79273951808222,0.7123866248509151,Arkansas State,Little Rock,4,4,4.3,400990500,2018-02-17
86,2,9:18,558,558,Connor Kern Defensive Rebound.,59,55,4,9,0.7941878876982142,0.7147902580684806,Arkansas State,Little Rock,4,4,4.3,400990500,2018-02-17
87,2,9:09,549,549,Jaizec Lottie Defensive Rebound.,59,55,4,10,0.7953934838890458,0.7167613125563627,Arkansas State,Little Rock,4,4,4.3,400990500,2018-02-17
88,2,8:59,539,539,Tamas Bruce Defensive Rebound.,59,55,4,24,0.7966617619065957,0.7188574782398189,Arkansas State,Little Rock,4,4,4.3,400990500,2018-02-17
89,2,8:35,515,515,Jaizec Lottie Defensive Rebound.,59,55,4,20,0.7991231371288435,0.7231006258497041,Arkansas State,Little Rock,4,4,4.3,400990500,2018-02-17
90,2,8:15,495,495,Oliver Black made Free Throw.,59,56,3,0,0.7591595188290532,0.6752299888203832,Arkansas State,Little Rock,4,4,4.3,400990500,2018-02-17
91,2,8:15,495,495,Oliver Black made Free Throw.,59,57,2,18,0.7117910005325419,0.6196251274169704,Arkansas State,Little Rock,4,4,4.3,400990500,2018-02-17
92,2,7:57,477,477,Camron Reedus Defensive Rebound.,59,57,2,40,0.7124610648955577,0.6214408315461087,Arkansas State,Little Rock,4,4,4.3,400990500,2018-02-17
93,2,7:17,437,437,Camron Reedus made Free Throw.,62,61,1,0,0.6593022448220185,0.5645413781563235,Arkansas State,Little Rock,4,4,4.3,400990500,2018-02-17
94,2,7:17,437,437,Camron Reedus made Free Throw.,62,62,0,50,0.5988251854041813,0.5,Arkansas State,Little Rock,4,4,4.3,400990500,2018-02-17
95,2,6:27,387,387,Ryan Pippins made Free Throw.,64,63,1,0,0.6597079973616785,0.5692196327214492,Arkansas State,Little Rock,4,4,4.3,400990500,2018-02-17
96,2,6:27,387,387,Ryan Pippins made Free Throw.,64,64,0,40,0.5946748600329504,0.5,Arkansas State,Little Rock,4,4,4.3,400990500,2018-02-17
97,2,5:47,347,347,Jaizec Lottie Offensive Rebound.,66,64,2,4,0.7227072143956434,0.6434733465690289,Arkansas State,Little Rock,4,4,4.3,400990500,2018-02-17
98,2,5:43,343,343,Little Rock Offensive Rebound.,66,64,2,18,0.7231673565201128,0.6443861560279657,Arkansas State,Little Rock,4,4,4.3,400990500,2018-02-17
99,2,5:25,325,325,Oliver Black Block.,66,64,2,3,0.7256529843947381,0.6490109918343543,Arkansas State,Little Rock,4,4,4.3,400990500,2018-02-17
100,2,5:22,322,322,Oliver Black Defensive Rebound.,66,64,2,33,0.7261433364831911,0.6498753923001954,Arkansas State,Little Rock,4,4,4.3,400990500,2018-02-17
101,2,4:49,289,289,Oliver Black Defensive Rebound.,66,64,2,17,0.7293694735573082,0.656942629172025,Arkansas State,Little Rock,4,4,4.3,400990500,2018-02-17
102,2,4:32,272,272,Marquis Eaton Steal.,66,64,2,2,0.726891563416137,0.6558439128128998,Arkansas State,Little Rock,4,4,4.3,400990500,2018-02-17
103,2,4:30,270,270,Ty Cockfield made Free Throw.,67,64,3,0,0.7856297620664097,0.7242427872326178,Arkansas State,Little Rock,4,4,4.3,400990500,2018-02-17
104,2,4:30,270,270,Ty Cockfield made Free Throw.,68,64,4,52,0.834884706081392,0.7837194126291137,Arkansas State,Little Rock,4,4,4.3,400990500,2018-02-17
105,2,3:38,218,218,Tamas Bruce missed Free Throw.,70,66,4,0,0.8298273999766104,0.7818327706216548,Arkansas State,Little Rock,4,4,4.3,400990500,2018-02-17
106,2,3:38,218,218,Ben Marcus Defensive Rebound.,70,66,4,22,0.8298273999766104,0.7818327706216548,Arkansas State,Little Rock,4,4,4.3,400990500,2018-02-17
107,2,3:16,196,196,Ben Marcus missed Free Throw.,70,68,2,0,0.727638145304852,0.6652830777540031,Arkansas State,Little Rock,4,4,4.3,400990500,2018-02-17
108,2,3:16,196,196,Grantham Gillard Defensive Rebound.,70,68,2,27,0.727638145304852,0.6652830777540031,Arkansas State,Little Rock,4,4,4.3,400990500,2018-02-17
109,2,2:49,169,169,Jaizec Lottie Steal.,70,68,2,47,0.7461334171129647,0.6897562868667404,Arkansas State,Little Rock,4,4,4.3,400990500,2018-02-17
110,2,2:02,122,122,Ben Marcus Block.,70,70,0,1,0.5616102953710489,0.5,Arkansas State,Little Rock,4,4,4.3,400990500,2018-02-17
111,2,2:01,121,121,Jaizec Lottie Defensive Rebound.,70,70,0,18,0.5614356007464794,0.5,Arkansas State,Little Rock,4,4,4.3,400990500,2018-02-17
112,2,1:43,103,103,Oliver Black Defensive Rebound.,70,72,-2,43,0.2780822983927506,0.23364013224199612,Arkansas State,Little Rock,4,4,4.3,400990500,2018-02-17
113,2,1:00,60,60,Tamas Bruce missed Free Throw.,70,74,-4,0,0.0480202708412376,0.039658186888255696,Arkansas State,Little Rock,4,4,4.3,400990500,2018-02-17
114,2,1:00,60,60,Arkansas State Deadball Team Rebound.,70,74,-4,0,0.0480202708412376,0.039658186888255696,Arkansas State,Little Rock,4,4,4.3,400990500,2018-02-17
115,2,1:00,60,60,Tamas Bruce missed Free Throw.,70,74,-4,0,0.0480202708412376,0.039658186888255696,Arkansas State,Little Rock,4,4,4.3,400990500,2018-02-17
116,2,1:00,60,60,Jaizec Lottie Defensive Rebound.,70,74,-4,13,0.0480202708412376,0.039658186888255696,Arkansas State,Little Rock,4,4,4.3,400990500,2018-02-17
117,2,0:47,47,47,Kris Bankston made Free Throw.,70,75,-5,0,0.015453867224334837,0.012824195967809978,Arkansas State,Little Rock,4,4,4.3,400990500,2018-02-17
118,2,0:47,47,47,Kris Bankston made Free Throw.,70,76,-6,8,0.006541509260929043,0.005420039815709928,Arkansas State,Little Rock,4,4,4.3,400990500,2018-02-17
119,2,0:39,39,39,Jaizec Lottie Steal.,70,76,-6,0,0.004903944745302191,0.004089942967555818,Arkansas State,Little Rock,4,4,4.3,400990500,2018-02-17
120,2,0:39,39,39,Jaizec Lottie missed Free Throw.,70,76,-6,0,0.004903944745302191,0.004089942967555818,Arkansas State,Little Rock,4,4,4.3,400990500,2018-02-17
121,2,0:39,39,39,Connor Kern Defensive Rebound.,70,76,-6,11,0.004903944745302191,0.004089942967555818,Arkansas State,Little Rock,4,4,4.3,400990500,2018-02-17
122,2,0:28,28,28,Cameron Corcoran made Free Throw.,73,77,-4,0,0.022680933317064913,0.019152701911518143,Arkansas State,Little Rock,4,4,4.3,400990500,2018-02-17
123,2,0:28,28,28,Cameron Corcoran made Free Throw.,73,78,-5,9,0.00860063169679203,0.00724648247509824,Arkansas State,Little Rock,4,4,4.3,400990500,2018-02-17
124,2,0:19,19,19,Anthony Black made Free Throw.,76,79,-3,0,0.049174724509217886,0.04202372636616275,Arkansas State,Little Rock,4,4,4.3,400990500,2018-02-17
125,2,0:19,19,19,Anthony Black made Free Throw.,76,80,-4,6,0.017913113002209838,0.015235341616680557,Arkansas State,Little Rock,4,4,4.3,400990500,2018-02-17
126,2,0:13,13,13,Marquis Eaton Offensive Rebound.,76,80,-4,6,0.01517456689490498,0.012970672914026048,Arkansas State,Little Rock,4,4,4.3,400990500,2018-02-17
127,2,0:07,7,7,Camron Reedus made Free Throw.,78,81,-3,0,0.0383370203968498,0.03305852595083273,Arkansas State,Little Rock,4,4,4.3,400990500,2018-02-17
128,2,0:07,7,7,Camron Reedus made Free Throw.,78,82,-4,5,0.012773406579944907,0.010974511870150696,Arkansas State,Little Rock,4,4,4.3,400990500,2018-02-17
129,2,0:02,2,2,Arkansas State Deadball Team Rebound.,78,82,-4,2,0.01102231978297869,0.00951168353188601,Arkansas State,Little Rock,4,4,4.3,400990500,2018-02-17
130,2,0:00,0,0,End of Game,78,82,-4,0,2.0927191537967848e-35,1.8048513878454153e-35,Arkansas State,Little Rock,4,4,4.3,400990500,2018-02-17
