play_id,half,time_remaining_half,secs_remaining,secs_remaining_absolute,description,home_score,away_score,score_diff,play_length,win_prob,naive_win_prob,home,away,home_time_out_remaining,away_time_out_remaining,home_favored_by,game_id,date
1,1,20:00,2400,2400,PLAY,0,0,0,15,0.07455296665154516,0.5,Portland,Saint Mary's,4,4,-15.7,400986989,2018-02-17
2,1,19:45,2385,2385,Philipp Hartwich Defensive Rebound.,0,0,0,31,0.0748142894821372,0.5,Portland,Saint Mary's,4,4,-15.7,400986989,2018-02-17
3,1,19:14,2354,2354,D'Marques Tyson Defensive Rebound.,0,0,0,13,0.07537221144530369,0.5,Portland,Saint Mary's,4,4,-15.7,400986989,2018-02-17
4,1,19:01,2341,2341,Philipp Hartwich Offensive Rebound.,0,0,0,12,0.07561359078087682,0.5,Portland,Saint Mary's,4,4,-15.7,400986989,2018-02-17
5,1,18:49,2329,2329,Calvin Hermanson Defensive Rebound.,0,0,0,10,0.07584041686309337,0.5,Portland,Saint Mary's,4,4,-15.7,400986989,2018-02-17
6,1,18:39,2319,2319,Marcus Shaver Jr. Defensive Rebound.,0,0,0,26,0.07603244173933246,0.5,Portland,Saint Mary's,4,4,-15.7,400986989,2018-02-17
7,1,18:13,2293,2293,Philipp Hartwich Defensive Rebound.,2,0,2,55,0.09076420727362405,0.5463431431926905,Portland,Saint Mary's,4,4,-15.7,400986989,2018-02-17
8,1,17:18,2238,2238,Calvin Hermanson Block.,4,2,2,2,0.09252509879939144,0.5475820854440291,Portland,Saint Mary's,4,4,-15.7,400986989,2018-02-17
9,1,17:16,2236,2236,Emmett Naar Defensive Rebound.,4,2,2,4,0.09259157873904222,0.5476275884961723,Portland,Saint Mary's,4,4,-15.7,400986989,2018-02-17
10,1,17:12,2232,2232,Marcus Shaver Jr. Defensive Rebound.,4,2,2,27,0.09272506653447533,0.5477186766445648,Portland,Saint Mary's,4,4,-15.7,400986989,2018-02-17
11,1,16:45,2205,2205,Philipp Hartwich Steal.,6,2,4,64,0.11145419362349515,0.5957771937717765,Portland,Saint Mary's,4,4,-15.7,400986989,2018-02-17
12,1,15:41,2141,2141,Tanner Krebs Defensive Rebound.,9,5,4,14,0.11475882134838915,0.5986509702384643,Portland,Saint Mary's,4,4,-15.7,400986989,2018-02-17
13,1,15:27,2127,2127,D'Marques Tyson Steal.,9,5,4,7,0.11551686188981605,0.5992862919891592,Portland,Saint Mary's,4,4,-15.7,400986989,2018-02-17
14,1,15:20,2120,2120,Calvin Hermanson Defensive Rebound.,9,5,4,34,0.11590073687322953,0.599605082780099,Portland,Saint Mary's,4,4,-15.7,400986989,2018-02-17
15,1,14:46,2086,2086,Jordan Ford Steal.,9,7,2,60,0.0981035779226304,0.5511110631973942,Portland,Saint Mary's,4,4,-15.7,400986989,2018-02-17
16,1,13:46,2026,2026,Tanner Krebs Defensive Rebound.,9,9,0,38,0.08306070291146307,0.5,Portland,Saint Mary's,4,4,-15.7,400986989,2018-02-17
17,1,13:08,1988,1988,Tanner Krebs Defensive Rebound.,9,11,-2,12,0.06903272514216356,0.44650095940203455,Portland,Saint Mary's,4,4,-15.7,400986989,2018-02-17
18,1,12:56,1976,1976,Jock Landale made Free Throw.,9,12,-3,0,0.0626109308807515,0.41968855086061685,Portland,Saint Mary's,4,4,-15.7,400986989,2018-02-17
19,1,12:56,1976,1976,Jock Landale made Free Throw.,9,13,-4,35,0.05656292698273636,0.3936322863545522,Portland,Saint Mary's,4,4,-15.7,400986989,2018-02-17
20,1,12:21,1941,1941,Saint Mary's Deadball Team Rebound.,9,13,-4,27,0.05692809924888988,0.39191757563916924,Portland,Saint Mary's,4,4,-15.7,400986989,2018-02-17
21,1,11:54,1914,1914,Tahirou Diabate Steal.,9,13,-4,6,0.057221307303238524,0.3905772542304068,Portland,Saint Mary's,4,4,-15.7,400986989,2018-02-17
22,1,11:48,1908,1908,Franklin Porter made Free Throw.,10,13,-3,0,0.06361850128690169,0.417121266790481,Portland,Saint Mary's,4,4,-15.7,400986989,2018-02-17
23,1,11:48,1908,1908,Franklin Porter made Free Throw.,11,13,-2,72,0.07059504493209838,0.44446307073101027,Portland,Saint Mary's,4,4,-15.7,400986989,2018-02-17
24,1,10:36,1836,1836,Josh McSwiggan Defensive Rebound.,11,15,-4,10,0.05816531199123741,0.3867081999499275,Portland,Saint Mary's,4,4,-15.7,400986989,2018-02-17
25,1,10:26,1826,1826,Calvin Hermanson Defensive Rebound.,11,15,-4,69,0.058295150686412736,0.38620828522386225,Portland,Saint Mary's,4,4,-15.7,400986989,2018-02-17
26,1,9:17,1757,1757,Joseph Smoyer Steal.,11,18,-7,22,0.0421323530525248,0.30222349616308064,Portland,Saint Mary's,4,4,-15.7,400986989,2018-02-17
27,1,8:55,1735,1735,Tanner Krebs made Free Throw.,14,21,-7,27,0.04220643815054066,0.3004217769154902,Portland,Saint Mary's,4,4,-15.7,400986989,2018-02-17
28,1,8:28,1708,1708,Joseph Smoyer Block.,16,21,-5,1,0.05338761155663193,0.35172871882269413,Portland,Saint Mary's,4,4,-15.7,400986989,2018-02-17
29,1,8:27,1707,1707,Marcus Shaver Jr. Defensive Rebound.,16,21,-5,16,0.05339736760530364,0.3516630514394655,Portland,Saint Mary's,4,4,-15.7,400986989,2018-02-17
30,1,8:11,1691,1691,Jock Landale Defensive Rebound.,16,21,-5,4,0.05355296533218409,0.35060375837752905,Portland,Saint Mary's,4,4,-15.7,400986989,2018-02-17
31,1,8:07,1687,1687,Jock Landale missed Free Throw.,16,21,-5,0,0.053592004116349234,0.35033712364989256,Portland,Saint Mary's,4,4,-15.7,400986989,2018-02-17
32,1,8:07,1687,1687,Joseph Smoyer Defensive Rebound.,16,21,-5,35,0.053592004116349234,0.35033712364989256,Portland,Saint Mary's,4,4,-15.7,400986989,2018-02-17
33,1,7:32,1652,1652,Joseph Smoyer Defensive Rebound.,19,21,-2,30,0.07675816524497128,0.4375741124005896,Portland,Saint Mary's,4,4,-15.7,400986989,2018-02-17
34,1,7:02,1622,1622,Rashad Jackson Steal.,19,21,-2,12,0.07763615076252224,0.4367593219887009,Portland,Saint Mary's,4,4,-15.7,400986989,2018-02-17
35,1,6:50,1610,1610,JoJo Walker made Free Throw.,20,21,-1,0,0.08770309440298801,0.4680889977419069,Portland,Saint Mary's,4,4,-15.7,400986989,2018-02-17
36,1,6:50,1610,1610,JoJo Walker made Free Throw.,21,21,0,28,0.09848338968445479,0.5,Portland,Saint Mary's,4,4,-15.7,400986989,2018-02-17
37,1,6:22,1582,1582,Portland Defensive Rebound.,21,21,0,35,0.09983759253144536,0.5,Portland,Saint Mary's,4,4,-15.7,400986989,2018-02-17
38,1,5:47,1547,1547,Jordan Hunter made Free Throw.,23,22,1,0,0.11421125025133354,0.5327741399702546,Portland,Saint Mary's,4,4,-15.7,400986989,2018-02-17
39,1,5:47,1547,1547,Jordan Hunter made Free Throw.,23,23,0,57,0.10158707425647509,0.5,Portland,Saint Mary's,4,4,-15.7,400986989,2018-02-17
40,1,4:50,1490,1490,Jordan Hunter Defensive Rebound.,25,25,0,11,0.10453339961187673,0.5,Portland,Saint Mary's,4,4,-15.7,400986989,2018-02-17
41,1,4:39,1479,1479,Cullen Neal made Free Throw.,25,26,-1,23,0.09304629700867033,0.46622381180794753,Portland,Saint Mary's,4,4,-15.7,400986989,2018-02-17
42,1,4:16,1456,1456,Marcus Shaver Jr. made Free Throw.,26,26,0,0,0.10632308225667653,0.5,Portland,Saint Mary's,4,4,-15.7,400986989,2018-02-17
43,1,4:16,1456,1456,Marcus Shaver Jr. made Free Throw.,27,26,1,18,0.12003873366935368,0.5341463898579936,Portland,Saint Mary's,4,4,-15.7,400986989,2018-02-17
44,1,3:58,1438,1438,Tanner Krebs Offensive Rebound.,27,26,1,6,0.12122875339755568,0.5344450241909082,Portland,Saint Mary's,4,4,-15.7,400986989,2018-02-17
45,1,3:52,1432,1432,Malcolm Porter Defensive Rebound.,27,26,1,18,0.12163034723903339,0.5345425095218204,Portland,Saint Mary's,4,4,-15.7,400986989,2018-02-17
46,1,3:34,1414,1414,Cullen Neal Defensive Rebound.,27,26,1,33,0.12285058809342604,0.5348287982881268,Portland,Saint Mary's,4,4,-15.7,400986989,2018-02-17
47,1,3:01,1381,1381,Cullen Neal Defensive Rebound.,27,28,-1,5,0.09728707636750573,0.4646625336674999,Portland,Saint Mary's,4,4,-15.7,400986989,2018-02-17
48,1,2:56,1376,1376,Jock Landale made Free Throw.,27,29,-2,0,0.08572334893534372,0.42952637518166886,Portland,Saint Mary's,4,4,-15.7,400986989,2018-02-17
49,1,2:56,1376,1376,Jock Landale made Free Throw.,27,30,-3,16,0.07523661691752298,0.39515941015673783,Portland,Saint Mary's,4,4,-15.7,400986989,2018-02-17
50,1,2:40,1360,1360,Jock Landale Defensive Rebound.,27,30,-3,28,0.07568927397194454,0.39445816438426,Portland,Saint Mary's,4,4,-15.7,400986989,2018-02-17
51,1,2:12,1332,1332,Marcus Shaver Jr. Steal.,27,30,-3,2,0.07649522813227368,0.39322003211097584,Portland,Saint Mary's,4,4,-15.7,400986989,2018-02-17
52,1,2:10,1330,1330,Marcus Shaver Jr. made Free Throw.,28,30,-2,0,0.08743183450258285,0.4281389266149609,Portland,Saint Mary's,4,4,-15.7,400986989,2018-02-17
53,1,2:10,1330,1330,Marcus Shaver Jr. made Free Throw.,29,30,-1,54,0.09968951722872822,0.46388197609251486,Portland,Saint Mary's,4,4,-15.7,400986989,2018-02-17
54,1,1:16,1276,1276,Jock Landale Defensive Rebound.,29,32,-3,10,0.07811031277329407,0.39059201154191037,Portland,Saint Mary's,4,4,-15.7,400986989,2018-02-17
55,1,1:06,1266,1266,Jordan Ford made Free Throw.,29,33,-4,0,0.06828257645532816,0.3552756942663555,Portland,Saint Mary's,4,4,-15.7,400986989,2018-02-17
56,1,1:06,1266,1266,Jordan Ford made Free Throw.,29,34,-5,57,0.05939254848743064,0.3219312051497104,Portland,Saint Mary's,4,4,-15.7,400986989,2018-02-17
57,1,0:09,1209,1209,Tanner Krebs Steal.,31,36,-5,4,0.0600584207695377,0.3170602664233907,Portland,Saint Mary's,4,4,-15.7,400986989,2018-02-17
58,1,0:05,1205,1205,Jock Landale Offensive Rebound.,31,36,-5,2,0.06009636020146649,0.3166893253646856,Portland,Saint Mary's,4,4,-15.7,400986989,2018-02-17
59,1,0:03,1203,1203,Austin Stone Defensive Rebound.,31,36,-5,3,0.0601155352782141,0.3165051325909943,Portland,Saint Mary's,4,4,-15.7,400986989,2018-02-17
60,1,0:00,1200,1200,End of 1st half,31,36,-5,0,0.06014454289102833,0.3162303721963287,Portland,Saint Mary's,4,4,-15.7,400986989,2018-02-17
61,2,20:00,1200,1200,PLAY,31,36,-5,62,0.06014454289102833,0.3162303721963287,Portland,Saint Mary's,4,4,-15.7,400986989,2018-02-17
62,2,18:58,1138,1138,Philipp Hartwich Defensive Rebound.,34,38,-4,30,0.07053964073268681,0.3459242587367687,Portland,Saint Mary's,4,4,-15.7,400986989,2018-02-17
63,2,18:28,1108,1108,Portland Deadball Team Rebound.,36,38,-2,21,0.09558853579070627,0.41987562394894257,Portland,Saint Mary's,4,4,-15.7,400986989,2018-02-17
64,2,18:07,1087,1087,Elijah Thomas Defensive Rebound.,36,38,-2,20,0.09635544670204173,0.41904082814422655,Portland,Saint Mary's,4,4,-15.7,400986989,2018-02-17
65,2,17:47,1067,1067,Malcolm Porter Defensive Rebound.,36,38,-2,17,0.09708664529562107,0.4182183194252806,Portland,Saint Mary's,4,4,-15.7,400986989,2018-02-17
66,2,17:30,1050,1050,Jordan Ford Defensive Rebound.,36,38,-2,6,0.09770805679637169,0.4174900781635155,Portland,Saint Mary's,4,4,-15.7,400986989,2018-02-17
67,2,17:24,1044,1044,Marcus Shaver Jr. Defensive Rebound.,36,38,-2,30,0.09792723438679918,0.41722536026881735,Portland,Saint Mary's,4,4,-15.7,400986989,2018-02-17
68,2,16:54,1014,1014,Jock Landale Defensive Rebound.,36,38,-2,13,0.0990208051631978,0.41582901954603163,Portland,Saint Mary's,4,4,-15.7,400986989,2018-02-17
69,2,16:41,1001,1001,Jock Landale Offensive Rebound.,36,38,-2,57,0.09949290610116822,0.41518029092662345,Portland,Saint Mary's,4,4,-15.7,400986989,2018-02-17
70,2,15:44,944,944,Tommy Kuhse Defensive Rebound.,36,40,-4,26,0.07340040117512643,0.3295082493581304,Portland,Saint Mary's,4,4,-15.7,400986989,2018-02-17
71,2,15:18,918,918,Tahirou Diabate Defensive Rebound.,36,40,-4,48,0.07371063817514109,0.3272854476225352,Portland,Saint Mary's,4,4,-15.7,400986989,2018-02-17
72,2,14:30,870,870,Tanner Krebs made Free Throw.,38,43,-5,17,0.06255970900313064,0.28458268527265035,Portland,Saint Mary's,4,4,-15.7,400986989,2018-02-17
73,2,14:13,853,853,Tanner Krebs Steal.,38,43,-5,16,0.06263495793214527,0.28304550337809314,Portland,Saint Mary's,4,4,-15.7,400986989,2018-02-17
74,2,13:57,837,837,Tahirou Diabate Defensive Rebound.,38,43,-5,16,0.06269335675730177,0.2815412676872197,Portland,Saint Mary's,4,4,-15.7,400986989,2018-02-17
75,2,13:41,821,821,Jordan Ford Steal.,38,43,-5,3,0.06273531095881771,0.2799480516745651,Portland,Saint Mary's,4,4,-15.7,400986989,2018-02-17
76,2,13:38,818,818,Elijah Thomas missed Free Throw.,38,43,-5,0,0.06274099678782907,0.27963680684539727,Portland,Saint Mary's,4,4,-15.7,400986989,2018-02-17
77,2,13:38,818,818,Saint Mary's Deadball Team Rebound.,38,43,-5,0,0.06274099678782907,0.27963680684539727,Portland,Saint Mary's,4,4,-15.7,400986989,2018-02-17
78,2,13:38,818,818,Elijah Thomas made Free Throw.,38,44,-6,12,0.05249086882421268,0.24314445968842235,Portland,Saint Mary's,4,4,-15.7,400986989,2018-02-17
79,2,13:26,806,806,Cullen Neal Defensive Rebound.,38,44,-6,14,0.05243960074069134,0.24172920619438062,Portland,Saint Mary's,4,4,-15.7,400986989,2018-02-17
80,2,13:12,792,792,JoJo Walker Steal.,38,44,-6,34,0.052359290348718536,0.23996205637201298,Portland,Saint Mary's,4,4,-15.7,400986989,2018-02-17
81,2,12:38,758,758,Jock Landale made Free Throw.,40,45,-5,0,0.06265801153573308,0.272202320516448,Portland,Saint Mary's,4,4,-15.7,400986989,2018-02-17
82,2,12:38,758,758,Jock Landale made Free Throw.,40,46,-6,46,0.052052211484512154,0.23502109578178487,Portland,Saint Mary's,4,4,-15.7,400986989,2018-02-17
83,2,11:52,712,712,Tanner Krebs Offensive Rebound.,43,46,-3,17,0.09092316788134724,0.35137986361441415,Portland,Saint Mary's,4,4,-15.7,400986989,2018-02-17
84,2,11:35,695,695,Jock Landale made Free Throw.,43,47,-4,0,0.07549866323181238,0.30417090363909677,Portland,Saint Mary's,4,4,-15.7,400986989,2018-02-17
85,2,11:35,695,695,Jock Landale made Free Throw.,43,48,-5,11,0.06226790712332919,0.2622333278141901,Portland,Saint Mary's,4,4,-15.7,400986989,2018-02-17
86,2,11:24,684,684,Malcolm Porter missed Free Throw.,45,48,-3,0,0.09150627257918696,0.34858595582614144,Portland,Saint Mary's,4,4,-15.7,400986989,2018-02-17
87,2,11:24,684,684,Cullen Neal Defensive Rebound.,45,48,-3,31,0.09150627257918696,0.34858595582614144,Portland,Saint Mary's,4,4,-15.7,400986989,2018-02-17
88,2,10:53,653,653,JoJo Walker Defensive Rebound.,45,48,-3,9,0.09221938710766238,0.34575562535333076,Portland,Saint Mary's,4,4,-15.7,400986989,2018-02-17
89,2,10:44,644,644,Jock Landale Defensive Rebound.,45,48,-3,18,0.092429628208613,0.3449243188734309,Portland,Saint Mary's,4,4,-15.7,400986989,2018-02-17
90,2,10:26,626,626,Jock Landale made Free Throw.,45,51,-6,102,0.05075917009891761,0.21444792198156387,Portland,Saint Mary's,4,4,-15.7,400986989,2018-02-17
91,2,8:44,524,524,Cullen Neal made Free Throw.,49,54,-5,0,0.060922662308283304,0.2331633606715319,Portland,Saint Mary's,4,4,-15.7,400986989,2018-02-17
92,2,8:44,524,524,Cullen Neal missed Free Throw.,49,54,-5,0,0.060922662308283304,0.2331633606715319,Portland,Saint Mary's,4,4,-15.7,400986989,2018-02-17
93,2,8:44,524,524,Franklin Porter Defensive Rebound.,49,54,-5,19,0.060922662308283304,0.2331633606715319,Portland,Saint Mary's,4,4,-15.7,400986989,2018-02-17
94,2,8:25,505,505,Tanner Krebs Defensive Rebound.,49,54,-5,23,0.06076539345090501,0.22972229508241687,Portland,Saint Mary's,4,4,-15.7,400986989,2018-02-17
95,2,8:02,482,482,Jock Landale missed Free Throw.,49,54,-5,0,0.060578614339036024,0.2255594991153525,Portland,Saint Mary's,4,4,-15.7,400986989,2018-02-17
96,2,8:02,482,482,Saint Mary's Deadball Team Rebound.,49,54,-5,0,0.060578614339036024,0.2255594991153525,Portland,Saint Mary's,4,4,-15.7,400986989,2018-02-17
97,2,8:02,482,482,Jock Landale made Free Throw.,49,55,-6,16,0.04796941332809826,0.18538690858102566,Portland,Saint Mary's,4,4,-15.7,400986989,2018-02-17
98,2,7:46,466,466,Jock Landale Defensive Rebound.,49,55,-6,22,0.047613526014622286,0.18196848720970102,Portland,Saint Mary's,4,4,-15.7,400986989,2018-02-17
99,2,7:24,444,444,Tanner Krebs made Free Throw.,49,56,-7,0,0.036619653769252816,0.14190556784288813,Portland,Saint Mary's,4,4,-15.7,400986989,2018-02-17
100,2,7:24,444,444,Tanner Krebs made Free Throw.,49,57,-8,41,0.0285552909301468,0.11338404453426151,Portland,Saint Mary's,4,4,-15.7,400986989,2018-02-17
101,2,6:43,403,403,Jordan Ford made Free Throw.,51,58,-7,0,0.03453051849094329,0.12899670956517806,Portland,Saint Mary's,4,4,-15.7,400986989,2018-02-17
102,2,6:43,403,403,Jordan Ford missed Free Throw.,51,58,-7,0,0.03453051849094329,0.12899670956517806,Portland,Saint Mary's,4,4,-15.7,400986989,2018-02-17
103,2,6:43,403,403,Franklin Porter Defensive Rebound.,51,58,-7,15,0.03453051849094329,0.12899670956517806,Portland,Saint Mary's,4,4,-15.7,400986989,2018-02-17
104,2,6:28,388,388,Jock Landale Defensive Rebound.,51,58,-7,8,0.03392625138454937,0.12476025998643267,Portland,Saint Mary's,4,4,-15.7,400986989,2018-02-17
105,2,6:20,380,380,Franklin Porter Defensive Rebound.,51,58,-7,23,0.033607318777371685,0.12250601797204834,Portland,Saint Mary's,4,4,-15.7,400986989,2018-02-17
106,2,5:57,357,357,Cullen Neal Defensive Rebound.,51,58,-7,29,0.03258075549284756,0.11566189627076001,Portland,Saint Mary's,4,4,-15.7,400986989,2018-02-17
107,2,5:28,328,328,Jock Landale missed Free Throw.,51,58,-7,0,0.030754462301800126,0.1054015384002627,Portland,Saint Mary's,4,4,-15.7,400986989,2018-02-17
108,2,5:28,328,328,Saint Mary's Deadball Team Rebound.,51,58,-7,0,0.030754462301800126,0.1054015384002627,Portland,Saint Mary's,4,4,-15.7,400986989,2018-02-17
109,2,5:28,328,328,Jock Landale made Free Throw.,51,59,-8,18,0.0228431288882887,0.07987021673736582,Portland,Saint Mary's,4,4,-15.7,400986989,2018-02-17
110,2,5:10,310,310,Tanner Krebs made Free Throw.,53,60,-7,0,0.02916492900737077,0.09772120965140083,Portland,Saint Mary's,4,4,-15.7,400986989,2018-02-17
111,2,5:10,310,310,Tanner Krebs made Free Throw.,53,61,-8,0,0.021399975345474297,0.07307756426181511,Portland,Saint Mary's,4,4,-15.7,400986989,2018-02-17
112,2,5:10,310,310,Tanner Krebs made Free Throw.,53,62,-9,0,0.015669018343358702,0.05427479795666153,Portland,Saint Mary's,4,4,-15.7,400986989,2018-02-17
113,2,5:10,310,310,Tanner Krebs made Free Throw.,53,63,-10,14,0.0114548583738324,0.0401006608129381,Portland,Saint Mary's,4,4,-15.7,400986989,2018-02-17
114,2,4:56,296,296,JoJo Walker Steal.,53,63,-10,0,0.010991328759838083,0.037673087205671196,Portland,Saint Mary's,4,4,-15.7,400986989,2018-02-17
115,2,4:56,296,296,JoJo Walker missed Free Throw.,53,63,-10,0,0.010991328759838083,0.037673087205671196,Portland,Saint Mary's,4,4,-15.7,400986989,2018-02-17
116,2,4:56,296,296,JoJo Walker Offensive Rebound.,53,63,-10,56,0.010991328759838083,0.037673087205671196,Portland,Saint Mary's,4,4,-15.7,400986989,2018-02-17
117,2,4:00,240,240,JoJo Walker missed Free Throw.,57,65,-8,0,0.024598232989387965,0.07482325094979236,Portland,Saint Mary's,4,4,-15.7,400986989,2018-02-17
118,2,4:00,240,240,Tanner Krebs Defensive Rebound.,57,65,-8,27,0.024598232989387965,0.07482325094979236,Portland,Saint Mary's,4,4,-15.7,400986989,2018-02-17
119,2,3:33,213,213,Cullen Neal made Free Throw.,57,66,-9,0,0.01767278611422783,0.052004311524558575,Portland,Saint Mary's,4,4,-15.7,400986989,2018-02-17
120,2,3:33,213,213,Cullen Neal made Free Throw.,57,67,-10,9,0.012862964422893645,0.03821431460167106,Portland,Saint Mary's,4,4,-15.7,400986989,2018-02-17
121,2,3:24,204,204,Jock Landale Defensive Rebound.,57,67,-10,33,0.011963916605366463,0.0349878747704429,Portland,Saint Mary's,4,4,-15.7,400986989,2018-02-17
122,2,2:51,171,171,JoJo Walker missed Free Throw.,57,69,-12,0,0.003126155297791263,0.00865341551482825,Portland,Saint Mary's,4,4,-15.7,400986989,2018-02-17
123,2,2:51,171,171,Portland Deadball Team Rebound.,57,69,-12,0,0.003126155297791263,0.00865341551482825,Portland,Saint Mary's,4,4,-15.7,400986989,2018-02-17
124,2,2:51,171,171,JoJo Walker made Free Throw.,58,69,-11,76,0.0046338259937239844,0.012792545367662108,Portland,Saint Mary's,4,4,-15.7,400986989,2018-02-17
125,2,1:35,95,95,Marcus Shaver Jr. missed Free Throw.,60,73,-13,0,1.2428615810354762e-4,2.855035234863761e-4,Portland,Saint Mary's,4,4,-15.7,400986989,2018-02-17
126,2,1:35,95,95,Portland Deadball Team Rebound.,60,73,-13,0,1.2428615810354762e-4,2.855035234863761e-4,Portland,Saint Mary's,4,4,-15.7,400986989,2018-02-17
127,2,1:35,95,95,Marcus Shaver Jr. made Free Throw.,61,73,-12,28,2.3281521206709813e-4,5.34735380645164e-4,Portland,Saint Mary's,4,4,-15.7,400986989,2018-02-17
128,2,1:07,67,67,Marcus Shaver Jr. Defensive Rebound.,61,73,-12,7,5.161684351691858e-5,1.0942149341332036e-4,Portland,Saint Mary's,4,4,-15.7,400986989,2018-02-17
129,2,1:00,60,60,Calvin Hermanson Block.,61,73,-12,1,3.39201054523868e-5,7.041909936268146e-5,Portland,Saint Mary's,4,4,-15.7,400986989,2018-02-17
130,2,0:59,59,59,Tanner Krebs Defensive Rebound.,61,73,-12,23,3.1905723244422705e-5,6.603800661939975e-5,Portland,Saint Mary's,4,4,-15.7,400986989,2018-02-17
131,2,0:36,36,36,Tahirou Diabate Defensive Rebound.,61,73,-12,8,7.030083459553665e-6,1.354982794162875e-5,Portland,Saint Mary's,4,4,-15.7,400986989,2018-02-17
132,2,0:28,28,28,Cullen Neal Defensive Rebound.,61,73,-12,28,3.9633459683486495e-6,7.445308791092731e-6,Portland,Saint Mary's,4,4,-15.7,400986989,2018-02-17
133,2,0:00,0,0,End of Game,61,73,-12,0,3.4250422310064957e-105,5.8792826982452694e-105,Portland,Saint Mary's,4,4,-15.7,400986989,2018-02-17
