play_id,half,time_remaining_half,secs_remaining,secs_remaining_absolute,description,home_score,away_score,score_diff,play_length,win_prob,naive_win_prob,home,away,home_time_out_remaining,away_time_out_remaining,home_favored_by,game_id,date
1,1,20:00,2400,2400,PLAY,0,0,0,58,0.922057611240618,0.5,Fresno State,Colorado State,4,4,15.4,400991740,2018-02-17
2,1,19:02,2342,2342,Nico Carvacho Defensive Rebound.,2,2,0,14,0.9209932565758578,0.5,Fresno State,Colorado State,4,4,15.4,400991740,2018-02-17
3,1,18:48,2328,2328,Bryson Williams Defensive Rebound.,2,2,0,14,0.9207229788217961,0.5,Fresno State,Colorado State,4,4,15.4,400991740,2018-02-17
4,1,18:34,2314,2314,Nico Carvacho Defensive Rebound.,2,2,0,38,0.9204472443523303,0.5,Fresno State,Colorado State,4,4,15.4,400991740,2018-02-17
5,1,17:56,2276,2276,Nico Carvacho Defensive Rebound.,2,4,-2,15,0.9046880862621245,0.4532766908152387,Fresno State,Colorado State,4,4,15.4,400991740,2018-02-17
6,1,17:41,2261,2261,Deshon Taylor Defensive Rebound.,2,4,-2,15,0.9041982779932712,0.4529390880246341,Fresno State,Colorado State,4,4,15.4,400991740,2018-02-17
7,1,17:26,2246,2246,Raquan Mitchell Defensive Rebound.,2,4,-2,20,0.9036987183579689,0.4525996434796062,Fresno State,Colorado State,4,4,15.4,400991740,2018-02-17
8,1,17:06,2226,2226,Ray Bowles Jr. Defensive Rebound.,2,4,-2,17,0.9030171700674526,0.45214449232456844,Fresno State,Colorado State,4,4,15.4,400991740,2018-02-17
9,1,16:49,2209,2209,Sam Bittner Offensive Rebound.,2,4,-2,3,0.9024236676279151,0.4517556012186242,Fresno State,Colorado State,4,4,15.4,400991740,2018-02-17
10,1,16:46,2206,2206,Nico Carvacho Defensive Rebound.,2,4,-2,36,0.9023175572565303,0.4516868023924292,Fresno State,Colorado State,4,4,15.4,400991740,2018-02-17
11,1,16:10,2170,2170,Che Bob Defensive Rebound.,2,6,-4,108,0.8819792009533101,0.40265612661406397,Fresno State,Colorado State,4,4,15.4,400991740,2018-02-17
12,1,14:22,2062,2062,Nico Carvacho Defensive Rebound.,4,9,-5,19,0.8641339768973302,0.37315382240483835,Fresno State,Colorado State,4,4,15.4,400991740,2018-02-17
13,1,14:03,2043,2043,Deshon Taylor Steal.,4,9,-5,44,0.8627720173042368,0.3720682419371769,Fresno State,Colorado State,4,4,15.4,400991740,2018-02-17
14,1,13:19,1999,1999,Terrell Carter II made Free Throw.,7,9,-2,0,0.893947281749505,0.44677478511249896,Fresno State,Colorado State,4,4,15.4,400991740,2018-02-17
15,1,13:19,1999,1999,Terrell Carter II made Free Throw.,8,9,-1,29,0.9036596677456207,0.47331157086917647,Fresno State,Colorado State,4,4,15.4,400991740,2018-02-17
16,1,12:50,1970,1970,Jahmel Taylor Defensive Rebound.,8,9,-1,16,0.9025544446176723,0.47294571709295974,Fresno State,Colorado State,4,4,15.4,400991740,2018-02-17
17,1,12:34,1954,1954,Che Bob Defensive Rebound.,8,9,-1,10,0.9019293893038572,0.4727413301522449,Fresno State,Colorado State,4,4,15.4,400991740,2018-02-17
18,1,12:24,1944,1944,Bryson Williams Defensive Rebound.,8,9,-1,7,0.9015331856246178,0.4726126317748718,Fresno State,Colorado State,4,4,15.4,400991740,2018-02-17
19,1,12:17,1937,1937,Jaron Hopkins made Free Throw.,9,9,0,0,0.9106217965931408,0.5,Fresno State,Colorado State,4,4,15.4,400991740,2018-02-17
20,1,12:17,1937,1937,Jaron Hopkins missed Free Throw.,9,9,0,0,0.9106217965931408,0.5,Fresno State,Colorado State,4,4,15.4,400991740,2018-02-17
21,1,12:17,1937,1937,Lorenzo Jenkins Defensive Rebound.,9,9,0,9,0.9106217965931408,0.5,Fresno State,Colorado State,4,4,15.4,400991740,2018-02-17
22,1,12:08,1928,1928,Jaron Hopkins Defensive Rebound.,9,9,0,19,0.9103281490946671,0.5,Fresno State,Colorado State,4,4,15.4,400991740,2018-02-17
23,1,11:49,1909,1909,Bryson Williams Offensive Rebound.,9,9,0,4,0.9096965853098956,0.5,Fresno State,Colorado State,4,4,15.4,400991740,2018-02-17
24,1,11:45,1905,1905,Bryson Williams missed Free Throw.,9,9,0,0,0.9095615236646547,0.5,Fresno State,Colorado State,4,4,15.4,400991740,2018-02-17
25,1,11:45,1905,1905,Fresno State Deadball Team Rebound.,9,9,0,0,0.9095615236646547,0.5,Fresno State,Colorado State,4,4,15.4,400991740,2018-02-17
26,1,11:45,1905,1905,Bryson Williams missed Free Throw.,9,9,0,0,0.9095615236646547,0.5,Fresno State,Colorado State,4,4,15.4,400991740,2018-02-17
27,1,11:45,1905,1905,Lorenzo Jenkins Defensive Rebound.,9,9,0,20,0.9095615236646547,0.5,Fresno State,Colorado State,4,4,15.4,400991740,2018-02-17
28,1,11:25,1885,1885,Anthony Bonner Offensive Rebound.,9,9,0,25,0.9088754295504897,0.5,Fresno State,Colorado State,4,4,15.4,400991740,2018-02-17
29,1,11:00,1860,1860,Raquan Mitchell Defensive Rebound.,9,12,-3,30,0.875148455144289,0.41529848240456124,Fresno State,Colorado State,4,4,15.4,400991740,2018-02-17
30,1,10:30,1830,1830,Terrell Carter II made Free Throw.,12,14,-2,23,0.8854543034431785,0.44245184501589074,Fresno State,Colorado State,4,4,15.4,400991740,2018-02-17
31,1,10:07,1807,1807,Ray Bowles Jr. Defensive Rebound.,14,14,0,19,0.906034797647165,0.5,Fresno State,Colorado State,4,4,15.4,400991740,2018-02-17
32,1,9:48,1788,1788,Nate Grimes Defensive Rebound.,16,14,2,24,0.9236709632208218,0.5586514059427342,Fresno State,Colorado State,4,4,15.4,400991740,2018-02-17
33,1,9:24,1764,1764,Bryson Williams Defensive Rebound.,18,14,4,19,0.9383859352445953,0.61694347591316,Fresno State,Colorado State,4,4,15.4,400991740,2018-02-17
34,1,9:05,1745,1745,Jaron Hopkins Offensive Rebound.,18,14,4,14,0.9381211636837485,0.6179341225252456,Fresno State,Colorado State,4,4,15.4,400991740,2018-02-17
35,1,8:51,1731,1731,Ray Bowles Jr. Steal.,18,14,4,34,0.9379246533285018,0.6186736175520785,Fresno State,Colorado State,4,4,15.4,400991740,2018-02-17
36,1,8:17,1697,1697,Nate Grimes Offensive Rebound.,20,16,4,5,0.937444843818869,0.6205084525844143,Fresno State,Colorado State,4,4,15.4,400991740,2018-02-17
37,1,8:12,1692,1692,Deion James Defensive Rebound.,20,16,4,11,0.9373742097455847,0.6207834207053654,Fresno State,Colorado State,4,4,15.4,400991740,2018-02-17
38,1,8:01,1681,1681,Jahmel Taylor Block.,20,16,4,2,0.937216000133332,0.62138739080972,Fresno State,Colorado State,4,4,15.4,400991740,2018-02-17
39,1,7:59,1679,1679,Ray Bowles Jr. Defensive Rebound.,20,16,4,5,0.93718635845907,0.621496126944067,Fresno State,Colorado State,4,4,15.4,400991740,2018-02-17
40,1,7:54,1674,1674,Raquan Mitchell Defensive Rebound.,20,16,4,12,0.9371110874681787,0.6217665542235177,Fresno State,Colorado State,4,4,15.4,400991740,2018-02-17
41,1,7:42,1662,1662,Jaron Hopkins Defensive Rebound.,20,16,4,9,0.9369239393206452,0.6224080209745264,Fresno State,Colorado State,4,4,15.4,400991740,2018-02-17
42,1,7:33,1653,1653,Che Bob Steal.,20,16,4,6,0.9367779441148388,0.6228829755347673,Fresno State,Colorado State,4,4,15.4,400991740,2018-02-17
43,1,7:27,1647,1647,Nate Grimes Block.,20,16,4,1,0.9366781229645436,0.6231971087250656,Fresno State,Colorado State,4,4,15.4,400991740,2018-02-17
44,1,7:26,1646,1646,Sam Bittner Defensive Rebound.,20,16,4,105,0.936661301251432,0.6232492890422727,Fresno State,Colorado State,4,4,15.4,400991740,2018-02-17
45,1,5:41,1541,1541,Ray Bowles Jr. Defensive Rebound.,24,18,6,14,0.9490456834305229,0.6877756753575803,Fresno State,Colorado State,4,4,15.4,400991740,2018-02-17
46,1,5:27,1527,1527,Robbie Berwick Steal.,24,18,6,28,0.9489069953613711,0.6888057899622507,Fresno State,Colorado State,4,4,15.4,400991740,2018-02-17
47,1,4:59,1499,1499,Che Bob Defensive Rebound.,24,18,6,44,0.9486415179420644,0.6909275337574589,Fresno State,Colorado State,4,4,15.4,400991740,2018-02-17
48,1,4:15,1455,1455,Jaron Hopkins Defensive Rebound.,26,20,6,7,0.9482811359149537,0.694488920524032,Fresno State,Colorado State,4,4,15.4,400991740,2018-02-17
49,1,4:08,1448,1448,Che Bob Steal.,26,20,6,44,0.9482325263331299,0.6950865428613526,Fresno State,Colorado State,4,4,15.4,400991740,2018-02-17
50,1,3:24,1404,1404,Deshon Taylor Defensive Rebound.,29,22,7,46,0.954373349560543,0.727340872211923,Fresno State,Colorado State,4,4,15.4,400991740,2018-02-17
51,1,2:38,1358,1358,Nate Grimes Defensive Rebound.,29,22,7,23,0.9540850776118365,0.7312450453823913,Fresno State,Colorado State,4,4,15.4,400991740,2018-02-17
52,1,2:15,1335,1335,Ray Bowles Jr. Defensive Rebound.,32,22,10,21,0.9696375925560028,0.8090914011253149,Fresno State,Colorado State,4,4,15.4,400991740,2018-02-17
53,1,1:54,1314,1314,Bryson Williams Offensive Rebound.,32,22,10,34,0.9696649589723281,0.8111322795091142,Fresno State,Colorado State,4,4,15.4,400991740,2018-02-17
54,1,1:20,1280,1280,Anthony Bonner made Free Throw.,34,23,11,0,0.9737924119068498,0.8358911500089995,Fresno State,Colorado State,4,4,15.4,400991740,2018-02-17
55,1,1:20,1280,1280,Anthony Bonner made Free Throw.,34,24,10,20,0.9697385544874221,0.8145682517651756,Fresno State,Colorado State,4,4,15.4,400991740,2018-02-17
56,1,1:00,1260,1260,Jaron Hopkins missed Free Throw.,34,24,10,0,0.9698076513208732,0.8167022637629605,Fresno State,Colorado State,4,4,15.4,400991740,2018-02-17
57,1,1:00,1260,1260,Fresno State Deadball Team Rebound.,34,24,10,0,0.9698076513208732,0.8167022637629605,Fresno State,Colorado State,4,4,15.4,400991740,2018-02-17
58,1,1:00,1260,1260,Jaron Hopkins made Free Throw.,35,24,11,57,0.973888614593549,0.8380213549088029,Fresno State,Colorado State,4,4,15.4,400991740,2018-02-17
59,1,0:03,1203,1203,Jaron Hopkins Defensive Rebound.,37,26,11,3,0.9743072376821958,0.8447147587746334,Fresno State,Colorado State,4,4,15.4,400991740,2018-02-17
60,1,0:00,1200,1200,End of 1st half,37,26,11,0,0.9743333908621944,0.8450810140183869,Fresno State,Colorado State,4,4,15.4,400991740,2018-02-17
61,2,20:00,1200,1200,PLAY,37,26,11,28,0.9743333908621944,0.8450810140183869,Fresno State,Colorado State,4,4,15.4,400991740,2018-02-17
62,2,19:32,1172,1172,Jaron Hopkins Steal.,39,26,13,85,0.9812718251796174,0.8844230935702526,Fresno State,Colorado State,4,4,15.4,400991740,2018-02-17
63,2,18:07,1087,1087,Nico Carvacho Offensive Rebound.,41,28,13,4,0.9819922277365408,0.8931786509049047,Fresno State,Colorado State,4,4,15.4,400991740,2018-02-17
64,2,18:03,1083,1083,Deion James Offensive Rebound.,41,28,13,20,0.9820280372331093,0.8935906736683443,Fresno State,Colorado State,4,4,15.4,400991740,2018-02-17
65,2,17:43,1063,1063,Deion James Defensive Rebound.,41,30,11,40,0.9754126473351367,0.8604841665836006,Fresno State,Colorado State,4,4,15.4,400991740,2018-02-17
66,2,17:03,1023,1023,Jaron Hopkins missed Free Throw.,43,32,11,0,0.9758175529353266,0.8652690641706372,Fresno State,Colorado State,4,4,15.4,400991740,2018-02-17
67,2,17:03,1023,1023,Anthony Bonner Defensive Rebound.,43,32,11,11,0.9758175529353266,0.8652690641706372,Fresno State,Colorado State,4,4,15.4,400991740,2018-02-17
68,2,16:52,1012,1012,Jaron Hopkins Defensive Rebound.,43,32,11,14,0.9759461933867787,0.8666635214768219,Fresno State,Colorado State,4,4,15.4,400991740,2018-02-17
69,2,16:38,998,998,Bryson Williams made Free Throw.,44,32,12,0,0.979811971594134,0.8868888434749925,Fresno State,Colorado State,4,4,15.4,400991740,2018-02-17
70,2,16:38,998,998,Bryson Williams made Free Throw.,45,32,13,24,0.9829412032940349,0.9029955719392156,Fresno State,Colorado State,4,4,15.4,400991740,2018-02-17
71,2,16:14,974,974,Nico Carvacho made Free Throw.,45,33,12,0,0.9801518428834927,0.890059452788824,Fresno State,Colorado State,4,4,15.4,400991740,2018-02-17
72,2,16:14,974,974,Nico Carvacho missed Free Throw.,45,33,12,0,0.9801518428834927,0.890059452788824,Fresno State,Colorado State,4,4,15.4,400991740,2018-02-17
73,2,16:14,974,974,Jaron Hopkins Defensive Rebound.,45,33,12,17,0.9801518428834927,0.890059452788824,Fresno State,Colorado State,4,4,15.4,400991740,2018-02-17
74,2,15:57,957,957,Nico Carvacho Offensive Rebound.,47,33,14,12,0.9861433374988354,0.9218073962989225,Fresno State,Colorado State,4,4,15.4,400991740,2018-02-17
75,2,15:45,945,945,Terrell Carter II Defensive Rebound.,47,33,14,14,0.9862906766744358,0.9230833556888456,Fresno State,Colorado State,4,4,15.4,400991740,2018-02-17
76,2,15:31,931,931,Nico Carvacho Steal.,47,33,14,11,0.9864476586387186,0.9244591542441908,Fresno State,Colorado State,4,4,15.4,400991740,2018-02-17
77,2,15:20,920,920,Che Bob made Free Throw.,47,34,13,0,0.9839554049560306,0.9120703934431439,Fresno State,Colorado State,4,4,15.4,400991740,2018-02-17
78,2,15:20,920,920,Che Bob made Free Throw.,47,35,12,84,0.9808529063793792,0.8965294057650834,Fresno State,Colorado State,4,4,15.4,400991740,2018-02-17
79,2,13:56,836,836,Deion James Defensive Rebound.,50,37,13,9,0.9847921786702998,0.9196054431950378,Fresno State,Colorado State,4,4,15.4,400991740,2018-02-17
80,2,13:47,827,827,Terrell Carter II Defensive Rebound.,50,37,13,34,0.9848919537431142,0.9204449799750144,Fresno State,Colorado State,4,4,15.4,400991740,2018-02-17
81,2,13:13,793,793,Nico Carvacho Offensive Rebound.,52,37,15,40,0.9899556901536081,0.9468703064425341,Fresno State,Colorado State,4,4,15.4,400991740,2018-02-17
82,2,12:33,753,753,Deshon Taylor Steal.,54,39,15,13,0.9905057472259735,0.9508187243634386,Fresno State,Colorado State,4,4,15.4,400991740,2018-02-17
83,2,12:20,740,740,Deion James Defensive Rebound.,54,39,15,21,0.9907165413731824,0.9522684149242993,Fresno State,Colorado State,4,4,15.4,400991740,2018-02-17
84,2,11:59,719,719,Terrell Carter II Steal.,54,39,15,22,0.9910750779369903,0.9546922801530172,Fresno State,Colorado State,4,4,15.4,400991740,2018-02-17
85,2,11:37,697,697,Bryson Williams Defensive Rebound.,56,39,17,20,0.9942851389408907,0.9710283483520599,Fresno State,Colorado State,4,4,15.4,400991740,2018-02-17
86,2,11:17,677,677,Nico Carvacho Defensive Rebound.,56,39,17,18,0.9944747354300107,0.9723296354724746,Fresno State,Colorado State,4,4,15.4,400991740,2018-02-17
87,2,10:59,659,659,Terrell Carter II Defensive Rebound.,56,39,17,21,0.9946314623887146,0.9734090036325886,Fresno State,Colorado State,4,4,15.4,400991740,2018-02-17
88,2,10:38,638,638,Che Bob missed Free Throw.,58,39,19,0,0.9966172397950435,0.9833451506810975,Fresno State,Colorado State,4,4,15.4,400991740,2018-02-17
89,2,10:38,638,638,Colorado State Deadball Team Rebound.,58,39,19,0,0.9966172397950435,0.9833451506810975,Fresno State,Colorado State,4,4,15.4,400991740,2018-02-17
90,2,10:38,638,638,Che Bob made Free Throw.,58,40,18,12,0.9958107252727001,0.9794395975943785,Fresno State,Colorado State,4,4,15.4,400991740,2018-02-17
91,2,10:26,626,626,Deion James Defensive Rebound.,58,40,18,15,0.9959057074187379,0.9800614357596811,Fresno State,Colorado State,4,4,15.4,400991740,2018-02-17
92,2,10:11,611,611,Nico Carvacho missed Free Throw.,58,40,18,0,0.9960326854215158,0.9808727297122126,Fresno State,Colorado State,4,4,15.4,400991740,2018-02-17
93,2,10:11,611,611,Nate Grimes Defensive Rebound.,58,40,18,61,0.9960326854215158,0.9808727297122126,Fresno State,Colorado State,4,4,15.4,400991740,2018-02-17
94,2,9:10,550,550,Lorenzo Jenkins Defensive Rebound.,60,43,17,20,0.9958464537010874,0.9809457498842888,Fresno State,Colorado State,4,4,15.4,400991740,2018-02-17
95,2,8:50,530,530,Deion James Defensive Rebound.,60,43,17,46,0.9961122624879596,0.9824601735750472,Fresno State,Colorado State,4,4,15.4,400991740,2018-02-17
96,2,8:04,484,484,Nate Grimes Offensive Rebound.,62,45,17,6,0.9965551248891887,0.9850308607278415,Fresno State,Colorado State,4,4,15.4,400991740,2018-02-17
97,2,7:58,478,478,Deion James Defensive Rebound.,62,45,17,26,0.9966138012888569,0.9853606402720153,Fresno State,Colorado State,4,4,15.4,400991740,2018-02-17
98,2,7:32,452,452,Bryson Williams missed Free Throw.,62,47,15,0,0.9948701540077294,0.9784797046648422,Fresno State,Colorado State,4,4,15.4,400991740,2018-02-17
99,2,7:32,452,452,Fresno State Deadball Team Rebound.,62,47,15,0,0.9948701540077294,0.9784797046648422,Fresno State,Colorado State,4,4,15.4,400991740,2018-02-17
100,2,7:32,452,452,Bryson Williams made Free Throw.,63,47,16,17,0.9960180887379794,0.9832336106181954,Fresno State,Colorado State,4,4,15.4,400991740,2018-02-17
101,2,7:15,435,435,Che Bob missed Free Throw.,63,47,16,0,0.9963103694167459,0.9847252153930179,Fresno State,Colorado State,4,4,15.4,400991740,2018-02-17
102,2,7:15,435,435,Colorado State Deadball Team Rebound.,63,47,16,0,0.9963103694167459,0.9847252153930179,Fresno State,Colorado State,4,4,15.4,400991740,2018-02-17
103,2,7:15,435,435,Che Bob made Free Throw.,63,48,15,20,0.9952182122211941,0.9802716739371748,Fresno State,Colorado State,4,4,15.4,400991740,2018-02-17
104,2,6:55,415,415,Che Bob missed Free Throw.,65,48,17,0,0.9974552940337773,0.9896711671883439,Fresno State,Colorado State,4,4,15.4,400991740,2018-02-17
105,2,6:55,415,415,Bryson Williams Defensive Rebound.,65,48,17,72,0.9974552940337773,0.9896711671883439,Fresno State,Colorado State,4,4,15.4,400991740,2018-02-17
106,2,5:43,343,343,Bryson Williams Defensive Rebound.,72,52,20,6,0.9992935217830112,0.9973867066880325,Fresno State,Colorado State,4,4,15.4,400991740,2018-02-17
107,2,5:37,337,337,Nico Carvacho Defensive Rebound.,72,52,20,35,0.9993305267685265,0.9975458753623425,Fresno State,Colorado State,4,4,15.4,400991740,2018-02-17
108,2,5:02,302,302,Terrell Carter II Defensive Rebound.,75,54,21,21,0.9996679685182079,0.9988480175452008,Fresno State,Colorado State,4,4,15.4,400991740,2018-02-17
109,2,4:41,281,281,Bryson Williams Offensive Rebound.,75,54,21,5,0.9996718137312085,0.9988991846490133,Fresno State,Colorado State,4,4,15.4,400991740,2018-02-17
110,2,4:36,276,276,Bryson Williams missed Free Throw.,75,54,21,0,0.9996626663015438,0.9988775943467554,Fresno State,Colorado State,4,4,15.4,400991740,2018-02-17
111,2,4:36,276,276,Che Bob Defensive Rebound.,75,54,21,13,0.9996626663015438,0.9988775943467554,Fresno State,Colorado State,4,4,15.4,400991740,2018-02-17
112,2,4:23,263,263,Nico Carvacho Offensive Rebound.,75,54,21,41,0.9996283710436625,0.9987894073539443,Fresno State,Colorado State,4,4,15.4,400991740,2018-02-17
113,2,3:42,222,222,Terrell Carter II Steal.,77,56,21,24,0.9995775140733166,0.9987182573849449,Fresno State,Colorado State,4,4,15.4,400991740,2018-02-17
114,2,3:18,198,198,Che Bob missed Free Throw.,79,56,23,0,0.9998619177929604,0.9996001982586554,Fresno State,Colorado State,4,4,15.4,400991740,2018-02-17
115,2,3:18,198,198,Colorado State Deadball Team Rebound.,79,56,23,0,0.9998619177929604,0.9996001982586554,Fresno State,Colorado State,4,4,15.4,400991740,2018-02-17
116,2,3:18,198,198,Che Bob missed Free Throw.,79,56,23,0,0.9998619177929604,0.9996001982586554,Fresno State,Colorado State,4,4,15.4,400991740,2018-02-17
117,2,3:18,198,198,Bryson Williams Defensive Rebound.,79,56,23,17,0.9998619177929604,0.9996001982586554,Fresno State,Colorado State,4,4,15.4,400991740,2018-02-17
118,2,3:01,181,181,Jahmel Taylor made Free Throw.,80,56,24,0,0.9999543254496764,0.9998725178632716,Fresno State,Colorado State,4,4,15.4,400991740,2018-02-17
119,2,3:01,181,181,Jahmel Taylor made Free Throw.,81,56,25,49,0.9999685652632702,0.9999122603377109,Fresno State,Colorado State,4,4,15.4,400991740,2018-02-17
120,2,2:12,132,132,Jahmel Taylor Defensive Rebound.,81,58,23,19,0.9999952434745021,0.9999881578806444,Fresno State,Colorado State,4,4,15.4,400991740,2018-02-17
121,2,1:53,113,113,Myles Fitzgerald-Warren missed Free Throw.,81,58,23,0,0.9999988116569033,0.9999971805353751,Fresno State,Colorado State,4,4,15.4,400991740,2018-02-17
122,2,1:53,113,113,Lorenzo Jenkins Defensive Rebound.,81,58,23,29,0.9999988116569033,0.9999971805353751,Fresno State,Colorado State,4,4,15.4,400991740,2018-02-17
123,2,1:24,84,84,New Williams made Free Throw.,84,61,23,28,0.9999999213963984,0.9999998275757231,Fresno State,Colorado State,4,4,15.4,400991740,2018-02-17
124,2,0:56,56,56,Lorenzo Jenkins Defensive Rebound.,84,64,20,12,0.9999999614501792,0.9999999220067788,Fresno State,Colorado State,4,4,15.4,400991740,2018-02-17
125,2,0:44,44,44,Logan Ryan Offensive Rebound.,84,64,20,2,0.9999999896957734,0.9999999798951028,Fresno State,Colorado State,4,4,15.4,400991740,2018-02-17
126,2,0:42,42,42,Logan Ryan missed Free Throw.,84,64,20,0,0.9999999918104036,0.9999999841189668,Fresno State,Colorado State,4,4,15.4,400991740,2018-02-17
127,2,0:42,42,42,Colorado State Deadball Team Rebound.,84,64,20,0,0.9999999918104036,0.9999999841189668,Fresno State,Colorado State,4,4,15.4,400991740,2018-02-17
128,2,0:42,42,42,Logan Ryan made Free Throw.,84,65,19,26,0.9999999798989586,0.999999961020631,Fresno State,Colorado State,4,4,15.4,400991740,2018-02-17
129,2,0:16,16,16,Gilles Dekoninck Defensive Rebound.,86,65,21,16,0.9999999998854666,0.9999999997954648,Fresno State,Colorado State,4,4,15.4,400991740,2018-02-17
130,2,0:00,0,0,End of Game,86,65,21,0,1,1,Fresno State,Colorado State,4,4,15.4,400991740,2018-02-17
