play_id,half,time_remaining_half,secs_remaining,secs_remaining_absolute,description,home_score,away_score,score_diff,play_length,win_prob,naive_win_prob,home,away,home_time_out_remaining,away_time_out_remaining,home_favored_by,game_id,date
1,1,20:00,2400,2400,PLAY,0,0,0,31,0.6104506425023247,0.5,UL Monroe,Texas State,4,4,2.8,400990502,2018-02-17
2,1,19:29,2369,2369,Nijal Pearson Defensive Rebound.,0,0,0,19,0.6101159591427363,0.5,UL Monroe,Texas State,4,4,2.8,400990502,2018-02-17
3,1,19:10,2350,2350,Alex Peacock Offensive Rebound.,0,0,0,49,0.6099045622387387,0.5,UL Monroe,Texas State,4,4,2.8,400990502,2018-02-17
4,1,18:21,2301,2301,Michael Ertel Defensive Rebound.,2,2,0,8,0.6093363800152461,0.5,UL Monroe,Texas State,4,4,2.8,400990502,2018-02-17
5,1,18:13,2293,2293,Alex Peacock Block.,2,2,0,2,0.6092403609728804,0.5,UL Monroe,Texas State,4,4,2.8,400990502,2018-02-17
6,1,18:11,2291,2291,Immanuel King Defensive Rebound.,2,2,0,16,0.60921620982432,0.5,UL Monroe,Texas State,4,4,2.8,400990502,2018-02-17
7,1,17:55,2275,2275,Travis Munnings Defensive Rebound.,2,2,0,17,0.6090208695052476,0.5,UL Monroe,Texas State,4,4,2.8,400990502,2018-02-17
8,1,17:38,2258,2258,Tre'Larenz Nottingham Defensive Rebound.,2,2,0,31,0.6088091084178925,0.5,UL Monroe,Texas State,4,4,2.8,400990502,2018-02-17
9,1,17:07,2227,2227,UL Monroe Offensive Rebound.,2,2,0,15,0.6084114890017861,0.5,UL Monroe,Texas State,4,4,2.8,400990502,2018-02-17
10,1,16:52,2212,2212,Alex Peacock Defensive Rebound.,2,2,0,16,0.6082136404103997,0.5,UL Monroe,Texas State,4,4,2.8,400990502,2018-02-17
11,1,16:36,2196,2196,Marvin Jean-Pierre Steal.,2,2,0,30,0.6079985872099235,0.5,UL Monroe,Texas State,4,4,2.8,400990502,2018-02-17
12,1,16:06,2166,2166,Travis Munnings made Free Throw.,5,4,1,0,0.6308713880412021,0.5246772372197134,UL Monroe,Texas State,4,4,2.8,400990502,2018-02-17
13,1,16:06,2166,2166,Travis Munnings made Free Throw.,6,4,2,26,0.6535648473584402,0.5492345457745712,UL Monroe,Texas State,4,4,2.8,400990502,2018-02-17
14,1,15:40,2140,2140,Marvin Jean-Pierre Steal.,6,4,2,27,0.6537647523657664,0.5498384236125139,UL Monroe,Texas State,4,4,2.8,400990502,2018-02-17
15,1,15:13,2113,2113,Sam Alabakis Defensive Rebound.,8,4,4,8,0.6982756601929684,0.5999246557409755,UL Monroe,Texas State,4,4,2.8,400990502,2018-02-17
16,1,15:05,2105,2105,Tre'Larenz Nottingham Defensive Rebound.,8,4,4,28,0.6984914976468435,0.6002908674902319,UL Monroe,Texas State,4,4,2.8,400990502,2018-02-17
17,1,14:37,2077,2077,Tre'Larenz Nottingham Defensive Rebound.,8,6,2,31,0.6542312865438479,0.551325871278967,UL Monroe,Texas State,4,4,2.8,400990502,2018-02-17
18,1,14:06,2046,2046,Eric Terry Defensive Rebound.,8,9,-1,66,0.5805679636485725,0.4738928543211952,UL Monroe,Texas State,4,4,2.8,400990502,2018-02-17
19,1,13:00,1980,1980,Nedeljko Prijovic Defensive Rebound.,11,13,-2,98,0.5521811257143657,0.4463008045834694,UL Monroe,Texas State,4,4,2.8,400990502,2018-02-17
20,1,11:22,1882,1882,Immanuel King missed Free Throw.,14,18,-4,0,0.49160067609300856,0.3889924070770922,UL Monroe,Texas State,4,4,2.8,400990502,2018-02-17
21,1,11:22,1882,1882,Texas State Deadball Team Rebound.,14,18,-4,0,0.49160067609300856,0.3889924070770922,UL Monroe,Texas State,4,4,2.8,400990502,2018-02-17
22,1,11:22,1882,1882,Immanuel King made Free Throw.,14,19,-5,25,0.46344338631618154,0.36252145744399744,UL Monroe,Texas State,4,4,2.8,400990502,2018-02-17
23,1,10:57,1857,1857,Alex Peacock Defensive Rebound.,14,19,-5,41,0.461341778607842,0.36101595946851006,UL Monroe,Texas State,4,4,2.8,400990502,2018-02-17
24,1,10:16,1816,1816,Marvin Jean-Pierre Offensive Rebound.,14,22,-8,10,0.37331173538711954,0.28276407206054616,UL Monroe,Texas State,4,4,2.8,400990502,2018-02-17
25,1,10:06,1806,1806,Tyler Blount Defensive Rebound.,14,22,-8,66,0.37212770654312144,0.2819020511170216,UL Monroe,Texas State,4,4,2.8,400990502,2018-02-17
26,1,9:00,1740,1740,Sam McDaniel Steal.,14,22,-8,22,0.3641641262243289,0.2761166365783167,UL Monroe,Texas State,4,4,2.8,400990502,2018-02-17
27,1,8:38,1718,1718,Alex Peacock Offensive Rebound.,16,22,-6,45,0.41928726894902424,0.3251284923876011,UL Monroe,Texas State,4,4,2.8,400990502,2018-02-17
28,1,7:53,1673,1673,UL Monroe Defensive Rebound.,16,24,-8,56,0.3557504251667351,0.27001150005268737,UL Monroe,Texas State,4,4,2.8,400990502,2018-02-17
29,1,6:57,1617,1617,Travis Munnings Defensive Rebound.,18,24,-6,19,0.40876812063499324,0.3176453181969819,UL Monroe,Texas State,4,4,2.8,400990502,2018-02-17
30,1,6:38,1598,1598,Travis Munnings made Free Throw.,19,24,-5,0,0.43816210959408997,0.34471322751741623,UL Monroe,Texas State,4,4,2.8,400990502,2018-02-17
31,1,6:38,1598,1598,Travis Munnings made Free Throw.,20,24,-4,24,0.46999799042288176,0.3742825094888457,UL Monroe,Texas State,4,4,2.8,400990502,2018-02-17
32,1,6:14,1574,1574,Marvin Jean-Pierre Defensive Rebound.,20,24,-4,7,0.4681088601608028,0.3730534235914251,UL Monroe,Texas State,4,4,2.8,400990502,2018-02-17
33,1,6:07,1567,1567,Deris Duncan Defensive Rebound.,20,24,-4,36,0.46755363777686804,0.37269262469034836,UL Monroe,Texas State,4,4,2.8,400990502,2018-02-17
34,1,5:31,1531,1531,Travis Munnings Steal.,20,24,-4,3,0.464652539196824,0.37080286650116684,UL Monroe,Texas State,4,4,2.8,400990502,2018-02-17
35,1,5:28,1528,1528,Travis Munnings missed Free Throw.,20,24,-4,0,0.4644065253058439,0.3706418854156987,UL Monroe,Texas State,4,4,2.8,400990502,2018-02-17
36,1,5:28,1528,1528,UL Monroe Deadball Team Rebound.,20,24,-4,0,0.4644065253058439,0.3706418854156987,UL Monroe,Texas State,4,4,2.8,400990502,2018-02-17
37,1,5:28,1528,1528,Travis Munnings made Free Throw.,21,24,-3,103,0.4974377466183981,0.40200975666795924,UL Monroe,Texas State,4,4,2.8,400990502,2018-02-17
38,1,3:45,1425,1425,UL Monroe Deadball Team Rebound.,25,29,-4,28,0.45542058968191357,0.3646198385576227,UL Monroe,Texas State,4,4,2.8,400990502,2018-02-17
39,1,3:17,1397,1397,Immanuel King Offensive Rebound.,28,29,-1,3,0.5580154018601078,0.46490732034324306,UL Monroe,Texas State,4,4,2.8,400990502,2018-02-17
40,1,3:14,1394,1394,Immanuel King made Two Point Tip Shot.,28,31,-3,18,0.48776287488986214,0.3959517818527793,UL Monroe,Texas State,4,4,2.8,400990502,2018-02-17
41,1,2:56,1376,1376,Tre'Larenz Nottingham Defensive Rebound.,28,31,-3,11,0.4864669923953264,0.39515941015673783,UL Monroe,Texas State,4,4,2.8,400990502,2018-02-17
42,1,2:45,1365,1365,Travis Munnings Steal.,28,31,-3,22,0.4856748114583013,0.39467736687218563,UL Monroe,Texas State,4,4,2.8,400990502,2018-02-17
43,1,2:23,1343,1343,Marvin Jean-Pierre Defensive Rebound.,30,31,-1,46,0.5558004731864067,0.4640831609145469,UL Monroe,Texas State,4,4,2.8,400990502,2018-02-17
44,1,1:37,1297,1297,Travis Munnings Defensive Rebound.,32,31,1,35,0.6248018600323325,0.5366459386529131,UL Monroe,Texas State,4,4,2.8,400990502,2018-02-17
45,1,1:02,1262,1262,Jordon Harris Defensive Rebound.,35,31,4,23,0.7224108660804861,0.6449886454197721,UL Monroe,Texas State,4,4,2.8,400990502,2018-02-17
46,1,0:39,1239,1239,Tre'Larenz Nottingham Defensive Rebound.,35,31,4,39,0.7233012231818214,0.6465706398977864,UL Monroe,Texas State,4,4,2.8,400990502,2018-02-17
47,1,0:00,1200,1200,End of 1st half,37,31,6,0,0.7821284431734872,0.7161370692370593,UL Monroe,Texas State,4,4,2.8,400990502,2018-02-17
48,2,20:00,1200,1200,PLAY,37,31,6,10,0.7821284431734872,0.7161370692370593,UL Monroe,Texas State,4,4,2.8,400990502,2018-02-17
49,2,19:50,1190,1190,Nijal Pearson Defensive Rebound.,37,31,6,76,0.782802780261208,0.7171561613243295,UL Monroe,Texas State,4,4,2.8,400990502,2018-02-17
50,2,18:34,1114,1114,Sam McDaniel Defensive Rebound.,39,33,6,26,0.7876317473208226,0.7245132890983976,UL Monroe,Texas State,4,4,2.8,400990502,2018-02-17
51,2,18:08,1088,1088,Alex Peacock Steal.,39,33,6,10,0.7892948823026342,0.7270366595372907,UL Monroe,Texas State,4,4,2.8,400990502,2018-02-17
52,2,17:58,1078,1078,Tre'Larenz Nottingham Steal.,39,33,6,12,0.7899534024563706,0.7280297283715065,UL Monroe,Texas State,4,4,2.8,400990502,2018-02-17
53,2,17:46,1066,1066,Marvin Jean-Pierre Defensive Rebound.,39,33,6,30,0.7907627460749695,0.7292445556117306,UL Monroe,Texas State,4,4,2.8,400990502,2018-02-17
54,2,17:16,1036,1036,Sam Alabakis Defensive Rebound.,42,33,9,7,0.8636570798723231,0.8191272857358993,UL Monroe,Texas State,4,4,2.8,400990502,2018-02-17
55,2,17:09,1029,1029,Nijal Pearson Defensive Rebound.,42,33,9,46,0.8642696468145995,0.8200088870724033,UL Monroe,Texas State,4,4,2.8,400990502,2018-02-17
56,2,16:23,983,983,Michael Ertel Defensive Rebound.,44,35,9,25,0.8686456477168816,0.8262466636926861,UL Monroe,Texas State,4,4,2.8,400990502,2018-02-17
57,2,15:58,958,958,Sam Alabakis Defensive Rebound.,44,35,9,33,0.8712479063726818,0.8299175905333324,UL Monroe,Texas State,4,4,2.8,400990502,2018-02-17
58,2,15:25,925,925,Sam McDaniel Block.,46,35,11,2,0.9086899667766385,0.8780567890659571,UL Monroe,Texas State,4,4,2.8,400990502,2018-02-17
59,2,15:23,923,923,Immanuel King Offensive Rebound.,46,35,11,23,0.9088453229023036,0.8782783690716671,UL Monroe,Texas State,4,4,2.8,400990502,2018-02-17
60,2,15:00,900,900,Alex Peacock Block.,46,37,9,4,0.8761942638298338,0.8369487600025095,UL Monroe,Texas State,4,4,2.8,400990502,2018-02-17
61,2,14:56,896,896,Alex Peacock Defensive Rebound.,46,37,9,5,0.87649724435601,0.8373813117571723,UL Monroe,Texas State,4,4,2.8,400990502,2018-02-17
62,2,14:51,891,891,Travis Munnings Defensive Rebound.,46,37,9,21,0.876872977229751,0.8379177401604658,UL Monroe,Texas State,4,4,2.8,400990502,2018-02-17
63,2,14:30,870,870,Tre'Larenz Nottingham Steal.,46,37,9,47,0.8784350907634468,0.840146153683583,UL Monroe,Texas State,4,4,2.8,400990502,2018-02-17
64,2,13:43,823,823,Shelby Adams missed Free Throw.,48,41,7,0,0.836872734235419,0.7893784173148463,UL Monroe,Texas State,4,4,2.8,400990502,2018-02-17
65,2,13:43,823,823,Travis Munnings Defensive Rebound.,48,41,7,102,0.836872734235419,0.7893784173148463,UL Monroe,Texas State,4,4,2.8,400990502,2018-02-17
66,2,12:01,721,721,UL Monroe Deadball Team Rebound.,53,44,9,16,0.8936125490096976,0.8612536005359595,UL Monroe,Texas State,4,4,2.8,400990502,2018-02-17
67,2,11:45,705,705,Shelby Adams Defensive Rebound.,53,44,9,23,0.8955842056404022,0.8639707667084364,UL Monroe,Texas State,4,4,2.8,400990502,2018-02-17
68,2,11:22,682,682,Sam Alabakis Defensive Rebound.,53,44,9,49,0.8980607323843814,0.8674096269895931,UL Monroe,Texas State,4,4,2.8,400990502,2018-02-17
69,2,10:33,633,633,Nedeljko Prijovic Block.,56,46,10,2,0.9202108444724875,0.8960031497046744,UL Monroe,Texas State,4,4,2.8,400990502,2018-02-17
70,2,10:31,631,631,Isaiah Gurley Defensive Rebound.,56,46,10,4,0.920405043103789,0.8962730502133172,UL Monroe,Texas State,4,4,2.8,400990502,2018-02-17
71,2,10:27,627,627,Sam McDaniel Defensive Rebound.,56,46,10,29,0.9207985286786498,0.8968193935502355,UL Monroe,Texas State,4,4,2.8,400990502,2018-02-17
72,2,9:58,598,598,Sam McDaniel Defensive Rebound.,59,46,13,111,0.9592985360791084,0.94649081408975,UL Monroe,Texas State,4,4,2.8,400990502,2018-02-17
73,2,8:07,487,487,Nijal Pearson Offensive Rebound.,64,51,13,5,0.9696148291235451,0.960579004805258,UL Monroe,Texas State,4,4,2.8,400990502,2018-02-17
74,2,8:02,482,482,Sam Alabakis Defensive Rebound.,64,51,13,27,0.9700014538762255,0.9611061165537674,UL Monroe,Texas State,4,4,2.8,400990502,2018-02-17
75,2,7:35,455,455,Nijal Pearson made Free Throw.,66,52,14,0,0.978418397865781,0.9720723492442125,UL Monroe,Texas State,4,4,2.8,400990502,2018-02-17
76,2,7:35,455,455,Nijal Pearson made Free Throw.,66,53,13,76,0.9723620428502874,0.9643001081116293,UL Monroe,Texas State,4,4,2.8,400990502,2018-02-17
77,2,6:19,379,379,Nijal Pearson Defensive Rebound.,69,55,14,17,0.9850906650261865,0.9809809548444511,UL Monroe,Texas State,4,4,2.8,400990502,2018-02-17
78,2,6:02,362,362,Immanuel King made Free Throw.,69,58,11,27,0.9682017961077684,0.9597956506307551,UL Monroe,Texas State,4,4,2.8,400990502,2018-02-17
79,2,5:35,335,335,Jordon Harris missed Free Throw.,69,58,11,0,0.9721359875974719,0.9649806614324211,UL Monroe,Texas State,4,4,2.8,400990502,2018-02-17
80,2,5:35,335,335,UL Monroe Deadball Team Rebound.,69,58,11,0,0.9721359875974719,0.9649806614324211,UL Monroe,Texas State,4,4,2.8,400990502,2018-02-17
81,2,5:35,335,335,Jordon Harris made Free Throw.,70,58,12,39,0.9792376506338102,0.9738569499609105,UL Monroe,Texas State,4,4,2.8,400990502,2018-02-17
82,2,4:56,296,296,Sam McDaniel Offensive Rebound.,70,60,10,37,0.9696746568771527,0.9623269127943288,UL Monroe,Texas State,4,4,2.8,400990502,2018-02-17
83,2,4:19,259,259,Jordon Harris Steal.,73,60,13,5,0.9873188290920201,0.9843451871831795,UL Monroe,Texas State,4,4,2.8,400990502,2018-02-17
84,2,4:14,254,254,Immanuel King Defensive Rebound.,73,60,13,28,0.987059100355785,0.9840492794993068,UL Monroe,Texas State,4,4,2.8,400990502,2018-02-17
85,2,3:46,226,226,Immanuel King Offensive Rebound.,73,60,13,118,0.9866957321664347,0.9837454007388966,UL Monroe,Texas State,4,4,2.8,400990502,2018-02-17
86,2,1:48,108,108,Immanuel King Defensive Rebound.,77,66,11,13,0.9984553820003036,0.9981974084284146,UL Monroe,Texas State,4,4,2.8,400990502,2018-02-17
87,2,1:35,95,95,Michael Ertel Defensive Rebound.,77,66,11,32,0.9991366169619735,0.99899868237108,UL Monroe,Texas State,4,4,2.8,400990502,2018-02-17
88,2,1:03,63,63,Immanuel King Block.,77,66,11,2,0.99983694390147,0.9998139610397253,UL Monroe,Texas State,4,4,2.8,400990502,2018-02-17
89,2,1:01,61,61,Tre'Larenz Nottingham Defensive Rebound.,77,66,11,31,0.9998546850003494,0.9998343795226531,UL Monroe,Texas State,4,4,2.8,400990502,2018-02-17
90,2,0:30,30,30,Michael Ertel made Free Throw.,78,68,10,0,0.9999460395831826,0.9999395484798492,UL Monroe,Texas State,4,4,2.8,400990502,2018-02-17
91,2,0:30,30,30,Michael Ertel made Free Throw.,79,68,11,6,0.999979571653899,0.9999771141582957,UL Monroe,Texas State,4,4,2.8,400990502,2018-02-17
92,2,0:24,24,24,Shelby Adams Offensive Rebound.,79,68,11,5,0.9999865296618919,0.9999849614293205,UL Monroe,Texas State,4,4,2.8,400990502,2018-02-17
93,2,0:19,19,19,Nijal Pearson Offensive Rebound.,79,68,11,1,0.9999905677318741,0.999989500352178,UL Monroe,Texas State,4,4,2.8,400990502,2018-02-17
94,2,0:18,18,18,Nijal Pearson made Free Throw.,79,71,8,1,0.9997960972655897,0.9997731619232068,UL Monroe,Texas State,4,4,2.8,400990502,2018-02-17
95,2,0:17,17,17,Jordon Harris missed Free Throw.,79,71,8,0,0.9998066736695553,0.9997850548887146,UL Monroe,Texas State,4,4,2.8,400990502,2018-02-17
96,2,0:17,17,17,Quentin Scott Defensive Rebound.,79,71,8,8,0.9998066736695553,0.9997850548887146,UL Monroe,Texas State,4,4,2.8,400990502,2018-02-17
97,2,0:09,9,9,UL Monroe Defensive Rebound.,79,71,8,9,0.9998753173305542,0.9998620356782112,UL Monroe,Texas State,4,4,2.8,400990502,2018-02-17
98,2,0:00,0,0,End of Game,79,71,8,0,1,1,UL Monroe,Texas State,4,4,2.8,400990502,2018-02-17
