play_id,half,time_remaining_half,secs_remaining,secs_remaining_absolute,description,home_score,away_score,score_diff,play_length,win_prob,naive_win_prob,home,away,home_time_out_remaining,away_time_out_remaining,home_favored_by,game_id,date
1,1,20:00,2400,2400,PLAY,0,0,0,48,0.8762359511295318,0.5,Eastern Washington,Montana State,4,4,12.2,400991346,2018-02-17
2,1,19:12,2352,2352,Devonte Klines Defensive Rebound.,0,3,-3,10,0.8424600377930511,0.4326567000509638,Eastern Washington,Montana State,4,4,12.2,400991346,2018-02-17
3,1,19:02,2342,2342,Ty Gibson Defensive Rebound.,0,3,-3,49,0.8420109870881057,0.43233492801507767,Eastern Washington,Montana State,4,4,12.2,400991346,2018-02-17
4,1,18:13,2293,2293,Harald Frey Defensive Rebound.,2,5,-3,7,0.8397320933670872,0.4307334723967789,Eastern Washington,Montana State,4,4,12.2,400991346,2018-02-17
5,1,18:06,2286,2286,Mason Peatling Defensive Rebound.,2,5,-3,12,0.8393957399583523,0.4305016737873946,Eastern Washington,Montana State,4,4,12.2,400991346,2018-02-17
6,1,17:54,2274,2274,Harald Frey Defensive Rebound.,2,5,-3,6,0.838812764224957,0.43010275203991133,Eastern Washington,Montana State,4,4,12.2,400991346,2018-02-17
7,1,17:48,2268,2268,Bogdan Bliznyuk Defensive Rebound.,2,5,-3,26,0.8385182430789049,0.42990259105529255,Eastern Washington,Montana State,4,4,12.2,400991346,2018-02-17
8,1,17:22,2242,2242,Sam Neumann Offensive Rebound.,5,5,0,29,0.8725264497500013,0.5,Eastern Washington,Montana State,4,4,12.2,400991346,2018-02-17
9,1,16:53,2213,2213,Mason Peatling Offensive Rebound.,5,7,-2,6,0.8485593628664665,0.45184725637842443,Eastern Washington,Montana State,4,4,12.2,400991346,2018-02-17
10,1,16:47,2207,2207,Tyler Hall Defensive Rebound.,5,7,-2,12,0.8482997185615072,0.451709740701574,Eastern Washington,Montana State,4,4,12.2,400991346,2018-02-17
11,1,16:35,2195,2195,Ty Gibson Steal.,5,7,-2,68,0.8477749114453322,0.45143414292498024,Eastern Washington,Montana State,4,4,12.2,400991346,2018-02-17
12,1,15:27,2127,2127,Bogdan Bliznyuk Defensive Rebound.,10,10,0,9,0.869274393967215,0.5,Eastern Washington,Montana State,4,4,12.2,400991346,2018-02-17
13,1,15:18,2118,2118,Tyler Hall Defensive Rebound.,10,10,0,83,0.8689986592309864,0.5,Eastern Washington,Montana State,4,4,12.2,400991346,2018-02-17
14,1,13:55,2035,2035,Harald Frey Defensive Rebound.,13,12,1,18,0.8780205344570279,0.5262419720226337,Eastern Washington,Montana State,4,4,12.2,400991346,2018-02-17
15,1,13:37,2017,2017,Mason Peatling Defensive Rebound.,13,12,1,46,0.8775469535525422,0.5264641767739102,Eastern Washington,Montana State,4,4,12.2,400991346,2018-02-17
16,1,12:51,1971,1971,Mason Peatling Defensive Rebound.,15,12,3,74,0.8979215937232807,0.5804974444086886,Eastern Washington,Montana State,4,4,12.2,400991346,2018-02-17
17,1,11:37,1897,1897,Konner Frey Offensive Rebound.,19,12,7,5,0.9315518306701726,0.6867021309564223,Eastern Washington,Montana State,4,4,12.2,400991346,2018-02-17
18,1,11:32,1892,1892,Benas Griciunas Block.,19,12,7,2,0.9315629492614846,0.687093880902234,Eastern Washington,Montana State,4,4,12.2,400991346,2018-02-17
19,1,11:30,1890,1890,Montana State Offensive Rebound.,19,12,7,86,0.9315672587951134,0.6872505172497027,Eastern Washington,Montana State,4,4,12.2,400991346,2018-02-17
20,1,10:04,1804,1804,Konner Frey made Free Throw.,22,20,2,21,0.8837238263985225,0.558228340477635,Eastern Washington,Montana State,4,4,12.2,400991346,2018-02-17
21,1,9:43,1783,1783,Joe Mvuezolo Jr. Defensive Rebound.,22,20,2,31,0.8831839923815566,0.5587844412889225,Eastern Washington,Montana State,4,4,12.2,400991346,2018-02-17
22,1,9:12,1752,1752,Harald Frey Defensive Rebound.,22,23,-1,10,0.8396530141797593,0.47008351510995294,Eastern Washington,Montana State,4,4,12.2,400991346,2018-02-17
23,1,9:02,1742,1742,Benas Griciunas Block.,22,23,-1,0,0.839083476266804,0.4699452126315672,Eastern Washington,Montana State,4,4,12.2,400991346,2018-02-17
24,1,9:02,1742,1742,Benas Griciunas Defensive Rebound.,22,23,-1,52,0.839083476266804,0.4699452126315672,Eastern Washington,Montana State,4,4,12.2,400991346,2018-02-17
25,1,8:10,1690,1690,Zach Green Offensive Rebound.,25,23,2,60,0.8807024851576339,0.5613571600748621,Eastern Washington,Montana State,4,4,12.2,400991346,2018-02-17
26,1,7:10,1630,1630,Bogdan Bliznyuk Defensive Rebound.,27,23,4,66,0.903411854597827,0.6240784518393223,Eastern Washington,Montana State,4,4,12.2,400991346,2018-02-17
27,1,6:04,1564,1564,Sam Neumann Defensive Rebound.,30,26,4,32,0.9022482655544704,0.6274624979661697,Eastern Washington,Montana State,4,4,12.2,400991346,2018-02-17
28,1,5:32,1532,1532,Cody Benzel Steal.,30,26,4,39,0.9016627503170671,0.6291436165699875,Eastern Washington,Montana State,4,4,12.2,400991346,2018-02-17
29,1,4:53,1493,1493,Mason Peatling Offensive Rebound.,32,28,4,35,0.9009738908711309,0.631292667968614,Eastern Washington,Montana State,4,4,12.2,400991346,2018-02-17
30,1,4:18,1458,1458,Tyler Hall Steal.,34,30,4,6,0.9004112281267389,0.6333611930867067,Eastern Washington,Montana State,4,4,12.2,400991346,2018-02-17
31,1,4:12,1452,1452,Mason Peatling Defensive Rebound.,34,30,4,11,0.9003224054193161,0.6337323654686606,Eastern Washington,Montana State,4,4,12.2,400991346,2018-02-17
32,1,4:01,1441,1441,Keljin Blevins Steal.,34,30,4,40,0.9001596033177176,0.6344148763743745,Eastern Washington,Montana State,4,4,12.2,400991346,2018-02-17
33,1,3:21,1401,1401,Cody Benzel Block.,34,32,2,1,0.871112167851508,0.5697198201547135,Eastern Washington,Montana State,4,4,12.2,400991346,2018-02-17
34,1,3:20,1400,1400,Cody Benzel Defensive Rebound.,34,32,2,46,0.8710756970508885,0.5697502391090505,Eastern Washington,Montana State,4,4,12.2,400991346,2018-02-17
35,1,2:34,1354,1354,Konner Frey Defensive Rebound.,36,35,1,26,0.8522006521135109,0.5357483729996009,Eastern Washington,Montana State,4,4,12.2,400991346,2018-02-17
36,1,2:08,1328,1328,Mason Peatling Defensive Rebound.,36,35,1,15,0.8508827008343064,0.5361492398317138,Eastern Washington,Montana State,4,4,12.2,400991346,2018-02-17
37,1,1:53,1313,1313,Konner Frey Steal.,36,35,1,39,0.8501152439088255,0.5363862303455025,Eastern Washington,Montana State,4,4,12.2,400991346,2018-02-17
38,1,1:14,1274,1274,Konner Frey Steal.,36,37,-1,23,0.8058134066225079,0.46296427269109286,Eastern Washington,Montana State,4,4,12.2,400991346,2018-02-17
39,1,0:51,1251,1251,Mason Peatling Offensive Rebound.,36,40,-4,51,0.7231898474001887,0.35426851191667724,Eastern Washington,Montana State,4,4,12.2,400991346,2018-02-17
40,1,0:00,1200,1200,Eastern Washington Defensive Rebound.,38,40,-2,0,0.7735469616629094,0.4234906714856242,Eastern Washington,Montana State,4,4,12.2,400991346,2018-02-17
41,1,0:00,1200,1200,End of 1st half,38,40,-2,0,0.7735469616629094,0.4234906714856242,Eastern Washington,Montana State,4,4,12.2,400991346,2018-02-17
42,2,20:00,1200,1200,PLAY,38,40,-2,25,0.7735469616629094,0.4234906714856242,Eastern Washington,Montana State,4,4,12.2,400991346,2018-02-17
43,2,19:35,1175,1175,Tyler Hall Defensive Rebound.,38,40,-2,19,0.7708017657261421,0.42248239486955,Eastern Washington,Montana State,4,4,12.2,400991346,2018-02-17
44,2,19:16,1156,1156,Eastern Washington Defensive Rebound.,38,40,-2,64,0.7687279283228307,0.4217379675010065,Eastern Washington,Montana State,4,4,12.2,400991346,2018-02-17
45,2,18:12,1092,1092,Jack Perry made Free Throw.,42,43,-1,0,0.7899857698472832,0.45935407383572313,Eastern Washington,Montana State,4,4,12.2,400991346,2018-02-17
46,2,18:12,1092,1092,Jack Perry made Free Throw.,43,43,0,9,0.8157452663298717,0.5,Eastern Washington,Montana State,4,4,12.2,400991346,2018-02-17
47,2,18:03,1083,1083,Tyler Hall made Free Throw.,43,44,-1,0,0.7891816092494401,0.45916892484849375,Eastern Washington,Montana State,4,4,12.2,400991346,2018-02-17
48,2,18:03,1083,1083,Tyler Hall made Free Throw.,43,45,-2,43,0.7606616856246088,0.41887882304075963,Eastern Washington,Montana State,4,4,12.2,400991346,2018-02-17
49,2,17:20,1040,1040,Mason Peatling Defensive Rebound.,45,45,0,93,0.8121328156701989,0.5,Eastern Washington,Montana State,4,4,12.2,400991346,2018-02-17
50,2,15:47,947,947,Sir Washington Defensive Rebound.,47,45,2,100,0.8549845171330053,0.5877291726702268,Eastern Washington,Montana State,4,4,12.2,400991346,2018-02-17
51,2,14:07,847,847,Zach Green Defensive Rebound.,49,49,0,9,0.7986540407368584,0.5,Eastern Washington,Montana State,4,4,12.2,400991346,2018-02-17
52,2,13:58,838,838,Konner Frey made Free Throw.,49,50,-1,0,0.7661940343328643,0.4533186842708011,Eastern Washington,Montana State,4,4,12.2,400991346,2018-02-17
53,2,13:58,838,838,Konner Frey made Free Throw.,49,51,-2,60,0.7309943264931669,0.40744413919496875,Eastern Washington,Montana State,4,4,12.2,400991346,2018-02-17
54,2,12:58,778,778,Bogdan Bliznyuk made Free Throw.,53,54,-1,0,0.7602376030250758,0.4516760798651807,Eastern Washington,Montana State,4,4,12.2,400991346,2018-02-17
55,2,12:58,778,778,Bogdan Bliznyuk made Free Throw.,54,54,0,18,0.7937833944789695,0.5,Eastern Washington,Montana State,4,4,12.2,400991346,2018-02-17
56,2,12:40,760,760,Jack Perry Defensive Rebound.,54,54,0,66,0.7923319616585782,0.5,Eastern Washington,Montana State,4,4,12.2,400991346,2018-02-17
57,2,11:34,694,694,Joe Mvuezolo Jr. Defensive Rebound.,59,59,0,21,0.7863561640705565,0.5,Eastern Washington,Montana State,4,4,12.2,400991346,2018-02-17
58,2,11:13,673,673,Cody Benzel Defensive Rebound.,59,59,0,28,0.7844867396188318,0.5,Eastern Washington,Montana State,4,4,12.2,400991346,2018-02-17
59,2,10:45,645,645,Benas Griciunas Block.,61,59,2,1,0.8461248453982673,0.6052387211033674,Eastern Washington,Montana State,4,4,12.2,400991346,2018-02-17
60,2,10:44,644,644,Konner Frey Offensive Rebound.,61,59,2,16,0.8460907979947445,0.6053045257692152,Eastern Washington,Montana State,4,4,12.2,400991346,2018-02-17
61,2,10:28,628,628,Bogdan Bliznyuk Offensive Rebound.,61,62,-1,0,0.7411280183098689,0.4461870074984827,Eastern Washington,Montana State,4,4,12.2,400991346,2018-02-17
62,2,10:28,628,628,Bogdan Bliznyuk Offensive Rebound.,61,62,-1,36,0.7411280183098689,0.4461870074984827,Eastern Washington,Montana State,4,4,12.2,400991346,2018-02-17
63,2,9:52,592,592,Mason Peatling Defensive Rebound.,61,62,-1,50,0.7359178687201064,0.44469883385549597,Eastern Washington,Montana State,4,4,12.2,400991346,2018-02-17
64,2,9:02,542,542,Bogdan Bliznyuk Defensive Rebound.,63,62,1,10,0.8095195041221559,0.5582235918514536,Eastern Washington,Montana State,4,4,12.2,400991346,2018-02-17
65,2,8:52,532,532,Tyler Hall Defensive Rebound.,63,62,1,19,0.8088019407889404,0.5588135863244916,Eastern Washington,Montana State,4,4,12.2,400991346,2018-02-17
66,2,8:33,513,513,Sir Washington Defensive Rebound.,63,62,1,33,0.8074127884366027,0.5598067445454561,Eastern Washington,Montana State,4,4,12.2,400991346,2018-02-17
67,2,8:00,480,480,Mason Peatling Defensive Rebound.,65,62,3,24,0.8712082443706772,0.677315819042347,Eastern Washington,Montana State,4,4,12.2,400991346,2018-02-17
68,2,7:36,456,456,Devonte Klines Defensive Rebound.,65,62,3,8,0.8712547994909887,0.681307962528246,Eastern Washington,Montana State,4,4,12.2,400991346,2018-02-17
69,2,7:28,448,448,Eastern Washington Defensive Rebound.,65,62,3,51,0.8713645753729967,0.6829173872679349,Eastern Washington,Montana State,4,4,12.2,400991346,2018-02-17
70,2,6:37,397,397,Bogdan Bliznyuk made Free Throw.,68,62,6,0,0.9398090423520731,0.8389078304278192,Eastern Washington,Montana State,4,4,12.2,400991346,2018-02-17
71,2,6:37,397,397,Bogdan Bliznyuk made Free Throw.,69,62,7,18,0.9536101947249925,0.872711054165352,Eastern Washington,Montana State,4,4,12.2,400991346,2018-02-17
72,2,6:19,379,379,Tyler Hall made Free Throw.,69,63,6,0,0.9409709066065822,0.8442116956328132,Eastern Washington,Montana State,4,4,12.2,400991346,2018-02-17
73,2,6:19,379,379,Tyler Hall made Free Throw.,69,64,5,15,0.9232417978133994,0.8034904634498314,Eastern Washington,Montana State,4,4,12.2,400991346,2018-02-17
74,2,6:04,364,364,Tyler Hall Defensive Rebound.,69,64,5,13,0.9241600925399012,0.8081376884434693,Eastern Washington,Montana State,4,4,12.2,400991346,2018-02-17
75,2,5:51,351,351,Bogdan Bliznyuk Defensive Rebound.,69,64,5,15,0.9251113234367797,0.8125440733165918,Eastern Washington,Montana State,4,4,12.2,400991346,2018-02-17
76,2,5:36,336,336,Tyler Hall made Free Throw.,71,65,6,0,0.9445292968095558,0.8588209026954853,Eastern Washington,Montana State,4,4,12.2,400991346,2018-02-17
77,2,5:36,336,336,Tyler Hall made Free Throw.,71,66,5,50,0.9264850988098108,0.8182609268150832,Eastern Washington,Montana State,4,4,12.2,400991346,2018-02-17
78,2,4:46,286,286,Sam Neumann Defensive Rebound.,74,68,6,0,0.9485625214256527,0.8753211695045554,Eastern Washington,Montana State,4,4,12.2,400991346,2018-02-17
79,2,4:46,286,286,Sam Neumann made Free Throw.,74,69,5,0,0.9302004373020857,0.8353517475817138,Eastern Washington,Montana State,4,4,12.2,400991346,2018-02-17
80,2,4:46,286,286,Sam Neumann missed Free Throw.,74,69,5,0,0.9302004373020857,0.8353517475817138,Eastern Washington,Montana State,4,4,12.2,400991346,2018-02-17
81,2,4:46,286,286,Benas Griciunas Defensive Rebound.,74,69,5,24,0.9302004373020857,0.8353517475817138,Eastern Washington,Montana State,4,4,12.2,400991346,2018-02-17
82,2,4:22,262,262,Zach Green Defensive Rebound.,74,69,5,8,0.9263759302418639,0.8316506196116121,Eastern Washington,Montana State,4,4,12.2,400991346,2018-02-17
83,2,4:14,254,254,Sir Washington Defensive Rebound.,74,69,5,9,0.9248318642906042,0.829975093867395,Eastern Washington,Montana State,4,4,12.2,400991346,2018-02-17
84,2,4:05,245,245,Harald Frey Defensive Rebound.,74,69,5,38,0.92325388934478,0.828499378371002,Eastern Washington,Montana State,4,4,12.2,400991346,2018-02-17
85,2,3:27,207,207,Sir Washington Offensive Rebound.,74,72,2,4,0.8195660857510995,0.6584576729617606,Eastern Washington,Montana State,4,4,12.2,400991346,2018-02-17
86,2,3:23,203,203,Zach Green Defensive Rebound.,74,72,2,9,0.8200318864157058,0.6606006577903217,Eastern Washington,Montana State,4,4,12.2,400991346,2018-02-17
87,2,3:14,194,194,Ty Gibson Defensive Rebound.,74,72,2,30,0.8219633921499777,0.6668518985385763,Eastern Washington,Montana State,4,4,12.2,400991346,2018-02-17
88,2,2:44,164,164,Sam Neumann Defensive Rebound.,74,72,2,45,0.8326130159839858,0.6945293753945777,Eastern Washington,Montana State,4,4,12.2,400991346,2018-02-17
89,2,1:59,119,119,Bogdan Bliznyuk Offensive Rebound.,74,74,0,1,0.6674603529275693,0.5,Eastern Washington,Montana State,4,4,12.2,400991346,2018-02-17
90,2,1:58,118,118,Bogdan Bliznyuk made Free Throw.,77,74,3,29,0.9095819313029178,0.8339451764641664,Eastern Washington,Montana State,4,4,12.2,400991346,2018-02-17
91,2,1:29,89,89,Bogdan Bliznyuk Offensive Rebound.,77,74,3,2,0.930643971277229,0.8768910541522095,Eastern Washington,Montana State,4,4,12.2,400991346,2018-02-17
92,2,1:27,87,87,Joe Mvuezolo Jr. Block.,77,74,3,1,0.9320899825382472,0.879777225026105,Eastern Washington,Montana State,4,4,12.2,400991346,2018-02-17
93,2,1:26,86,86,Harald Frey Defensive Rebound.,77,74,3,7,0.9328075731584748,0.8812074586815811,Eastern Washington,Montana State,4,4,12.2,400991346,2018-02-17
94,2,1:19,79,79,Mason Peatling Defensive Rebound.,77,74,3,34,0.9377538404093864,0.8910194350686628,Eastern Washington,Montana State,4,4,12.2,400991346,2018-02-17
95,2,0:45,45,45,Mason Peatling made Free Throw.,78,74,4,0,0.982927047803405,0.9712820335344479,Eastern Washington,Montana State,4,4,12.2,400991346,2018-02-17
96,2,0:45,45,45,Mason Peatling missed Free Throw.,78,74,4,0,0.982927047803405,0.9712820335344479,Eastern Washington,Montana State,4,4,12.2,400991346,2018-02-17
97,2,0:45,45,45,Konner Frey Defensive Rebound.,78,74,4,9,0.982927047803405,0.9712820335344479,Eastern Washington,Montana State,4,4,12.2,400991346,2018-02-17
98,2,0:36,36,36,Tyler Hall made Free Throw.,78,75,3,0,0.9648443014318793,0.942798949310338,Eastern Washington,Montana State,4,4,12.2,400991346,2018-02-17
99,2,0:36,36,36,Tyler Hall missed Free Throw.,78,75,3,0,0.9648443014318793,0.942798949310338,Eastern Washington,Montana State,4,4,12.2,400991346,2018-02-17
100,2,0:36,36,36,Mason Peatling Defensive Rebound.,78,75,3,10,0.9648443014318793,0.942798949310338,Eastern Washington,Montana State,4,4,12.2,400991346,2018-02-17
101,2,0:26,26,26,Bogdan Bliznyuk made Free Throw.,79,75,4,0,0.9887021958939681,0.981780575772125,Eastern Washington,Montana State,4,4,12.2,400991346,2018-02-17
102,2,0:26,26,26,Bogdan Bliznyuk made Free Throw.,80,75,5,6,0.9958001788663886,0.9931972303454936,Eastern Washington,Montana State,4,4,12.2,400991346,2018-02-17
103,2,0:20,20,20,Harald Frey missed Free Throw.,80,75,5,0,0.9964860106158087,0.9943912765148744,Eastern Washington,Montana State,4,4,12.2,400991346,2018-02-17
104,2,0:20,20,20,Montana State Deadball Team Rebound.,80,75,5,0,0.9964860106158087,0.9943912765148744,Eastern Washington,Montana State,4,4,12.2,400991346,2018-02-17
105,2,0:20,20,20,Harald Frey made Free Throw.,80,76,4,1,0.9901649753122777,0.9843613261750888,Eastern Washington,Montana State,4,4,12.2,400991346,2018-02-17
106,2,0:19,19,19,Cody Benzel made Free Throw.,81,76,5,0,0.9965915853232779,0.9945732917863148,Eastern Washington,Montana State,4,4,12.2,400991346,2018-02-17
107,2,0:19,19,19,Cody Benzel made Free Throw.,82,76,6,5,0.9987952647405809,0.998079365653707,Eastern Washington,Montana State,4,4,12.2,400991346,2018-02-17
108,2,0:14,14,14,Harald Frey Offensive Rebound.,82,76,6,4,0.9990039628873115,0.9984322413329534,Eastern Washington,Montana State,4,4,12.2,400991346,2018-02-17
109,2,0:10,10,10,Harald Frey made Free Throw.,82,77,5,0,0.997436026627815,0.9960097291441499,Eastern Washington,Montana State,4,4,12.2,400991346,2018-02-17
110,2,0:10,10,10,Harald Frey made Free Throw.,82,78,4,0,0.9923064546653569,0.9880608141620681,Eastern Washington,Montana State,4,4,12.2,400991346,2018-02-17
111,2,0:10,10,10,Harald Frey made Free Throw.,82,79,3,2,0.9771495900505502,0.9648361167568685,Eastern Washington,Montana State,4,4,12.2,400991346,2018-02-17
112,2,0:08,8,8,Bogdan Bliznyuk made Free Throw.,83,79,4,0,0.9926892063900236,0.9887112925767356,Eastern Washington,Montana State,4,4,12.2,400991346,2018-02-17
113,2,0:08,8,8,Bogdan Bliznyuk made Free Throw.,84,79,5,6,0.9975984001460694,0.9962816477111814,Eastern Washington,Montana State,4,4,12.2,400991346,2018-02-17
114,2,0:02,2,2,Cody Benzel Defensive Rebound.,84,79,5,2,0.9980337041483556,0.9970028640030048,Eastern Washington,Montana State,4,4,12.2,400991346,2018-02-17
115,2,0:00,0,0,End of Game,84,79,5,0,1,1,Eastern Washington,Montana State,4,4,12.2,400991346,2018-02-17
