play_id,half,time_remaining_half,secs_remaining,secs_remaining_absolute,description,home_score,away_score,score_diff,play_length,win_prob,naive_win_prob,home,away,home_time_out_remaining,away_time_out_remaining,home_favored_by,game_id,date
1,1,20:00,2400,2400,PLAY,0,0,0,29,0.8040485935511206,0.5,USC,Oregon State,4,4,8.8,400988372,2018-02-17
2,1,19:31,2371,2371,Chimezie Metu Defensive Rebound.,0,0,0,8,0.8033967113982607,0.5,USC,Oregon State,4,4,8.8,400988372,2018-02-17
3,1,19:23,2363,2363,Tres Tinkle Defensive Rebound.,0,0,0,24,0.803212577172626,0.5,USC,Oregon State,4,4,8.8,400988372,2018-02-17
4,1,18:59,2339,2339,USC Defensive Rebound.,0,0,0,23,0.8026486542960652,0.5,USC,Oregon State,4,4,8.8,400988372,2018-02-17
5,1,18:36,2316,2316,Oregon State Defensive Rebound.,0,0,0,21,0.8020915623436672,0.5,USC,Oregon State,4,4,8.8,400988372,2018-02-17
6,1,18:15,2295,2295,Nick Rakocevic Steal.,0,0,0,5,0.8015681869483905,0.5,USC,Oregon State,4,4,8.8,400988372,2018-02-17
7,1,18:10,2290,2290,Drew Eubanks Defensive Rebound.,0,0,0,9,0.8014414526720506,0.5,USC,Oregon State,4,4,8.8,400988372,2018-02-17
8,1,18:01,2281,2281,Chimezie Metu Block.,0,0,0,2,0.8012112408144149,0.5,USC,Oregon State,4,4,8.8,400988372,2018-02-17
9,1,17:59,2279,2279,Nick Rakocevic Defensive Rebound.,0,0,0,30,0.8011597149206809,0.5,USC,Oregon State,4,4,8.8,400988372,2018-02-17
10,1,17:29,2249,2249,Ethan Thompson missed Free Throw.,2,0,2,0,0.8289933012359936,0.5473323287850554,USC,Oregon State,4,4,8.8,400988372,2018-02-17
11,1,17:29,2249,2249,Oregon State Deadball Team Rebound.,2,0,2,0,0.8289933012359936,0.5473323287850554,USC,Oregon State,4,4,8.8,400988372,2018-02-17
12,1,17:29,2249,2249,Ethan Thompson made Free Throw.,2,1,1,66,0.8151097530345646,0.5237194237762728,USC,Oregon State,4,4,8.8,400988372,2018-02-17
13,1,16:23,2183,2183,Drew Eubanks Defensive Rebound.,4,3,1,6,0.8138274274258209,0.5244796046696726,USC,Oregon State,4,4,8.8,400988372,2018-02-17
14,1,16:17,2177,2177,Chimezie Metu Defensive Rebound.,4,3,1,7,0.8137038771762904,0.5245492878304605,USC,Oregon State,4,4,8.8,400988372,2018-02-17
15,1,16:10,2170,2170,Chimezie Metu made Free Throw.,5,3,2,0,0.8280544151186487,0.5491420970299754,USC,Oregon State,4,4,8.8,400988372,2018-02-17
16,1,16:10,2170,2170,Chimezie Metu made Free Throw.,6,3,3,32,0.8416429152648761,0.5734173134835795,USC,Oregon State,4,4,8.8,400988372,2018-02-17
17,1,15:38,2138,2138,Tres Tinkle Defensive Rebound.,6,3,3,40,0.8414413322966245,0.5745182203571922,USC,Oregon State,4,4,8.8,400988372,2018-02-17
18,1,14:58,2098,2098,Alfred Hollins Defensive Rebound.,6,5,1,27,0.8119726093080378,0.5254789461174939,USC,Oregon State,4,4,8.8,400988372,2018-02-17
19,1,14:31,2071,2071,Chimezie Metu Block.,6,5,1,0,0.8113388991777685,0.5258033080288738,USC,Oregon State,4,4,8.8,400988372,2018-02-17
20,1,14:31,2071,2071,USC Defensive Rebound.,6,5,1,28,0.8113388991777685,0.5258033080288738,USC,Oregon State,4,4,8.8,400988372,2018-02-17
21,1,14:03,2043,2043,Jordan McLaughlin Defensive Rebound.,8,5,3,49,0.8407270168725803,0.577864370066,USC,Oregon State,4,4,8.8,400988372,2018-02-17
22,1,13:14,1994,1994,Oregon State Deadball Team Rebound.,10,5,5,14,0.866999390640479,0.6307727484864845,USC,Oregon State,4,4,8.8,400988372,2018-02-17
23,1,13:00,1980,1980,Drew Eubanks Defensive Rebound.,10,5,5,47,0.8670529118897654,0.631596280058351,USC,Oregon State,4,4,8.8,400988372,2018-02-17
24,1,12:13,1933,1933,Jordan Usher Defensive Rebound.,12,7,5,11,0.8672281007243642,0.6344031967090716,USC,Oregon State,4,4,8.8,400988372,2018-02-17
25,1,12:02,1922,1922,Drew Eubanks Defensive Rebound.,12,7,5,26,0.8672674943304097,0.6350685396430016,USC,Oregon State,4,4,8.8,400988372,2018-02-17
26,1,11:36,1896,1896,Jordan McLaughlin Defensive Rebound.,12,7,5,8,0.8673457533411698,0.6366360578558812,USC,Oregon State,4,4,8.8,400988372,2018-02-17
27,1,11:28,1888,1888,Drew Eubanks Defensive Rebound.,12,7,5,133,0.8673660431420045,0.6371175140625175,USC,Oregon State,4,4,8.8,400988372,2018-02-17
28,1,9:15,1755,1755,Nick Rakocevic Block.,16,13,3,2,0.8375865445458518,0.5887814245953087,USC,Oregon State,4,4,8.8,400988372,2018-02-17
29,1,9:13,1753,1753,USC Defensive Rebound.,16,13,3,17,0.8375598629859863,0.588861613376298,USC,Oregon State,4,4,8.8,400988372,2018-02-17
30,1,8:56,1736,1736,Stephen Thompson Jr. Steal.,16,13,3,2,0.8373329270562991,0.5895484487029247,USC,Oregon State,4,4,8.8,400988372,2018-02-17
31,1,8:54,1734,1734,Stephen Thompson Jr. made Free Throw.,16,16,0,63,0.7817484322664487,0.5,USC,Oregon State,4,4,8.8,400988372,2018-02-17
32,1,7:51,1671,1671,USC Offensive Rebound.,18,18,0,98,0.7788207896531899,0.5,USC,Oregon State,4,4,8.8,400988372,2018-02-17
33,1,6:13,1573,1573,Chimezie Metu made Free Throw.,24,20,4,30,0.851848258114637,0.6269980294192325,USC,Oregon State,4,4,8.8,400988372,2018-02-17
34,1,5:43,1543,1543,Tres Tinkle Block.,24,20,4,2,0.8515163433217299,0.6285593285136819,USC,Oregon State,4,4,8.8,400988372,2018-02-17
35,1,5:41,1541,1541,Gligorije Rakocevic Defensive Rebound.,24,20,4,13,0.8514946153214265,0.6286649934486898,USC,Oregon State,4,4,8.8,400988372,2018-02-17
36,1,5:28,1528,1528,USC Deadball Team Rebound.,24,20,4,20,0.851355871921626,0.6293581145843012,USC,Oregon State,4,4,8.8,400988372,2018-02-17
37,1,5:08,1508,1508,Chimezie Metu made Free Throw.,25,20,5,0,0.8672913751405353,0.6609841587706841,USC,Oregon State,4,4,8.8,400988372,2018-02-17
38,1,5:08,1508,1508,Chimezie Metu made Free Throw.,26,20,6,58,0.8819217368233281,0.6902353147914237,USC,Oregon State,4,4,8.8,400988372,2018-02-17
39,1,4:10,1450,1450,Jordan Usher Defensive Rebound.,26,22,4,13,0.8507101946167414,0.6338572810785399,USC,Oregon State,4,4,8.8,400988372,2018-02-17
40,1,3:57,1437,1437,Drew Eubanks Steal.,26,22,4,4,0.8506330988198834,0.634659124684198,USC,Oregon State,4,4,8.8,400988372,2018-02-17
41,1,3:53,1433,1433,Tres Tinkle Offensive Rebound.,26,22,4,2,0.8506057245986328,0.634901342793241,USC,Oregon State,4,4,8.8,400988372,2018-02-17
42,1,3:51,1431,1431,Tres Tinkle made Two Point Tip Shot.,26,24,2,22,0.8118897989252719,0.5687886775542065,USC,Oregon State,4,4,8.8,400988372,2018-02-17
43,1,3:29,1409,1409,Gligorije Rakocevic Defensive Rebound.,26,24,2,30,0.8112445169342399,0.5694752857545454,USC,Oregon State,4,4,8.8,400988372,2018-02-17
44,1,2:59,1379,1379,Elijah Stewart missed Free Throw.,26,26,0,0,0.762901349302894,0.5,USC,Oregon State,4,4,8.8,400988372,2018-02-17
45,1,2:59,1379,1379,USC Deadball Team Rebound.,26,26,0,0,0.762901349302894,0.5,USC,Oregon State,4,4,8.8,400988372,2018-02-17
46,1,2:59,1379,1379,Elijah Stewart made Free Throw.,27,26,1,36,0.7875735225382873,0.5353679239274404,USC,Oregon State,4,4,8.8,400988372,2018-02-17
47,1,2:23,1343,1343,Tres Tinkle Defensive Rebound.,27,28,-1,12,0.733570828254895,0.4640831609145469,USC,Oregon State,4,4,8.8,400988372,2018-02-17
48,1,2:11,1331,1331,Derryck Thornton Defensive Rebound.,27,28,-1,45,0.7326395403426699,0.4638975546786103,USC,Oregon State,4,4,8.8,400988372,2018-02-17
49,1,1:26,1286,1286,Nick Rakocevic Defensive Rebound.,30,28,2,68,0.8073266125453133,0.5732617983107366,USC,Oregon State,4,4,8.8,400988372,2018-02-17
50,1,0:18,1218,1218,Tres Tinkle Block.,32,30,2,3,0.8053391188615316,0.5757604286858464,USC,Oregon State,4,4,8.8,400988372,2018-02-17
51,1,0:15,1215,1215,Jordan McLaughlin Offensive Rebound.,32,30,2,1,0.8052605599591515,0.575883899224916,USC,Oregon State,4,4,8.8,400988372,2018-02-17
52,1,0:14,1214,1214,Oregon State Defensive Rebound.,32,30,2,14,0.8052345890566173,0.5759253503329457,USC,Oregon State,4,4,8.8,400988372,2018-02-17
53,1,0:00,1200,1200,End of 1st half,32,30,2,0,0.8048755342533662,0.5765093285143758,USC,Oregon State,4,4,8.8,400988372,2018-02-17
54,2,20:00,1200,1200,PLAY,32,30,2,57,0.8048755342533662,0.5765093285143758,USC,Oregon State,4,4,8.8,400988372,2018-02-17
55,2,19:03,1143,1143,Tres Tinkle Offensive Rebound.,35,30,5,95,0.8680806158085695,0.6887478917648818,USC,Oregon State,4,4,8.8,400988372,2018-02-17
56,2,17:28,1048,1048,Elijah Stewart Block.,37,34,3,2,0.8261799780257503,0.6224991578067698,USC,Oregon State,4,4,8.8,400988372,2018-02-17
57,2,17:26,1046,1046,Elijah Stewart Defensive Rebound.,37,34,3,86,0.8261622946334316,0.6226270526869097,USC,Oregon State,4,4,8.8,400988372,2018-02-17
58,2,16:00,960,960,USC Offensive Rebound.,42,38,4,15,0.8496626432084482,0.668980437525638,USC,Oregon State,4,4,8.8,400988372,2018-02-17
59,2,15:45,945,945,Tres Tinkle Defensive Rebound.,42,38,4,63,0.8498414309781965,0.6704009859344976,USC,Oregon State,4,4,8.8,400988372,2018-02-17
60,2,14:42,882,882,Jonah Mathews Steal.,44,41,3,6,0.8255013758742502,0.6341264976315992,USC,Oregon State,4,4,8.8,400988372,2018-02-17
61,2,14:36,876,876,Ethan Thompson Steal.,44,41,3,37,0.8254753358304282,0.63449056833075,USC,Oregon State,4,4,8.8,400988372,2018-02-17
62,2,13:59,839,839,Tres Tinkle Defensive Rebound.,44,43,1,14,0.7647157010952317,0.5466578129680776,USC,Oregon State,4,4,8.8,400988372,2018-02-17
63,2,13:45,825,825,Chimezie Metu Steal.,44,43,1,55,0.7642050846441625,0.5469955773272931,USC,Oregon State,4,4,8.8,400988372,2018-02-17
64,2,12:50,770,770,Chimezie Metu made Free Throw.,48,45,3,0,0.8255459707468633,0.6421998192076488,USC,Oregon State,4,4,8.8,400988372,2018-02-17
65,2,12:50,770,770,Chimezie Metu missed Free Throw.,48,45,3,0,0.8255459707468633,0.6421998192076488,USC,Oregon State,4,4,8.8,400988372,2018-02-17
66,2,12:50,770,770,Gligorije Rakocevic Defensive Rebound.,48,45,3,22,0.8255459707468633,0.6421998192076488,USC,Oregon State,4,4,8.8,400988372,2018-02-17
67,2,12:28,748,748,Ethan Thompson Offensive Rebound.,48,45,3,17,0.8257908372849349,0.6444463873169183,USC,Oregon State,4,4,8.8,400988372,2018-02-17
68,2,12:11,731,731,USC Defensive Rebound.,48,45,3,15,0.8260605488963944,0.646420230520399,USC,Oregon State,4,4,8.8,400988372,2018-02-17
69,2,11:56,716,716,Gligorije Rakocevic Steal.,48,45,3,27,0.826294605390494,0.6481822079193158,USC,Oregon State,4,4,8.8,400988372,2018-02-17
70,2,11:29,689,689,Tres Tinkle Defensive Rebound.,48,45,3,25,0.8265266349517509,0.650942097741497,USC,Oregon State,4,4,8.8,400988372,2018-02-17
71,2,11:04,664,664,USC Deadball Team Rebound.,48,45,3,19,0.8266197448941079,0.6532451594590588,USC,Oregon State,4,4,8.8,400988372,2018-02-17
72,2,10:45,645,645,Stephen Thompson Jr. Steal.,48,45,3,2,0.8266773785777441,0.6549823250916987,USC,Oregon State,4,4,8.8,400988372,2018-02-17
73,2,10:43,643,643,Ethan Thompson made Free Throw.,48,46,2,0,0.7938622874649451,0.6053705441414853,USC,Oregon State,4,4,8.8,400988372,2018-02-17
74,2,10:43,643,643,Ethan Thompson missed Free Throw.,48,46,2,0,0.7938622874649451,0.6053705441414853,USC,Oregon State,4,4,8.8,400988372,2018-02-17
75,2,10:43,643,643,Chimezie Metu Defensive Rebound.,48,46,2,29,0.7938622874649451,0.6053705441414853,USC,Oregon State,4,4,8.8,400988372,2018-02-17
76,2,10:14,614,614,Tres Tinkle Defensive Rebound.,48,46,2,56,0.7933740577513898,0.607425098843964,USC,Oregon State,4,4,8.8,400988372,2018-02-17
77,2,9:18,558,558,Nick Rakocevic Defensive Rebound.,50,46,4,27,0.8583949574114037,0.7147902580684806,USC,Oregon State,4,4,8.8,400988372,2018-02-17
78,2,8:51,531,531,Kendal Manuel Defensive Rebound.,50,46,4,0,0.8600403741015406,0.7203703247597191,USC,Oregon State,4,4,8.8,400988372,2018-02-17
79,2,8:51,531,531,Kendal Manuel missed Free Throw.,50,46,4,0,0.8600403741015406,0.7203703247597191,USC,Oregon State,4,4,8.8,400988372,2018-02-17
80,2,8:51,531,531,Nick Rakocevic Defensive Rebound.,50,46,4,29,0.8600403741015406,0.7203703247597191,USC,Oregon State,4,4,8.8,400988372,2018-02-17
81,2,8:22,502,502,Chimezie Metu Offensive Rebound.,50,46,4,31,0.86120987427471,0.7251778621784715,USC,Oregon State,4,4,8.8,400988372,2018-02-17
82,2,7:51,471,471,Jordan McLaughlin Steal.,52,46,6,4,0.9117288666327555,0.8169066637007325,USC,Oregon State,4,4,8.8,400988372,2018-02-17
83,2,7:47,467,467,Jordan Usher Offensive Rebound.,52,46,6,24,0.9120387858385841,0.8178017893538115,USC,Oregon State,4,4,8.8,400988372,2018-02-17
84,2,7:23,443,443,Chimezie Metu Block.,54,46,8,0,0.9469957355953079,0.8868948672647714,USC,Oregon State,4,4,8.8,400988372,2018-02-17
85,2,7:23,443,443,Alfred Hollins Offensive Rebound.,54,46,8,1,0.9469957355953079,0.8868948672647714,USC,Oregon State,4,4,8.8,400988372,2018-02-17
86,2,7:22,442,442,Alfred Hollins made Free Throw.,54,49,5,10,0.8920439042820963,0.7839593552413722,USC,Oregon State,4,4,8.8,400988372,2018-02-17
87,2,7:12,432,432,Nick Rakocevic Offensive Rebound.,54,49,5,2,0.8932585621702729,0.7871639203724771,USC,Oregon State,4,4,8.8,400988372,2018-02-17
88,2,7:10,430,430,Nick Rakocevic missed Two Point Tip Shot.,54,49,5,0,0.8935267954258541,0.7878559080799823,USC,Oregon State,4,4,8.8,400988372,2018-02-17
89,2,7:10,430,430,Kendal Manuel Defensive Rebound.,54,49,5,19,0.8935267954258541,0.7878559080799823,USC,Oregon State,4,4,8.8,400988372,2018-02-17
90,2,6:51,411,411,USC Deadball Team Rebound.,54,49,5,20,0.8958195519071588,0.7940361327070943,USC,Oregon State,4,4,8.8,400988372,2018-02-17
91,2,6:31,391,391,Jordan Usher made Free Throw.,55,49,6,0,0.9206157630221499,0.8406695609173681,USC,Oregon State,4,4,8.8,400988372,2018-02-17
92,2,6:31,391,391,Jordan Usher missed Free Throw.,55,49,6,0,0.9206157630221499,0.8406695609173681,USC,Oregon State,4,4,8.8,400988372,2018-02-17
93,2,6:31,391,391,Tres Tinkle Defensive Rebound.,55,49,6,91,0.9206157630221499,0.8406695609173681,USC,Oregon State,4,4,8.8,400988372,2018-02-17
94,2,5:00,300,300,Chimezie Metu Defensive Rebound.,57,51,6,34,0.9338242483522418,0.8740766152316387,USC,Oregon State,4,4,8.8,400988372,2018-02-17
95,2,4:26,266,266,Drew Eubanks missed Free Throw.,59,51,8,0,0.9624468401887699,0.9286142999768647,USC,Oregon State,4,4,8.8,400988372,2018-02-17
96,2,4:26,266,266,Chimezie Metu Defensive Rebound.,59,51,8,43,0.9624468401887699,0.9286142999768647,USC,Oregon State,4,4,8.8,400988372,2018-02-17
97,2,3:43,223,223,Drew Eubanks made Free Throw.,61,52,9,0,0.9702736673807644,0.9453087697829458,USC,Oregon State,4,4,8.8,400988372,2018-02-17
98,2,3:43,223,223,Drew Eubanks made Free Throw.,61,53,8,21,0.9596469907987464,0.9264342070472563,USC,Oregon State,4,4,8.8,400988372,2018-02-17
99,2,3:22,202,202,Jordan McLaughlin missed Free Throw.,61,53,8,0,0.9639757768077007,0.9355050810414347,USC,Oregon State,4,4,8.8,400988372,2018-02-17
100,2,3:22,202,202,USC Deadball Team Rebound.,61,53,8,0,0.9639757768077007,0.9355050810414347,USC,Oregon State,4,4,8.8,400988372,2018-02-17
101,2,3:22,202,202,Jordan McLaughlin made Free Throw.,62,53,9,22,0.9739460647330349,0.9529706687303536,USC,Oregon State,4,4,8.8,400988372,2018-02-17
102,2,3:00,180,180,Alfred Hollins missed Free Throw.,62,53,9,0,0.9814235318028026,0.9671307066631035,USC,Oregon State,4,4,8.8,400988372,2018-02-17
103,2,3:00,180,180,Oregon State Deadball Team Rebound.,62,53,9,0,0.9814235318028026,0.9671307066631035,USC,Oregon State,4,4,8.8,400988372,2018-02-17
104,2,3:00,180,180,Alfred Hollins missed Free Throw.,62,53,9,0,0.9814235318028026,0.9671307066631035,USC,Oregon State,4,4,8.8,400988372,2018-02-17
105,2,3:00,180,180,Chimezie Metu Defensive Rebound.,62,53,9,48,0.9814235318028026,0.9671307066631035,USC,Oregon State,4,4,8.8,400988372,2018-02-17
106,2,2:12,132,132,Shaqquan Aaron Defensive Rebound.,64,53,11,27,0.9973919545794572,0.9956156194936814,USC,Oregon State,4,4,8.8,400988372,2018-02-17
107,2,1:45,105,105,Drew Eubanks Steal.,64,53,11,22,0.9990199391196887,0.9984144473675501,USC,Oregon State,4,4,8.8,400988372,2018-02-17
108,2,1:23,83,83,Jordan McLaughlin made Free Throw.,65,55,10,0,0.9993004014688379,0.9989062186401162,USC,Oregon State,4,4,8.8,400988372,2018-02-17
109,2,1:23,83,83,Jordan McLaughlin made Free Throw.,66,55,11,33,0.9996460518373332,0.9994465148935096,USC,Oregon State,4,4,8.8,400988372,2018-02-17
110,2,0:50,50,50,Jordan McLaughlin made Free Throw.,67,57,10,0,0.9998647916492398,0.9997998362694142,USC,Oregon State,4,4,8.8,400988372,2018-02-17
111,2,0:50,50,50,Jordan McLaughlin made Free Throw.,68,57,11,11,0.9999422988575352,0.9999145754977518,USC,Oregon State,4,4,8.8,400988372,2018-02-17
112,2,0:39,39,39,Tres Tinkle made Free Throw.,68,58,10,0,0.9999274873259533,0.9998946948799846,USC,Oregon State,4,4,8.8,400988372,2018-02-17
113,2,0:39,39,39,Tres Tinkle made Free Throw.,68,59,9,4,0.9998188171037435,0.9997368935951991,USC,Oregon State,4,4,8.8,400988372,2018-02-17
114,2,0:35,35,35,Elijah Stewart made Free Throw.,69,59,10,0,0.9999427687960731,0.9999174764799892,USC,Oregon State,4,4,8.8,400988372,2018-02-17
115,2,0:35,35,35,Elijah Stewart made Free Throw.,70,59,11,9,0.9999776483602544,0.999967769952443,USC,Oregon State,4,4,8.8,400988372,2018-02-17
116,2,0:26,26,26,Stephen Thompson Jr. Offensive Rebound.,70,59,11,9,0.999987795412776,0.9999826849773006,USC,Oregon State,4,4,8.8,400988372,2018-02-17
117,2,0:17,17,17,Elijah Stewart made Free Throw.,71,59,12,0,0.999997741008707,0.9999968476819541,USC,Oregon State,4,4,8.8,400988372,2018-02-17
118,2,0:17,17,17,Elijah Stewart made Free Throw.,72,59,13,1,0.99999921391807,0.9999989030583232,USC,Oregon State,4,4,8.8,400988372,2018-02-17
119,2,0:16,16,16,Derryck Thornton Steal.,70,59,11,7,0.9999939635832529,0.9999915921613303,USC,Oregon State,4,4,8.8,400988372,2018-02-17
120,2,0:09,9,9,Derryck Thornton Defensive Rebound.,72,59,13,9,0.9999996118157488,0.999999466397108,USC,Oregon State,4,4,8.8,400988372,2018-02-17
121,2,0:00,0,0,End of Game,72,59,13,0,1,1,USC,Oregon State,4,4,8.8,400988372,2018-02-17
