play_id,half,time_remaining_half,secs_remaining,secs_remaining_absolute,description,home_score,away_score,score_diff,play_length,win_prob,naive_win_prob,home,away,home_time_out_remaining,away_time_out_remaining,home_favored_by,game_id,date
1,1,20:00,2400,2400,PLAY,0,0,0,28,0.950354665484098,0.5,Old Dominion,UTEP,4,4,18.4,400992673,2018-02-17
2,1,19:32,2372,2372,Evan Gilyard Defensive Rebound.,0,0,0,25,0.9499598238589764,0.5,Old Dominion,UTEP,4,4,18.4,400992673,2018-02-17
3,1,19:07,2347,2347,Matt Willms Offensive Rebound.,0,0,0,21,0.9495933117977452,0.5,Old Dominion,UTEP,4,4,18.4,400992673,2018-02-17
4,1,18:46,2326,2326,B.J. Stith Defensive Rebound.,0,0,0,16,0.9492747853115111,0.5,Old Dominion,UTEP,4,4,18.4,400992673,2018-02-17
5,1,18:30,2310,2310,Randy Haynes made Free Throw.,1,0,1,0,0.9533050272455003,0.5230316804761159,Old Dominion,UTEP,4,4,18.4,400992673,2018-02-17
6,1,18:30,2310,2310,Randy Haynes missed Free Throw.,1,0,1,0,0.9533050272455003,0.5230316804761159,Old Dominion,UTEP,4,4,18.4,400992673,2018-02-17
7,1,18:30,2310,2310,Matt Willms Defensive Rebound.,1,0,1,13,0.9533050272455003,0.5230316804761159,Old Dominion,UTEP,4,4,18.4,400992673,2018-02-17
8,1,18:17,2297,2297,Ahmad Caver Defensive Rebound.,1,0,1,29,0.9531403999226211,0.5231767404535681,Old Dominion,UTEP,4,4,18.4,400992673,2018-02-17
9,1,17:48,2268,2268,Randy Haynes Steal.,3,0,3,18,0.9605436045072375,0.5700974089447075,Old Dominion,UTEP,4,4,18.4,400992673,2018-02-17
10,1,17:30,2250,2250,B.J. Stith Steal.,5,0,5,47,0.9670202995181973,0.6164521127449056,Old Dominion,UTEP,4,4,18.4,400992673,2018-02-17
11,1,16:43,2203,2203,Jake Flaggert Defensive Rebound.,7,2,5,19,0.9668241435833758,0.6190078143206482,Old Dominion,UTEP,4,4,18.4,400992673,2018-02-17
12,1,16:24,2184,2184,Brandan Stith Defensive Rebound.,7,2,5,37,0.9667368103721323,0.6200478087639829,Old Dominion,UTEP,4,4,18.4,400992673,2018-02-17
13,1,15:47,2147,2147,Ahmad Caver Steal.,9,2,7,23,0.9724315199521457,0.6676901245958994,Old Dominion,UTEP,4,4,18.4,400992673,2018-02-17
14,1,15:24,2124,2124,Kobe Magee Defensive Rebound.,9,2,7,11,0.9723880949609616,0.669374274654817,Old Dominion,UTEP,4,4,18.4,400992673,2018-02-17
15,1,15:13,2113,2113,B.J. Stith Defensive Rebound.,9,2,7,75,0.972365831553877,0.6701833795170746,Old Dominion,UTEP,4,4,18.4,400992673,2018-02-17
16,1,13:58,2038,2038,Brandan Stith Defensive Rebound.,12,2,10,7,0.9795464893914647,0.7406148186744372,Old Dominion,UTEP,4,4,18.4,400992673,2018-02-17
17,1,13:51,2031,2031,Aaron Carver missed Free Throw.,12,2,10,0,0.9795537428953269,0.7412773110651912,Old Dominion,UTEP,4,4,18.4,400992673,2018-02-17
18,1,13:51,2031,2031,Old Dominion Deadball Team Rebound.,12,2,10,0,0.9795537428953269,0.7412773110651912,Old Dominion,UTEP,4,4,18.4,400992673,2018-02-17
19,1,13:51,2031,2031,Aaron Carver missed Free Throw.,12,2,10,0,0.9795537428953269,0.7412773110651912,Old Dominion,UTEP,4,4,18.4,400992673,2018-02-17
20,1,13:51,2031,2031,Trey Wade Defensive Rebound.,12,2,10,28,0.9795537428953269,0.7412773110651912,Old Dominion,UTEP,4,4,18.4,400992673,2018-02-17
21,1,13:23,2003,2003,UTEP Defensive Rebound.,12,2,10,17,0.9795814831088178,0.7439395813372136,Old Dominion,UTEP,4,4,18.4,400992673,2018-02-17
22,1,13:06,1986,1986,Brandan Stith Defensive Rebound.,12,2,10,7,0.9795974759280169,0.7455661714922514,Old Dominion,UTEP,4,4,18.4,400992673,2018-02-17
23,1,12:59,1979,1979,Evan Gilyard Defensive Rebound.,12,2,10,9,0.9796039063779864,0.7462383171732341,Old Dominion,UTEP,4,4,18.4,400992673,2018-02-17
24,1,12:50,1970,1970,Brandan Stith Steal.,12,2,10,18,0.979612058589021,0.7471046079473436,Old Dominion,UTEP,4,4,18.4,400992673,2018-02-17
25,1,12:32,1952,1952,Trey Wade Defensive Rebound.,12,2,10,24,0.979628032827011,0.7488445240277583,Old Dominion,UTEP,4,4,18.4,400992673,2018-02-17
26,1,12:08,1928,1928,Trey Porter Defensive Rebound.,12,2,10,29,0.9796488082259113,0.7511801808027669,Old Dominion,UTEP,4,4,18.4,400992673,2018-02-17
27,1,11:39,1899,1899,Trey Porter Offensive Rebound.,12,2,10,13,0.979668167470867,0.7539933868889216,Old Dominion,UTEP,4,4,18.4,400992673,2018-02-17
28,1,11:26,1886,1886,Xavier Green Offensive Rebound.,12,2,10,42,0.9796740409837159,0.7552462503124053,Old Dominion,UTEP,4,4,18.4,400992673,2018-02-17
29,1,10:44,1844,1844,Trey Porter Offensive Rebound.,14,4,10,1,0.9796840005489921,0.7592775962335694,Old Dominion,UTEP,4,4,18.4,400992673,2018-02-17
30,1,10:43,1843,1843,Trey Porter missed Free Throw.,14,4,10,0,0.9796841050772974,0.7593734997537135,Old Dominion,UTEP,4,4,18.4,400992673,2018-02-17
31,1,10:43,1843,1843,Jake Flaggert Defensive Rebound.,14,4,10,37,0.9796841050772974,0.7593734997537135,Old Dominion,UTEP,4,4,18.4,400992673,2018-02-17
32,1,10:06,1806,1806,Trey Porter Offensive Rebound.,14,4,10,47,0.9796852789058713,0.7629294669906321,Old Dominion,UTEP,4,4,18.4,400992673,2018-02-17
33,1,9:19,1759,1759,Old Dominion Offensive Rebound.,16,6,10,33,0.9796841000338169,0.7674969192134752,Old Dominion,UTEP,4,4,18.4,400992673,2018-02-17
34,1,8:46,1726,1726,Randy Haynes Defensive Rebound.,19,6,13,13,0.9857929711353913,0.8286962513350147,Old Dominion,UTEP,4,4,18.4,400992673,2018-02-17
35,1,8:33,1713,1713,Evan Gilyard Defensive Rebound.,19,6,13,11,0.985825552232607,0.8300574992111882,Old Dominion,UTEP,4,4,18.4,400992673,2018-02-17
36,1,8:22,1702,1702,Evan Gilyard Offensive Rebound.,19,6,13,11,0.9858539729817575,0.8312163033058944,Old Dominion,UTEP,4,4,18.4,400992673,2018-02-17
37,1,8:11,1691,1691,Tirus Smith made Free Throw.,19,7,12,0,0.9840607088009303,0.8144709536274173,Old Dominion,UTEP,4,4,18.4,400992673,2018-02-17
38,1,8:11,1691,1691,Tirus Smith missed Free Throw.,19,7,12,0,0.9840607088009303,0.8144709536274173,Old Dominion,UTEP,4,4,18.4,400992673,2018-02-17
39,1,8:11,1691,1691,Brandan Stith Defensive Rebound.,19,7,12,18,0.9840607088009303,0.8144709536274173,Old Dominion,UTEP,4,4,18.4,400992673,2018-02-17
40,1,7:53,1673,1673,Brandan Stith Offensive Rebound.,19,7,12,40,0.9840946550852695,0.8163552370646626,Old Dominion,UTEP,4,4,18.4,400992673,2018-02-17
41,1,7:13,1633,1633,Ahmad Caver Steal.,19,7,12,25,0.9841399297597951,0.8203481826492006,Old Dominion,UTEP,4,4,18.4,400992673,2018-02-17
42,1,6:48,1608,1608,Ahmad Caver Defensive Rebound.,21,7,14,14,0.987686803302071,0.8570468206647205,Old Dominion,UTEP,4,4,18.4,400992673,2018-02-17
43,1,6:34,1594,1594,Trey Wade Defensive Rebound.,21,7,14,128,0.9877091124886768,0.8583512302426098,Old Dominion,UTEP,4,4,18.4,400992673,2018-02-17
44,1,4:26,1466,1466,Aaron Carver Defensive Rebound.,25,11,14,35,0.9879608610004329,0.8705676328294495,Old Dominion,UTEP,4,4,18.4,400992673,2018-02-17
45,1,3:51,1431,1431,Ahmad Caver Steal.,28,11,17,34,0.9920952777221692,0.9132311159757961,Old Dominion,UTEP,4,4,18.4,400992673,2018-02-17
46,1,3:17,1397,1397,Trey Porter Defensive Rebound.,30,11,19,17,0.9941022371292813,0.9353199535988374,Old Dominion,UTEP,4,4,18.4,400992673,2018-02-17
47,1,3:00,1380,1380,Omega Harris Defensive Rebound.,30,11,19,11,0.9941504733006218,0.9365110733646047,Old Dominion,UTEP,4,4,18.4,400992673,2018-02-17
48,1,2:49,1369,1369,Aaron Carver Defensive Rebound.,30,11,19,31,0.9941807144383782,0.9372667489243284,Old Dominion,UTEP,4,4,18.4,400992673,2018-02-17
49,1,2:18,1338,1338,Omega Harris Defensive Rebound.,30,11,19,63,0.9942649275393269,0.9393618423121414,Old Dominion,UTEP,4,4,18.4,400992673,2018-02-17
50,1,1:15,1275,1275,Matt Willms Defensive Rebound.,30,11,19,21,0.9944550525249207,0.9436699778544979,Old Dominion,UTEP,4,4,18.4,400992673,2018-02-17
51,1,0:54,1254,1254,B.J. Stith Defensive Rebound.,30,11,19,9,0.9945312387550149,0.9451792141756306,Old Dominion,UTEP,4,4,18.4,400992673,2018-02-17
52,1,0:45,1245,1245,Randy Haynes Offensive Rebound.,30,11,19,6,0.9945666576650781,0.9458432219668154,Old Dominion,UTEP,4,4,18.4,400992673,2018-02-17
53,1,0:39,1239,1239,Trey Porter missed Free Throw.,32,11,21,0,0.9959954843686442,0.9597280132476766,Old Dominion,UTEP,4,4,18.4,400992673,2018-02-17
54,1,0:39,1239,1239,Old Dominion Deadball Team Rebound.,32,11,21,0,0.9959954843686442,0.9597280132476766,Old Dominion,UTEP,4,4,18.4,400992673,2018-02-17
55,1,0:39,1239,1239,Trey Porter missed Free Throw.,32,11,21,0,0.9959954843686442,0.9597280132476766,Old Dominion,UTEP,4,4,18.4,400992673,2018-02-17
56,1,0:39,1239,1239,Omega Harris Defensive Rebound.,32,11,21,29,0.9959954843686442,0.9597280132476766,Old Dominion,UTEP,4,4,18.4,400992673,2018-02-17
57,1,0:10,1210,1210,B.J. Stith Defensive Rebound.,32,11,21,7,0.9961115752621333,0.9616137176046095,Old Dominion,UTEP,4,4,18.4,400992673,2018-02-17
58,1,0:03,1203,1203,Kobe Magee Steal.,32,11,21,3,0.9961412507767969,0.9620754673013783,Old Dominion,UTEP,4,4,18.4,400992673,2018-02-17
59,1,0:00,1200,1200,End of 1st half,32,14,18,0,0.9939045656253943,0.9413727903516481,Old Dominion,UTEP,4,4,18.4,400992673,2018-02-17
60,2,20:00,1200,1200,PLAY,32,14,18,17,0.9939045656253943,0.9413727903516481,Old Dominion,UTEP,4,4,18.4,400992673,2018-02-17
61,2,19:43,1183,1183,Paul Thomas Defensive Rebound.,32,14,18,11,0.9939867288645069,0.9427612252628855,Old Dominion,UTEP,4,4,18.4,400992673,2018-02-17
62,2,19:32,1172,1172,Brandan Stith Defensive Rebound.,32,14,18,56,0.9940374868418469,0.943624384379256,Old Dominion,UTEP,4,4,18.4,400992673,2018-02-17
63,2,18:36,1116,1116,Ahmad Caver Offensive Rebound.,34,16,18,58,0.9942813254110238,0.9477475334763212,Old Dominion,UTEP,4,4,18.4,400992673,2018-02-17
64,2,17:38,1058,1058,Trey Porter Offensive Rebound.,37,18,19,9,0.9953730392329944,0.9589393634780022,Old Dominion,UTEP,4,4,18.4,400992673,2018-02-17
65,2,17:29,1049,1049,UTEP Defensive Rebound.,37,18,19,49,0.9954142469661846,0.9595354710277774,Old Dominion,UTEP,4,4,18.4,400992673,2018-02-17
66,2,16:40,1000,1000,Evan Gilyard Steal.,37,20,17,28,0.9938996626463187,0.9485249717377977,Old Dominion,UTEP,4,4,18.4,400992673,2018-02-17
67,2,16:12,972,972,Trey Porter made Free Throw.,40,22,18,28,0.9950344242620274,0.9585615154643793,Old Dominion,UTEP,4,4,18.4,400992673,2018-02-17
68,2,15:44,944,944,Trey Porter Defensive Rebound.,40,22,18,33,0.9952075616956488,0.9607153778502331,Old Dominion,UTEP,4,4,18.4,400992673,2018-02-17
69,2,15:11,911,911,Paul Thomas Offensive Rebound.,42,22,20,29,0.9967721267817818,0.9737944298693647,Old Dominion,UTEP,4,4,18.4,400992673,2018-02-17
70,2,14:42,882,882,Omega Harris Defensive Rebound.,42,24,18,12,0.9955004778180963,0.9644207423171429,Old Dominion,UTEP,4,4,18.4,400992673,2018-02-17
71,2,14:30,870,870,Paul Thomas Offensive Rebound.,42,24,18,3,0.9955519362390856,0.9650624915268056,Old Dominion,UTEP,4,4,18.4,400992673,2018-02-17
72,2,14:27,867,867,Paul Thomas made Free Throw.,42,25,17,0,0.9946703040051842,0.9584630104381698,Old Dominion,UTEP,4,4,18.4,400992673,2018-02-17
73,2,14:27,867,867,Paul Thomas made Free Throw.,42,26,16,15,0.9935964904712934,0.9504575899683763,Old Dominion,UTEP,4,4,18.4,400992673,2018-02-17
74,2,14:12,852,852,Xavier Green made Free Throw.,43,26,17,0,0.9947420179031986,0.9593601683116031,Old Dominion,UTEP,4,4,18.4,400992673,2018-02-17
75,2,14:12,852,852,Xavier Green made Free Throw.,44,26,18,22,0.9956304135421008,0.9660225317029889,Old Dominion,UTEP,4,4,18.4,400992673,2018-02-17
76,2,13:50,830,830,Marquis Godwin Defensive Rebound.,44,26,18,78,0.9957321003866755,0.9672251849839678,Old Dominion,UTEP,4,4,18.4,400992673,2018-02-17
77,2,12:32,752,752,Isiah Osborne Offensive Rebound.,49,26,23,34,0.9985837429143652,0.9894914600144014,Old Dominion,UTEP,4,4,18.4,400992673,2018-02-17
78,2,11:58,718,718,Brandan Stith Defensive Rebound.,52,28,24,7,0.9989580180518453,0.9924649254377893,Old Dominion,UTEP,4,4,18.4,400992673,2018-02-17
79,2,11:51,711,711,Evan Gilyard Defensive Rebound.,52,28,24,7,0.9989798272298787,0.9926641047661878,Old Dominion,UTEP,4,4,18.4,400992673,2018-02-17
80,2,11:44,704,704,Randy Haynes Defensive Rebound.,52,28,24,18,0.9990000610997932,0.9928495353861629,Old Dominion,UTEP,4,4,18.4,400992673,2018-02-17
81,2,11:26,686,686,Ahmad Caver made Free Throw.,55,28,27,18,0.9994891050189516,0.9963881051870003,Old Dominion,UTEP,4,4,18.4,400992673,2018-02-17
82,2,11:08,668,668,Ahmad Caver Defensive Rebound.,55,28,27,8,0.9995146967751074,0.9966170453916274,Old Dominion,UTEP,4,4,18.4,400992673,2018-02-17
83,2,11:00,660,660,Paul Thomas Defensive Rebound.,55,28,27,52,0.9995254575225754,0.9967127448990496,Old Dominion,UTEP,4,4,18.4,400992673,2018-02-17
84,2,10:08,608,608,Brandan Stith Defensive Rebound.,58,28,30,45,0.9997908762317016,0.998610223899128,Old Dominion,UTEP,4,4,18.4,400992673,2018-02-17
85,2,9:23,563,563,Marquis Godwin Defensive Rebound.,61,28,33,28,0.9999164679729533,0.9994678713156473,Old Dominion,UTEP,4,4,18.4,400992673,2018-02-17
86,2,8:55,535,535,Kobe Magee Defensive Rebound.,61,28,33,12,0.9999321770226923,0.9995807649784738,Old Dominion,UTEP,4,4,18.4,400992673,2018-02-17
87,2,8:43,523,523,Brandan Stith Steal.,61,28,33,5,0.9999371011613349,0.999616019004502,Old Dominion,UTEP,4,4,18.4,400992673,2018-02-17
88,2,8:38,518,518,Randy Haynes made Free Throw.,64,28,36,27,0.999970208413572,0.9998190307199674,Old Dominion,UTEP,4,4,18.4,400992673,2018-02-17
89,2,8:11,491,491,Brandan Stith Steal.,64,28,36,5,0.9999748153461561,0.9998511921805993,Old Dominion,UTEP,4,4,18.4,400992673,2018-02-17
90,2,8:06,486,486,Isiah Osborne Steal.,64,28,36,17,0.999975620965113,0.9998567045369546,Old Dominion,UTEP,4,4,18.4,400992673,2018-02-17
91,2,7:49,469,469,Trey Touchet Offensive Rebound.,64,28,36,26,0.9999784225784193,0.9998754847373531,Old Dominion,UTEP,4,4,18.4,400992673,2018-02-17
92,2,7:23,443,443,Aaron Carver Offensive Rebound.,64,28,36,20,0.9999831177519549,0.9999055493929021,Old Dominion,UTEP,4,4,18.4,400992673,2018-02-17
93,2,7:03,423,423,B.J. Stith Offensive Rebound.,64,28,36,5,0.9999869199942191,0.9999287805363429,Old Dominion,UTEP,4,4,18.4,400992673,2018-02-17
94,2,6:58,418,418,Paul Thomas Defensive Rebound.,64,28,36,21,0.9999877233859608,0.9999336328527882,Old Dominion,UTEP,4,4,18.4,400992673,2018-02-17
95,2,6:37,397,397,Randy Haynes Steal.,64,28,36,59,0.9999904292635646,0.999949865196074,Old Dominion,UTEP,4,4,18.4,400992673,2018-02-17
96,2,5:38,338,338,Ahmad Caver Defensive Rebound.,69,30,39,24,0.9999982391390433,0.9999916533445424,Old Dominion,UTEP,4,4,18.4,400992673,2018-02-17
97,2,5:14,314,314,Paul Thomas Offensive Rebound.,69,30,39,16,0.9999989658670743,0.9999953153478037,Old Dominion,UTEP,4,4,18.4,400992673,2018-02-17
98,2,4:58,298,298,Stephen Vassor Defensive Rebound.,69,30,39,27,0.9999992459541507,0.9999966888717272,Old Dominion,UTEP,4,4,18.4,400992673,2018-02-17
99,2,4:31,271,271,Randy Haynes Defensive Rebound.,71,30,41,28,0.9999995595963268,0.9999981640652069,Old Dominion,UTEP,4,4,18.4,400992673,2018-02-17
100,2,4:03,243,243,Xavier Green Defensive Rebound.,74,30,44,14,0.9999997541156321,0.9999990304890513,Old Dominion,UTEP,4,4,18.4,400992673,2018-02-17
101,2,3:49,229,229,Omega Harris Defensive Rebound.,74,30,44,7,0.9999997488607195,0.9999990385784019,Old Dominion,UTEP,4,4,18.4,400992673,2018-02-17
102,2,3:42,222,222,Xavier Green Defensive Rebound.,74,30,44,81,0.9999997682646038,0.9999991263835603,Old Dominion,UTEP,4,4,18.4,400992673,2018-02-17
103,2,2:21,141,141,Marquis Godwin Defensive Rebound.,80,33,47,25,0.9999999999066244,0.9999999997149264,Old Dominion,UTEP,4,4,18.4,400992673,2018-02-17
104,2,1:56,116,116,Keith Pinckney Steal.,82,33,49,23,0.9999999999991047,0.999999999997463,Old Dominion,UTEP,4,4,18.4,400992673,2018-02-17
105,2,1:33,93,93,Trey Wade Defensive Rebound.,82,33,49,17,0.9999999999999892,0.9999999999999717,Old Dominion,UTEP,4,4,18.4,400992673,2018-02-17
106,2,1:16,76,76,Michael Hueitt Jr Defensive Rebound.,82,33,49,12,0.9999999999999998,0.9999999999999993,Old Dominion,UTEP,4,4,18.4,400992673,2018-02-17
107,2,1:04,64,64,Keith Pinckney missed Free Throw.,82,33,49,0,1,1,Old Dominion,UTEP,4,4,18.4,400992673,2018-02-17
108,2,1:04,64,64,Old Dominion Deadball Team Rebound.,82,33,49,0,1,1,Old Dominion,UTEP,4,4,18.4,400992673,2018-02-17
109,2,1:04,64,64,Keith Pinckney missed Free Throw.,82,33,49,0,1,1,Old Dominion,UTEP,4,4,18.4,400992673,2018-02-17
110,2,1:04,64,64,Kobe Magee Defensive Rebound.,82,33,49,7,1,1,Old Dominion,UTEP,4,4,18.4,400992673,2018-02-17
111,2,0:57,57,57,Michael Hueitt Jr Defensive Rebound.,82,33,49,19,1,1,Old Dominion,UTEP,4,4,18.4,400992673,2018-02-17
112,2,0:38,38,38,Stephen Vassor Offensive Rebound.,82,33,49,38,1,1,Old Dominion,UTEP,4,4,18.4,400992673,2018-02-17
113,2,0:00,0,0,End of Game,82,33,49,0,1,1,Old Dominion,UTEP,4,4,18.4,400992673,2018-02-17
