play_id,half,time_remaining_half,secs_remaining,secs_remaining_absolute,description,home_score,away_score,score_diff,play_length,win_prob,naive_win_prob,home,away,home_time_out_remaining,away_time_out_remaining,home_favored_by,game_id,date
1,1,20:00,2400,2700,PLAY,0,0,0,12,0.4243798769429716,0.5,Idaho,Montana,4,4,-1.9,400991347,2018-02-17
2,1,19:48,2388,2688,Nate Sherwood Offensive Rebound.,0,0,0,38,0.4244691521366892,0.5,Idaho,Montana,4,4,-1.9,400991347,2018-02-17
3,1,19:10,2350,2650,Bobby Moorehead made Free Throw.,3,1,2,0,0.46943647969306196,0.5450907609955827,Idaho,Montana,4,4,-1.9,400991347,2018-02-17
4,1,19:10,2350,2650,Bobby Moorehead made Free Throw.,3,2,1,13,0.44699147690059926,0.5225914065901247,Idaho,Montana,4,4,-1.9,400991347,2018-02-17
5,1,18:57,2337,2637,Michael Oguine Steal.,3,2,1,46,0.44723616302096647,0.5227334298642733,Idaho,Montana,4,4,-1.9,400991347,2018-02-17
6,1,18:11,2291,2591,Nate Sherwood Defensive Rebound.,5,4,1,28,0.44812349448156374,0.5232439877846887,Idaho,Montana,4,4,-1.9,400991347,2018-02-17
7,1,17:43,2263,2563,Nate Sherwood Block.,7,4,3,3,0.49565348473477405,0.5702645497347195,Idaho,Montana,4,4,-1.9,400991347,2018-02-17
8,1,17:40,2260,2560,Bobby Moorehead Offensive Rebound.,7,4,3,4,0.4957827115990107,0.5703649781600648,Idaho,Montana,4,4,-1.9,400991347,2018-02-17
9,1,17:36,2256,2556,Victor Sanders Defensive Rebound.,7,4,3,10,0.4959553420804484,0.570499046272698,Idaho,Montana,4,4,-1.9,400991347,2018-02-17
10,1,17:26,2246,2546,Victor Sanders made Free Throw.,8,4,4,0,0.5201491141107302,0.5939563112114385,Idaho,Montana,4,4,-1.9,400991347,2018-02-17
11,1,17:26,2246,2546,Victor Sanders made Free Throw.,9,4,5,0,0.543818892834912,0.6166684536086381,Idaho,Montana,4,4,-1.9,400991347,2018-02-17
12,1,17:26,2246,2546,Victor Sanders made Free Throw.,10,4,6,33,0.5672923934486389,0.6388825786720808,Idaho,Montana,4,4,-1.9,400991347,2018-02-17
13,1,16:53,2213,2513,Brayon Blake missed Free Throw.,10,6,4,0,0.521970721757362,0.5954204863854143,Idaho,Montana,4,4,-1.9,400991347,2018-02-17
14,1,16:53,2213,2513,Idaho Deadball Team Rebound.,10,6,4,0,0.521970721757362,0.5954204863854143,Idaho,Montana,4,4,-1.9,400991347,2018-02-17
15,1,16:53,2213,2513,Brayon Blake made Free Throw.,11,6,5,19,0.5460056094467298,0.6184618015703488,Idaho,Montana,4,4,-1.9,400991347,2018-02-17
16,1,16:34,2194,2494,Brayon Blake Defensive Rebound.,11,6,5,8,0.5472769283539071,0.6195000597994478,Idaho,Montana,4,4,-1.9,400991347,2018-02-17
17,1,16:26,2186,2486,Sayeed Pridgett Steal.,11,6,5,31,0.5478146457456702,0.6199381965730206,Idaho,Montana,4,4,-1.9,400991347,2018-02-17
18,1,15:55,2155,2455,Timmy Falls Defensive Rebound.,11,8,3,87,0.5004263646867908,0.5739319522634607,Idaho,Montana,4,4,-1.9,400991347,2018-02-17
19,1,14:28,2068,2368,Arkadiy Mkrtychyan Defensive Rebound.,14,8,6,23,0.5813179805003741,0.6503784213858455,Idaho,Montana,4,4,-1.9,400991347,2018-02-17
20,1,14:05,2045,2345,Brayon Blake Defensive Rebound.,16,8,8,126,0.6329962982311833,0.6977447468076151,Idaho,Montana,4,4,-1.9,400991347,2018-02-17
21,1,11:59,1919,2219,Arkadiy Mkrtychyan Offensive Rebound.,18,12,6,9,0.5939385090090086,0.6605545475273218,Idaho,Montana,4,4,-1.9,400991347,2018-02-17
22,1,11:50,1910,2210,Michael Oguine Steal.,18,12,6,92,0.5947258777036102,0.6611850216622043,Idaho,Montana,4,4,-1.9,400991347,2018-02-17
23,1,10:18,1818,2118,Victor Sanders Steal.,20,12,8,104,0.6569539685870298,0.7170638363605676,Idaho,Montana,4,4,-1.9,400991347,2018-02-17
24,1,8:34,1714,2014,Perrion Callandret missed Free Throw.,22,18,4,0,0.553163876160662,0.6195837184831785,Idaho,Montana,4,4,-1.9,400991347,2018-02-17
25,1,8:34,1714,2014,Bobby Moorehead Defensive Rebound.,22,18,4,46,0.553163876160662,0.6195837184831785,Idaho,Montana,4,4,-1.9,400991347,2018-02-17
26,1,7:48,1668,1968,Brayon Blake Offensive Rebound.,22,21,1,5,0.46331583632128087,0.5311111654714938,Idaho,Montana,4,4,-1.9,400991347,2018-02-17
27,1,7:43,1663,1963,Nate Sherwood Offensive Rebound.,22,21,1,5,0.4634619720337465,0.5311817203704111,Idaho,Montana,4,4,-1.9,400991347,2018-02-17
28,1,7:38,1658,1958,Idaho Offensive Rebound.,22,21,1,8,0.46360822623648795,0.5312518628367782,Idaho,Montana,4,4,-1.9,400991347,2018-02-17
29,1,7:30,1650,1950,Montana Defensive Rebound.,22,21,1,16,0.46384252414319765,0.5313633186529686,Idaho,Montana,4,4,-1.9,400991347,2018-02-17
30,1,7:14,1634,1934,Fabijan Krslovic made Free Throw.,22,22,0,0,0.4330305109221541,0.5,Idaho,Montana,4,4,-1.9,400991347,2018-02-17
31,1,7:14,1634,1934,Fabijan Krslovic made Free Throw.,22,23,-1,33,0.4022734496175688,0.46841611073538614,Idaho,Montana,4,4,-1.9,400991347,2018-02-17
32,1,6:41,1601,1901,Chad Sherwood Block.,25,23,2,3,0.4973107753248817,0.563804470275599,Idaho,Montana,4,4,-1.9,400991347,2018-02-17
33,1,6:38,1598,1898,Ahmaad Rorie Offensive Rebound.,25,23,2,51,0.4974415825984246,0.5638849226553919,Idaho,Montana,4,4,-1.9,400991347,2018-02-17
34,1,5:47,1547,1847,Fabijan Krslovic Offensive Rebound.,27,25,2,36,0.49969565489359996,0.5652678515903204,Idaho,Montana,4,4,-1.9,400991347,2018-02-17
35,1,5:11,1511,1811,Timmy Falls Steal.,27,27,0,1,0.4350310867652965,0.5,Idaho,Montana,4,4,-1.9,400991347,2018-02-17
36,1,5:10,1510,1810,Ahmaad Rorie made Free Throw.,27,28,-1,0,0.40258560862699483,0.46669493694698744,Idaho,Montana,4,4,-1.9,400991347,2018-02-17
37,1,5:10,1510,1810,Ahmaad Rorie made Free Throw.,27,29,-2,24,0.37095523304291755,0.4336841114500841,Idaho,Montana,4,4,-1.9,400991347,2018-02-17
38,1,4:46,1486,1786,Michael Oguine Defensive Rebound.,27,29,-2,16,0.37065577211175266,0.43296942998064725,Idaho,Montana,4,4,-1.9,400991347,2018-02-17
39,1,4:30,1470,1770,Brayon Blake Steal.,27,29,-2,43,0.37043677964613547,0.432473304584028,Idaho,Montana,4,4,-1.9,400991347,2018-02-17
40,1,3:47,1427,1727,Victor Sanders made Free Throw.,30,31,-1,0,0.4026623128127676,0.4653770962663276,Idaho,Montana,4,4,-1.9,400991347,2018-02-17
41,1,3:47,1427,1727,Victor Sanders made Free Throw.,31,31,0,18,0.43642824039768024,0.5,Idaho,Montana,4,4,-1.9,400991347,2018-02-17
42,1,3:29,1409,1709,Perrion Callandret Defensive Rebound.,31,31,0,11,0.4367337572346233,0.5,Idaho,Montana,4,4,-1.9,400991347,2018-02-17
43,1,3:18,1398,1698,Timmy Falls Steal.,31,31,0,4,0.4369225347291135,0.5,Idaho,Montana,4,4,-1.9,400991347,2018-02-17
44,1,3:14,1394,1694,Brayon Blake Defensive Rebound.,31,31,0,30,0.43699154069051827,0.5,Idaho,Montana,4,4,-1.9,400991347,2018-02-17
45,1,2:44,1364,1664,Jamar Akoh Defensive Rebound.,31,31,0,23,0.4375144967016167,0.5,Idaho,Montana,4,4,-1.9,400991347,2018-02-17
46,1,2:21,1341,1641,Perrion Callandret Steal.,31,31,0,7,0.43792083351362615,0.5,Idaho,Montana,4,4,-1.9,400991347,2018-02-17
47,1,2:14,1334,1634,Jamar Akoh Defensive Rebound.,31,31,0,28,0.4380452392722569,0.5,Idaho,Montana,4,4,-1.9,400991347,2018-02-17
48,1,1:46,1306,1606,Jamar Akoh Defensive Rebound.,31,33,-2,56,0.36828561048897845,0.4273891967384899,Idaho,Montana,4,4,-1.9,400991347,2018-02-17
49,1,0:50,1250,1550,Arkadiy Mkrtychyan Defensive Rebound.,31,35,-4,7,0.3007747792411563,0.35419976786628665,Idaho,Montana,4,4,-1.9,400991347,2018-02-17
50,1,0:43,1243,1543,Brayon Blake made Free Throw.,32,35,-3,0,0.3330235606387578,0.38886878560958904,Idaho,Montana,4,4,-1.9,400991347,2018-02-17
51,1,0:43,1243,1543,Brayon Blake made Free Throw.,33,35,-2,5,0.3672920630717757,0.425220211868628,Idaho,Montana,4,4,-1.9,400991347,2018-02-17
52,1,0:38,1238,1538,Perrion Callandret Defensive Rebound.,33,35,-2,38,0.3671964083096824,0.4250306163808661,Idaho,Montana,4,4,-1.9,400991347,2018-02-17
53,1,0:00,1200,1500,Idaho Deadball Team Rebound.,35,35,0,0,0.44044539233017316,0.5,Idaho,Montana,4,4,-1.9,400991347,2018-02-17
54,1,0:00,1200,1500,End of 1st half,35,35,0,0,0.44044539233017316,0.5,Idaho,Montana,4,4,-1.9,400991347,2018-02-17
55,2,20:00,1200,1500,PLAY,35,35,0,60,0.44044539233017316,0.5,Idaho,Montana,4,4,-1.9,400991347,2018-02-17
56,2,19:00,1140,1440,Nate Sherwood Defensive Rebound.,37,37,0,90,0.44149651991039035,0.5,Idaho,Montana,4,4,-1.9,400991347,2018-02-17
57,2,17:30,1050,1350,Jamar Akoh Steal.,40,39,1,141,0.4844631281976118,0.5415397105050019,Idaho,Montana,4,4,-1.9,400991347,2018-02-17
58,2,15:09,909,1209,Nate Sherwood Defensive Rebound.,52,44,8,8,0.7736458447264306,0.8096187790355404,Idaho,Montana,4,4,-1.9,400991347,2018-02-17
59,2,15:01,901,1201,Montana Deadball Team Rebound.,52,44,8,33,0.7747346206313034,0.8104975349916564,Idaho,Montana,4,4,-1.9,400991347,2018-02-17
60,2,14:28,868,1168,Timmy Falls missed Free Throw.,52,44,8,0,0.7791012847700731,0.8140211049113858,Idaho,Montana,4,4,-1.9,400991347,2018-02-17
61,2,14:28,868,1168,Montana Deadball Team Rebound.,52,44,8,0,0.7791012847700731,0.8140211049113858,Idaho,Montana,4,4,-1.9,400991347,2018-02-17
62,2,14:28,868,1168,Timmy Falls made Free Throw.,52,45,7,0,0.7457159141713194,0.7844532164369811,Idaho,Montana,4,4,-1.9,400991347,2018-02-17
63,2,14:28,868,1168,Timmy Falls missed Free Throw.,52,45,7,0,0.7457159141713194,0.7844532164369811,Idaho,Montana,4,4,-1.9,400991347,2018-02-17
64,2,14:28,868,1168,Brayon Blake Defensive Rebound.,52,45,7,12,0.7457159141713194,0.7844532164369811,Idaho,Montana,4,4,-1.9,400991347,2018-02-17
65,2,14:16,856,1156,Jamar Akoh Defensive Rebound.,52,45,7,45,0.7472710554824581,0.7857123523138013,Idaho,Montana,4,4,-1.9,400991347,2018-02-17
66,2,13:31,811,1111,Arkadiy Mkrtychyan made Free Throw.,53,47,6,0,0.7166099844335154,0.7576708521566251,Idaho,Montana,4,4,-1.9,400991347,2018-02-17
67,2,13:31,811,1111,Arkadiy Mkrtychyan made Free Throw.,54,47,7,18,0.7535617788208396,0.7908313990336792,Idaho,Montana,4,4,-1.9,400991347,2018-02-17
68,2,13:13,793,1093,Chad Sherwood Defensive Rebound.,54,47,7,34,0.756428365570526,0.7931795967780942,Idaho,Montana,4,4,-1.9,400991347,2018-02-17
69,2,12:39,759,1059,Montana Deadball Team Rebound.,54,47,7,73,0.7626689308915571,0.7983200775518665,Idaho,Montana,4,4,-1.9,400991347,2018-02-17
70,2,11:26,686,986,Jamar Akoh Offensive Rebound.,56,50,6,29,0.7401189125643126,0.7771037808397008,Idaho,Montana,4,4,-1.9,400991347,2018-02-17
71,2,10:57,657,957,Jamar Akoh Defensive Rebound.,56,52,4,24,0.6566232568434545,0.7001858790337311,Idaho,Montana,4,4,-1.9,400991347,2018-02-17
72,2,10:33,633,933,Ahmaad Rorie made Free Throw.,56,53,3,0,0.6102068809302469,0.6561254273862219,Idaho,Montana,4,4,-1.9,400991347,2018-02-17
73,2,10:33,633,933,Ahmaad Rorie made Free Throw.,56,54,2,19,0.5579443834608523,0.6060447879572949,Idaho,Montana,4,4,-1.9,400991347,2018-02-17
74,2,10:14,614,914,Bobby Moorehead Steal.,56,54,2,4,0.5597790480781861,0.607425098843964,Idaho,Montana,4,4,-1.9,400991347,2018-02-17
75,2,10:10,610,910,Trevon Allen Defensive Rebound.,56,54,2,11,0.5601905396430996,0.6077375416106916,Idaho,Montana,4,4,-1.9,400991347,2018-02-17
76,2,9:59,599,899,Trevon Allen made Free Throw.,59,54,5,47,0.7128349607930984,0.7510195414563527,Idaho,Montana,4,4,-1.9,400991347,2018-02-17
77,2,9:12,552,852,Trevon Allen made Free Throw.,60,56,4,0,0.6759259667607463,0.7160888345818271,Idaho,Montana,4,4,-1.9,400991347,2018-02-17
78,2,9:12,552,852,Trevon Allen missed Free Throw.,60,56,4,1,0.6759259667607463,0.7160888345818271,Idaho,Montana,4,4,-1.9,400991347,2018-02-17
79,2,9:11,551,851,Montana Defensive Rebound.,60,56,4,45,0.6761912199130702,0.7163118756618977,Idaho,Montana,4,4,-1.9,400991347,2018-02-17
80,2,8:26,506,806,Brayon Blake Defensive Rebound.,60,58,2,9,0.5740785619567973,0.6185867594952554,Idaho,Montana,4,4,-1.9,400991347,2018-02-17
81,2,8:17,497,797,Fabijan Krslovic Steal.,60,58,2,47,0.5751902010221499,0.6194345202090245,Idaho,Montana,4,4,-1.9,400991347,2018-02-17
82,2,7:30,450,750,Michael Oguine Offensive Rebound.,63,60,3,4,0.642577897629178,0.6824990404712643,Idaho,Montana,4,4,-1.9,400991347,2018-02-17
83,2,7:26,446,746,Jordan Scott Block.,63,60,3,3,0.6435944927179874,0.6833470333217594,Idaho,Montana,4,4,-1.9,400991347,2018-02-17
84,2,7:23,443,743,Brayon Blake Defensive Rebound.,63,60,3,18,0.6443910747248884,0.6840135202428261,Idaho,Montana,4,4,-1.9,400991347,2018-02-17
85,2,7:05,425,725,Ahmaad Rorie Defensive Rebound.,63,60,3,15,0.6497878756552138,0.6885609321070836,Idaho,Montana,4,4,-1.9,400991347,2018-02-17
86,2,6:50,410,710,Nate Sherwood Defensive Rebound.,63,60,3,14,0.6542401051271518,0.6922747795944373,Idaho,Montana,4,4,-1.9,400991347,2018-02-17
87,2,6:36,396,696,Bobby Moorehead Defensive Rebound.,63,60,3,18,0.6582055239045165,0.6955406300777267,Idaho,Montana,4,4,-1.9,400991347,2018-02-17
88,2,6:18,378,678,Michael Oguine Offensive Rebound.,63,60,3,3,0.6633422618355097,0.6997467102608895,Idaho,Montana,4,4,-1.9,400991347,2018-02-17
89,2,6:15,375,675,Michael Oguine made Free Throw.,63,61,2,0,0.5984491960298152,0.6379236431056533,Idaho,Montana,4,4,-1.9,400991347,2018-02-17
90,2,6:15,375,675,Michael Oguine made Free Throw.,63,62,1,43,0.5289241304416695,0.5703260959646347,Idaho,Montana,4,4,-1.9,400991347,2018-02-17
91,2,5:32,332,632,Michael Oguine missed Free Throw.,66,62,4,0,0.7413749812148722,0.7707698272757393,Idaho,Montana,4,4,-1.9,400991347,2018-02-17
92,2,5:32,332,632,Brayon Blake Defensive Rebound.,66,62,4,16,0.7413749812148722,0.7707698272757393,Idaho,Montana,4,4,-1.9,400991347,2018-02-17
93,2,5:16,316,616,Bobby Moorehead Steal.,66,62,4,10,0.7496212973822586,0.7778176183656033,Idaho,Montana,4,4,-1.9,400991347,2018-02-17
94,2,5:06,306,606,Brayon Blake Defensive Rebound.,66,62,4,23,0.7551528474805678,0.7825640840408896,Idaho,Montana,4,4,-1.9,400991347,2018-02-17
95,2,4:43,283,583,Sayeed Pridgett made Free Throw.,68,63,5,0,0.8135198407215156,0.8351879718041427,Idaho,Montana,4,4,-1.9,400991347,2018-02-17
96,2,4:43,283,583,Sayeed Pridgett missed Free Throw.,68,63,5,0,0.8135198407215156,0.8351879718041427,Idaho,Montana,4,4,-1.9,400991347,2018-02-17
97,2,4:43,283,583,Arkadiy Mkrtychyan Defensive Rebound.,68,63,5,20,0.8135198407215156,0.8351879718041427,Idaho,Montana,4,4,-1.9,400991347,2018-02-17
98,2,4:23,263,563,Victor Sanders missed Free Throw.,68,63,5,0,0.8104758725038567,0.8318663845176205,Idaho,Montana,4,4,-1.9,400991347,2018-02-17
99,2,4:23,263,563,Fabijan Krslovic Defensive Rebound.,68,63,5,21,0.8104758725038567,0.8318663845176205,Idaho,Montana,4,4,-1.9,400991347,2018-02-17
100,2,4:02,242,542,Nate Sherwood Steal.,68,63,5,14,0.8071124478490096,0.8281837470632057,Idaho,Montana,4,4,-1.9,400991347,2018-02-17
101,2,3:48,228,528,Fabijan Krslovic Offensive Rebound.,68,63,5,36,0.8080023605907928,0.8285628659996469,Idaho,Montana,4,4,-1.9,400991347,2018-02-17
102,2,3:12,192,492,Idaho Defensive Rebound.,68,65,3,19,0.715587458769107,0.741216791817137,Idaho,Montana,4,4,-1.9,400991347,2018-02-17
103,2,2:53,173,473,Fabijan Krslovic Defensive Rebound.,68,65,3,113,0.740345216017307,0.7635439435870353,Idaho,Montana,4,4,-1.9,400991347,2018-02-17
104,2,1:00,60,360,Ahmaad Rorie Defensive Rebound.,71,70,1,14,0.6700352170835762,0.6892784104613846,Idaho,Montana,4,4,-1.9,400991347,2018-02-17
105,2,0:46,46,346,Fabijan Krslovic made Free Throw.,71,71,0,0,0.47920677129487904,0.5,Idaho,Montana,4,4,-1.9,400991347,2018-02-17
106,2,0:46,46,346,Fabijan Krslovic missed Free Throw.,71,71,0,0,0.47920677129487904,0.5,Idaho,Montana,4,4,-1.9,400991347,2018-02-17
107,2,0:46,46,346,Brayon Blake Defensive Rebound.,71,71,0,24,0.47920677129487904,0.5,Idaho,Montana,4,4,-1.9,400991347,2018-02-17
108,2,0:22,22,322,Jamar Akoh Block.,71,71,0,2,0.48152320197068016,0.5,Idaho,Montana,4,4,-1.9,400991347,2018-02-17
109,2,0:20,20,320,Ahmaad Rorie Defensive Rebound.,71,71,0,20,0.48172160223319654,0.5,Idaho,Montana,4,4,-1.9,400991347,2018-02-17
110,2,0:00,300,300,Bobby Moorehead Offensive Rebound.,71,71,0,0,0.46177892581121005,0.5,Idaho,Montana,4,4,-1.9,400991347,2018-02-17
111,2,0:00,300,300,Montana Deadball Team Rebound.,71,71,0,0,0.46177892581121005,0.5,Idaho,Montana,4,4,-1.9,400991347,2018-02-17
112,2,0:00,300,300,End of 2nd half,71,71,0,0,0.46177892581121005,0.5,Idaho,Montana,4,4,-1.9,400991347,2018-02-17
113,3,5:00,300,300,PLAY,71,71,0,23,0.46177892581121005,0.5,Idaho,Montana,5,5,-1.9,400991347,2018-02-17
114,3,4:37,277,277,Fabijan Krslovic Offensive Rebound.,71,71,0,3,0.4629147245988878,0.5,Idaho,Montana,5,5,-1.9,400991347,2018-02-17
115,3,4:34,274,274,Brayon Blake Defensive Rebound.,71,71,0,25,0.46306330296580445,0.5,Idaho,Montana,5,5,-1.9,400991347,2018-02-17
116,3,4:09,249,249,Idaho Offensive Rebound.,71,71,0,9,0.4643278889916962,0.5,Idaho,Montana,5,5,-1.9,400991347,2018-02-17
117,3,4:00,240,240,Fabijan Krslovic Defensive Rebound.,71,71,0,15,0.4648018583793503,0.5,Idaho,Montana,5,5,-1.9,400991347,2018-02-17
118,3,3:45,225,225,Michael Oguine made Free Throw.,71,72,-1,0,0.38849541687889394,0.42166946400868704,Idaho,Montana,5,5,-1.9,400991347,2018-02-17
119,3,3:45,225,225,Michael Oguine made Free Throw.,71,73,-2,18,0.31657323518150193,0.34709170902666336,Idaho,Montana,5,5,-1.9,400991347,2018-02-17
120,3,3:27,207,207,Trevon Allen missed Free Throw.,71,73,-2,0,0.31219164310226427,0.34154232703823945,Idaho,Montana,5,5,-1.9,400991347,2018-02-17
121,3,3:27,207,207,Jordan Scott Offensive Rebound.,71,73,-2,20,0.31219164310226427,0.34154232703823945,Idaho,Montana,5,5,-1.9,400991347,2018-02-17
122,3,3:07,187,187,Brayon Blake made Free Throw.,74,73,1,16,0.5579330195362148,0.5892963252820602,Idaho,Montana,5,5,-1.9,400991347,2018-02-17
123,3,2:51,171,171,Jamar Akoh missed Free Throw.,74,73,1,0,0.5673884641907662,0.5975080136602755,Idaho,Montana,5,5,-1.9,400991347,2018-02-17
124,3,2:51,171,171,Montana Deadball Team Rebound.,74,73,1,0,0.5673884641907662,0.5975080136602755,Idaho,Montana,5,5,-1.9,400991347,2018-02-17
125,3,2:51,171,171,Jamar Akoh made Free Throw.,74,74,0,29,0.4690674293244352,0.5,Idaho,Montana,5,5,-1.9,400991347,2018-02-17
126,3,2:22,142,142,Fabijan Krslovic Defensive Rebound.,74,74,0,68,0.47114487749295303,0.5,Idaho,Montana,5,5,-1.9,400991347,2018-02-17
127,3,1:14,74,74,Fabijan Krslovic missed Free Throw.,77,74,3,0,0.8889676391143416,0.8978601389358194,Idaho,Montana,5,5,-1.9,400991347,2018-02-17
128,3,1:14,74,74,Montana Deadball Team Rebound.,77,74,3,0,0.8889676391143416,0.8978601389358194,Idaho,Montana,5,5,-1.9,400991347,2018-02-17
129,3,1:14,74,74,Fabijan Krslovic made Free Throw.,77,75,2,30,0.7950570218229401,0.809862065721884,Idaho,Montana,5,5,-1.9,400991347,2018-02-17
130,3,0:44,44,44,Bobby Moorehead Defensive Rebound.,77,75,2,44,0.8441931420265599,0.8547348038593043,Idaho,Montana,5,5,-1.9,400991347,2018-02-17
131,3,0:00,0,0,Nate Sherwood Offensive Rebound.,77,77,0,0,NA,NA,Idaho,Montana,5,5,-1.9,400991347,2018-02-17
132,3,0:00,0,0,End of 1st overtime,77,77,0,0,NA,NA,Idaho,Montana,5,5,-1.9,400991347,2018-02-17
133,3,0:00,0,0,End of Game,79,77,2,0,1,1,Idaho,Montana,5,5,-1.9,400991347,2018-02-17
