play_id,half,time_remaining_half,secs_remaining,secs_remaining_absolute,description,home_score,away_score,score_diff,play_length,win_prob,naive_win_prob,home,away,home_time_out_remaining,away_time_out_remaining,home_favored_by,game_id,date
1,1,20:00,2400,2400,PLAY,0,0,0,22,0.5950867763299396,0.5,Boston University,Navy,4,4,2.4,400992008,2018-02-17
2,1,19:38,2378,2378,Nick Havener Defensive Rebound.,0,0,0,30,0.5948816124295158,0.5,Boston University,Navy,4,4,2.4,400992008,2018-02-17
3,1,19:08,2348,2348,Tom Lacey Defensive Rebound.,0,0,0,27,0.5945929527652813,0.5,Boston University,Navy,4,4,2.4,400992008,2018-02-17
4,1,18:41,2321,2321,Evan Wieck missed Free Throw.,0,0,0,0,0.5943240650869178,0.5,Boston University,Navy,4,4,2.4,400992008,2018-02-17
5,1,18:41,2321,2321,Navy Deadball Team Rebound.,0,0,0,34,0.5943240650869178,0.5,Boston University,Navy,4,4,2.4,400992008,2018-02-17
6,1,18:07,2287,2287,Shawn Anderson made Free Throw.,3,1,2,0,0.6380381502919191,0.5464770070814524,Boston University,Navy,4,4,2.4,400992008,2018-02-17
7,1,18:07,2287,2287,Shawn Anderson missed Free Throw.,3,1,2,0,0.6380381502919191,0.5464770070814524,Boston University,Navy,4,4,2.4,400992008,2018-02-17
8,1,18:07,2287,2287,Tyler Scanlon Defensive Rebound.,3,1,2,27,0.6380381502919191,0.5464770070814524,Boston University,Navy,4,4,2.4,400992008,2018-02-17
9,1,17:40,2260,2260,Tom Lacey Steal.,3,1,2,13,0.6383260726781425,0.5470834862749095,Boston University,Navy,4,4,2.4,400992008,2018-02-17
10,1,17:27,2247,2247,Nick Havener Defensive Rebound.,3,1,2,30,0.6384634894692195,0.5473776731412484,Boston University,Navy,4,4,2.4,400992008,2018-02-17
11,1,16:57,2217,2217,Nick Havener Defensive Rebound.,3,1,2,41,0.6387766413877114,0.5480611790931701,Boston University,Navy,4,4,2.4,400992008,2018-02-17
12,1,16:16,2176,2176,Shawn Anderson made Free Throw.,5,2,3,0,0.6615448953958424,0.5732120191781188,Boston University,Navy,4,4,2.4,400992008,2018-02-17
13,1,16:16,2176,2176,Shawn Anderson made Free Throw.,5,3,2,19,0.6391930863726457,0.5490035742376568,Boston University,Navy,4,4,2.4,400992008,2018-02-17
14,1,15:57,2157,2157,Evan Wieck Block.,5,3,2,4,0.6393808854603592,0.5494429884505517,Boston University,Navy,4,4,2.4,400992008,2018-02-17
15,1,15:53,2153,2153,Bryce Dulin Defensive Rebound.,5,3,2,55,0.6394201339503262,0.5495358270404799,Boston University,Navy,4,4,2.4,400992008,2018-02-17
16,1,14:58,2098,2098,Will Goff Defensive Rebound.,8,6,2,51,0.6399520312970814,0.5508259122440117,Boston University,Navy,4,4,2.4,400992008,2018-02-17
17,1,14:07,2047,2047,Cedric Hankerson Defensive Rebound.,8,6,2,28,0.6404366070065517,0.5520480805352422,Boston University,Navy,4,4,2.4,400992008,2018-02-17
18,1,13:39,2019,2019,Tyler Riemersma Defensive Rebound.,8,6,2,15,0.6407012564978047,0.552731330615089,Boston University,Navy,4,4,2.4,400992008,2018-02-17
19,1,13:24,2004,2004,Max Mahoney Block.,8,6,2,2,0.6408430645762163,0.5531012689598908,Boston University,Navy,4,4,2.4,400992008,2018-02-17
20,1,13:22,2002,2002,Navy Offensive Rebound.,8,6,2,9,0.6408619850115524,0.5531508087749818,Boston University,Navy,4,4,2.4,400992008,2018-02-17
21,1,13:13,1993,1993,Tom Lacey missed Free Throw.,8,6,2,0,0.640947182466142,0.5533743774178698,Boston University,Navy,4,4,2.4,400992008,2018-02-17
22,1,13:13,1993,1993,Navy Deadball Team Rebound.,8,6,2,0,0.640947182466142,0.5533743774178698,Boston University,Navy,4,4,2.4,400992008,2018-02-17
23,1,13:13,1993,1993,Tom Lacey made Free Throw.,8,7,1,78,0.6159328463483313,0.5267636521026683,Boston University,Navy,4,4,2.4,400992008,2018-02-17
24,1,11:55,1915,1915,Tyler Scanlon Defensive Rebound.,12,9,3,9,0.666829642546515,0.5826128093336287,Boston University,Navy,4,4,2.4,400992008,2018-02-17
25,1,11:46,1906,1906,Tyler Riemersma Defensive Rebound.,12,9,3,21,0.6670144447714651,0.5829546754247377,Boston University,Navy,4,4,2.4,400992008,2018-02-17
26,1,11:25,1885,1885,Max Mahoney Steal.,12,9,3,56,0.6674406402119295,0.5837516499530961,Boston University,Navy,4,4,2.4,400992008,2018-02-17
27,1,10:29,1829,1829,Shawn Anderson Defensive Rebound.,14,12,2,14,0.6424489406544608,0.5575741750919104,Boston University,Navy,4,4,2.4,400992008,2018-02-17
28,1,10:15,1815,1815,Tyler Scanlon Defensive Rebound.,14,12,2,67,0.6425677051834463,0.5579395809601588,Boston University,Navy,4,4,2.4,400992008,2018-02-17
29,1,9:08,1748,1748,Evan Wieck Offensive Rebound.,16,14,2,7,0.643145593226643,0.5597287177246654,Boston University,Navy,4,4,2.4,400992008,2018-02-17
30,1,9:01,1741,1741,Mo Lewis Offensive Rebound.,16,14,2,2,0.643208254634432,0.559920660776407,Boston University,Navy,4,4,2.4,400992008,2018-02-17
31,1,8:59,1739,1739,Mo Lewis made Free Throw.,16,15,1,0,0.6151146286114442,0.5300965073868849,Boston University,Navy,4,4,2.4,400992008,2018-02-17
32,1,8:59,1739,1739,Mo Lewis made Free Throw.,16,16,0,30,0.5862128759049504,0.5,Boston University,Navy,4,4,2.4,400992008,2018-02-17
33,1,8:29,1709,1709,Navy Deadball Team Rebound.,16,16,0,26,0.5856816073944406,0.5,Boston University,Navy,4,4,2.4,400992008,2018-02-17
34,1,8:03,1683,1683,Nick Havener Block.,16,16,0,1,0.5852148739622595,0.5,Boston University,Navy,4,4,2.4,400992008,2018-02-17
35,1,8:02,1682,1682,Mo Lewis Offensive Rebound.,16,16,0,14,0.5851966769150334,0.5,Boston University,Navy,4,4,2.4,400992008,2018-02-17
36,1,7:48,1668,1668,Max Mahoney missed Free Throw.,16,18,-2,0,0.5234504175968846,0.43801764110240904,Boston University,Navy,4,4,2.4,400992008,2018-02-17
37,1,7:48,1668,1668,Boston University Deadball Team Rebound.,16,18,-2,0,0.5234504175968846,0.43801764110240904,Boston University,Navy,4,4,2.4,400992008,2018-02-17
38,1,7:48,1668,1668,Max Mahoney made Free Throw.,17,18,-1,30,0.5544028204442168,0.4688888345285061,Boston University,Navy,4,4,2.4,400992008,2018-02-17
39,1,7:18,1638,1638,Bryce Dulin Defensive Rebound.,17,20,-3,40,0.490472697972892,0.40640414355080734,Boston University,Navy,4,4,2.4,400992008,2018-02-17
40,1,6:38,1598,1598,Bryce Dulin Steal.,17,22,-5,20,0.4243668283285017,0.34471322751741623,Boston University,Navy,4,4,2.4,400992008,2018-02-17
41,1,6:18,1578,1578,Shawn Anderson Steal.,17,24,-7,30,0.3609752269661454,0.28762300583797284,Boston University,Navy,4,4,2.4,400992008,2018-02-17
42,1,5:48,1548,1548,Mo Lewis Defensive Rebound.,17,26,-9,19,0.2999013630515369,0.23486215973520141,Boston University,Navy,4,4,2.4,400992008,2018-02-17
43,1,5:29,1529,1529,Max Mahoney Defensive Rebound.,17,26,-9,26,0.29752622674739215,0.23312018369749007,Boston University,Navy,4,4,2.4,400992008,2018-02-17
44,1,5:03,1503,1503,Max Mahoney made Free Throw.,18,26,-8,0,0.3227333761268641,0.25527308275173266,Boston University,Navy,4,4,2.4,400992008,2018-02-17
45,1,5:03,1503,1503,Max Mahoney made Free Throw.,19,26,-7,24,0.35265182665160794,0.2815374211605467,Boston University,Navy,4,4,2.4,400992008,2018-02-17
46,1,4:39,1479,1479,Tyler Scanlon Steal.,19,26,-7,5,0.34983042154881056,0.2794531492915913,Boston University,Navy,4,4,2.4,400992008,2018-02-17
47,1,4:34,1474,1474,Hasan Abdullah Steal.,19,26,-7,29,0.3492291555331804,0.2790068563133949,Boston University,Navy,4,4,2.4,400992008,2018-02-17
48,1,4:05,1445,1445,Tom Lacey Defensive Rebound.,19,28,-9,31,0.2863206677144825,0.22481585607409454,Boston University,Navy,4,4,2.4,400992008,2018-02-17
49,1,3:34,1414,1414,Bryce Dulin Defensive Rebound.,19,28,-9,87,0.2821039807148936,0.2216855626259444,Boston University,Navy,4,4,2.4,400992008,2018-02-17
50,1,2:07,1327,1327,Tyler Scanlon Offensive Rebound.,19,30,-11,24,0.2175456981934171,0.16881649276405009,Boston University,Navy,4,4,2.4,400992008,2018-02-17
51,1,1:43,1303,1303,Nick Havener Defensive Rebound.,22,30,-8,51,0.29738047215334157,0.23656365346904581,Boston University,Navy,4,4,2.4,400992008,2018-02-17
52,1,0:52,1252,1252,Tyler Scanlon Defensive Rebound.,25,30,-5,5,0.39104364299971067,0.320813389018999,Boston University,Navy,4,4,2.4,400992008,2018-02-17
53,1,0:47,1247,1247,Kamali Chambers missed Free Throw.,25,30,-5,0,0.3904854430164827,0.3204029801056483,Boston University,Navy,4,4,2.4,400992008,2018-02-17
54,1,0:47,1247,1247,Boston University Deadball Team Rebound.,25,30,-5,0,0.3904854430164827,0.3204029801056483,Boston University,Navy,4,4,2.4,400992008,2018-02-17
55,1,0:47,1247,1247,Kamali Chambers made Free Throw.,26,30,-4,15,0.4268076164134624,0.3539922705125843,Boston University,Navy,4,4,2.4,400992008,2018-02-17
56,1,0:32,1232,1232,Shawn Anderson made Free Throw.,26,31,-5,0,0.38876879323638364,0.319132961605548,Boston University,Navy,4,4,2.4,400992008,2018-02-17
57,1,0:32,1232,1232,Shawn Anderson missed Free Throw.,26,31,-5,0,0.38876879323638364,0.319132961605548,Boston University,Navy,4,4,2.4,400992008,2018-02-17
58,1,0:32,1232,1232,Tyler Riemersma Offensive Rebound.,26,31,-5,29,0.38876879323638364,0.319132961605548,Boston University,Navy,4,4,2.4,400992008,2018-02-17
59,1,0:03,1203,1203,Tyler Scanlon Steal.,26,31,-5,3,0.3852639500546467,0.3165051325909943,Boston University,Navy,4,4,2.4,400992008,2018-02-17
60,1,0:00,1200,1200,Navy Defensive Rebound.,26,31,-5,0,0.3848985630934116,0.3162303721963287,Boston University,Navy,4,4,2.4,400992008,2018-02-17
61,1,0:00,1200,1200,End of 1st half,26,31,-5,0,0.3848985630934116,0.3162303721963287,Boston University,Navy,4,4,2.4,400992008,2018-02-17
62,2,20:00,1200,1200,PLAY,26,31,-5,48,0.3848985630934116,0.3162303721963287,Boston University,Navy,4,4,2.4,400992008,2018-02-17
63,2,19:12,1152,1152,Max Mahoney made Free Throw.,27,31,-4,0,0.41713815681296906,0.3469304076089867,Boston University,Navy,4,4,2.4,400992008,2018-02-17
64,2,19:12,1152,1152,Max Mahoney made Free Throw.,28,31,-3,21,0.4560157783671039,0.3835707140167073,Boston University,Navy,4,4,2.4,400992008,2018-02-17
65,2,18:51,1131,1131,Tom Lacey missed Free Throw.,28,31,-3,0,0.4543121063805242,0.3823896074394532,Boston University,Navy,4,4,2.4,400992008,2018-02-17
66,2,18:51,1131,1131,Navy Deadball Team Rebound.,28,31,-3,0,0.4543121063805242,0.3823896074394532,Boston University,Navy,4,4,2.4,400992008,2018-02-17
67,2,18:51,1131,1131,Tom Lacey made Free Throw.,28,32,-4,21,0.41506424412243326,0.34542202988770526,Boston University,Navy,4,4,2.4,400992008,2018-02-17
68,2,18:30,1110,1110,Max Mahoney Offensive Rebound.,28,32,-4,34,0.4129849317714013,0.3439085831984986,Boston University,Navy,4,4,2.4,400992008,2018-02-17
69,2,17:56,1076,1076,Boston University Defensive Rebound.,30,32,-2,47,0.49067381618050615,0.41859246309476134,Boston University,Navy,4,4,2.4,400992008,2018-02-17
70,2,17:09,1029,1029,Kamali Chambers Steal.,33,32,1,26,0.6119382919006526,0.5420230677951058,Boston University,Navy,4,4,2.4,400992008,2018-02-17
71,2,16:43,1003,1003,Tom Lacey Offensive Rebound.,33,32,1,41,0.6119812359810907,0.5426674551758812,Boston University,Navy,4,4,2.4,400992008,2018-02-17
72,2,16:02,962,962,Evan Wieck Defensive Rebound.,33,34,-1,9,0.5262221000112235,0.4561950318688558,Boston University,Navy,4,4,2.4,400992008,2018-02-17
73,2,15:53,953,953,Shawn Anderson made Free Throw.,33,35,-2,0,0.4816336283311587,0.4125778571644174,Boston University,Navy,4,4,2.4,400992008,2018-02-17
74,2,15:53,953,953,Shawn Anderson made Free Throw.,33,36,-3,75,0.43778462346909713,0.37052197891901506,Boston University,Navy,4,4,2.4,400992008,2018-02-17
75,2,14:38,878,878,Mo Lewis Defensive Rebound.,35,39,-4,8,0.386714222925315,0.3241695057197205,Boston University,Navy,4,4,2.4,400992008,2018-02-17
76,2,14:30,870,870,Nick Havener Block.,35,39,-4,3,0.3859002288853415,0.3235568124464427,Boston University,Navy,4,4,2.4,400992008,2018-02-17
77,2,14:27,867,867,Javante McCoy Defensive Rebound.,35,39,-4,11,0.3855938458676359,0.3233259782934749,Boston University,Navy,4,4,2.4,400992008,2018-02-17
78,2,14:16,856,856,Tyler Scanlon Offensive Rebound.,35,39,-4,9,0.38446040886916605,0.322470626147266,Boston University,Navy,4,4,2.4,400992008,2018-02-17
79,2,14:07,847,847,Tyler Scanlon made Free Throw.,36,39,-3,0,0.4284387313337346,0.363712479480306,Boston University,Navy,4,4,2.4,400992008,2018-02-17
80,2,14:07,847,847,Tyler Scanlon missed Free Throw.,36,39,-3,0,0.4284387313337346,0.363712479480306,Boston University,Navy,4,4,2.4,400992008,2018-02-17
81,2,14:07,847,847,Tyler Riemersma Defensive Rebound.,36,39,-3,13,0.4284387313337346,0.363712479480306,Boston University,Navy,4,4,2.4,400992008,2018-02-17
82,2,13:54,834,834,Tyler Riemersma Offensive Rebound.,36,39,-3,5,0.4272821110259679,0.3628626374241329,Boston University,Navy,4,4,2.4,400992008,2018-02-17
83,2,13:49,829,829,Mo Lewis Offensive Rebound.,36,39,-3,1,0.42682413837118294,0.36252457210074673,Boston University,Navy,4,4,2.4,400992008,2018-02-17
84,2,13:48,828,828,Mo Lewis made Free Throw.,36,40,-4,0,0.3814404028265164,0.32017674908586063,Boston University,Navy,4,4,2.4,400992008,2018-02-17
85,2,13:48,828,828,Mo Lewis made Free Throw.,36,41,-5,12,0.33812102285887785,0.28065809896895766,Boston University,Navy,4,4,2.4,400992008,2018-02-17
86,2,13:36,816,816,Sukhmail Mathon Offensive Rebound.,36,41,-5,20,0.3365326374681671,0.2794268422477317,Boston University,Navy,4,4,2.4,400992008,2018-02-17
87,2,13:16,796,796,Tom Lacey Defensive Rebound.,36,41,-5,32,0.33368283955278405,0.27720452558115855,Boston University,Navy,4,4,2.4,400992008,2018-02-17
88,2,12:44,764,764,Bryce Dulin Defensive Rebound.,36,43,-7,24,0.24844688996571512,0.20250244555927355,Boston University,Navy,4,4,2.4,400992008,2018-02-17
89,2,12:20,740,740,Sukhmail Mathon Defensive Rebound.,36,43,-7,30,0.24314563297261624,0.19831617732997966,Boston University,Navy,4,4,2.4,400992008,2018-02-17
90,2,11:50,710,710,Tom Lacey Steal.,36,43,-7,4,0.23605348841527327,0.19271227877833078,Boston University,Navy,4,4,2.4,400992008,2018-02-17
91,2,11:46,706,706,Sukhmail Mathon Defensive Rebound.,36,43,-7,101,0.2352000619071496,0.1920425489793682,Boston University,Navy,4,4,2.4,400992008,2018-02-17
92,2,10:05,605,605,Tyler Scanlon Offensive Rebound.,40,48,-8,6,0.18076536603597668,0.14703872274236765,Boston University,Navy,4,4,2.4,400992008,2018-02-17
93,2,9:59,599,599,Tyler Scanlon made Two Point Tip Shot.,42,48,-6,21,0.25374753365479286,0.21000940746515465,Boston University,Navy,4,4,2.4,400992008,2018-02-17
94,2,9:38,578,578,Will Goff Steal.,42,48,-6,2,0.248580240434381,0.2059095730201154,Boston University,Navy,4,4,2.4,400992008,2018-02-17
95,2,9:36,576,576,Shawn Anderson Defensive Rebound.,42,48,-6,24,0.24804415477766256,0.2054823355640003,Boston University,Navy,4,4,2.4,400992008,2018-02-17
96,2,9:12,552,552,Navy Deadball Team Rebound.,42,50,-8,41,0.16655443822059265,0.13583935874571518,Boston University,Navy,4,4,2.4,400992008,2018-02-17
97,2,8:31,511,511,Max Mahoney made Free Throw.,43,52,-9,0,0.12646181473918414,0.10275185523768483,Boston University,Navy,4,4,2.4,400992008,2018-02-17
98,2,8:31,511,511,Max Mahoney missed Free Throw.,43,52,-9,0,0.12646181473918414,0.10275185523768483,Boston University,Navy,4,4,2.4,400992008,2018-02-17
99,2,8:31,511,511,Bryce Dulin Defensive Rebound.,43,52,-9,35,0.12646181473918414,0.10275185523768483,Boston University,Navy,4,4,2.4,400992008,2018-02-17
100,2,7:56,476,476,Bryce Dulin Defensive Rebound.,43,54,-11,66,0.07592331629698167,0.06130007007822341,Boston University,Navy,4,4,2.4,400992008,2018-02-17
101,2,6:50,410,410,Cedric Hankerson made Free Throw.,44,56,-12,0,0.04633041624606016,0.03757551893688534,Boston University,Navy,4,4,2.4,400992008,2018-02-17
102,2,6:50,410,410,Cedric Hankerson missed Free Throw.,44,56,-12,0,0.04633041624606016,0.03757551893688534,Boston University,Navy,4,4,2.4,400992008,2018-02-17
103,2,6:50,410,410,Shawn Anderson Defensive Rebound.,44,56,-12,38,0.04633041624606016,0.03757551893688534,Boston University,Navy,4,4,2.4,400992008,2018-02-17
104,2,6:12,372,372,Cedric Hankerson Offensive Rebound.,44,58,-14,27,0.022528472773165695,0.018326080747755134,Boston University,Navy,4,4,2.4,400992008,2018-02-17
105,2,5:45,345,345,Tom Lacey Offensive Rebound.,44,58,-14,10,0.019031124285468593,0.015564289015052048,Boston University,Navy,4,4,2.4,400992008,2018-02-17
106,2,5:35,335,335,Mo Lewis Offensive Rebound.,44,58,-14,32,0.017664373300619256,0.014476763152867205,Boston University,Navy,4,4,2.4,400992008,2018-02-17
107,2,5:03,303,303,Sukhmail Mathon Defensive Rebound.,44,58,-14,15,0.013259480575416399,0.010944138416528257,Boston University,Navy,4,4,2.4,400992008,2018-02-17
108,2,4:48,288,288,Hasan Abdullah Steal.,44,58,-14,2,0.012647749463536308,0.010477127195542798,Boston University,Navy,4,4,2.4,400992008,2018-02-17
109,2,4:46,286,286,Hasan Abdullah missed Free Throw.,44,60,-16,0,0.006646785517592105,0.005503059635281192,Boston University,Navy,4,4,2.4,400992008,2018-02-17
110,2,4:46,286,286,Max Mahoney Defensive Rebound.,44,60,-16,51,0.006646785517592105,0.005503059635281192,Boston University,Navy,4,4,2.4,400992008,2018-02-17
111,2,3:55,235,235,Sukhmail Mathon Block.,46,60,-14,3,0.014453342012919139,0.012139928528500614,Boston University,Navy,4,4,2.4,400992008,2018-02-17
112,2,3:52,232,232,Mo Lewis Offensive Rebound.,46,60,-14,10,0.014400063197722517,0.012105021261203842,Boston University,Navy,4,4,2.4,400992008,2018-02-17
113,2,3:42,222,222,Mo Lewis Steal.,46,62,-16,18,0.007392560700774983,0.006224897098290244,Boston University,Navy,4,4,2.4,400992008,2018-02-17
114,2,3:24,204,204,Sukhmail Mathon Defensive Rebound.,46,62,-16,26,0.005824871410386642,0.0049302528386342874,Boston University,Navy,4,4,2.4,400992008,2018-02-17
115,2,2:58,178,178,Tom Lacey Defensive Rebound.,46,62,-16,19,0.0026752220891060417,0.0022829940931767935,Boston University,Navy,4,4,2.4,400992008,2018-02-17
116,2,2:39,159,159,Andrew Petcash Steal.,46,62,-16,31,0.0013537023584950503,0.0011627878990454568,Boston University,Navy,4,4,2.4,400992008,2018-02-17
117,2,2:08,128,128,Shawn Anderson missed Free Throw.,48,62,-14,0,9.730482737695427e-4,8.455238357458433e-4,Boston University,Navy,4,4,2.4,400992008,2018-02-17
118,2,2:08,128,128,Sukhmail Mathon Defensive Rebound.,48,62,-14,25,9.730482737695427e-4,8.455238357458433e-4,Boston University,Navy,4,4,2.4,400992008,2018-02-17
119,2,1:43,103,103,Shawn Anderson Defensive Rebound.,48,62,-14,57,2.788511738622874e-4,2.447352500773566e-4,Boston University,Navy,4,4,2.4,400992008,2018-02-17
120,2,0:46,46,46,Tyler Scanlon Defensive Rebound.,48,62,-14,10,5.3551482306528934e-6,4.820789766944478e-6,Boston University,Navy,4,4,2.4,400992008,2018-02-17
121,2,0:36,36,36,Hasan Abdullah Defensive Rebound.,48,62,-14,28,2.3129087640544163e-6,2.0921622777628077e-6,Boston University,Navy,4,4,2.4,400992008,2018-02-17
122,2,0:08,8,8,Sukhmail Mathon Defensive Rebound.,48,62,-14,7,1.7336914803950686e-7,1.5904186534461468e-7,Boston University,Navy,4,4,2.4,400992008,2018-02-17
123,2,0:01,1,1,Mo Lewis Defensive Rebound.,48,62,-14,1,8.508927641238805e-8,7.834359271620732e-8,Boston University,Navy,4,4,2.4,400992008,2018-02-17
124,2,0:00,0,0,End of Game,48,62,-14,0,2.712791504821945e-122,2.4977275669152505e-122,Boston University,Navy,4,4,2.4,400992008,2018-02-17
