play_id,half,time_remaining_half,secs_remaining,secs_remaining_absolute,description,home_score,away_score,score_diff,play_length,win_prob,naive_win_prob,home,away,home_time_out_remaining,away_time_out_remaining,home_favored_by,game_id,date
1,1,20:00,2400,2400,PLAY,0,0,0,17,0.9525768434638632,0.5,Belmont,Morehead State,4,4,18.7,400991037,2018-02-17
2,1,19:43,2383,2383,Dylan Windler Offensive Rebound.,0,0,0,6,0.9523454367012752,0.5,Belmont,Morehead State,4,4,18.7,400991037,2018-02-17
3,1,19:37,2377,2377,Malek Green Defensive Rebound.,0,0,0,36,0.9522623772299312,0.5,Belmont,Morehead State,4,4,18.7,400991037,2018-02-17
4,1,19:01,2341,2341,Jordan Walker Steal.,0,2,-2,9,0.9426880966066515,0.45471402389215027,Belmont,Morehead State,4,4,18.7,400991037,2018-02-17
5,1,18:52,2332,2332,Dylan Windler Defensive Rebound.,0,2,-2,8,0.9424888898462038,0.45451780479293763,Belmont,Morehead State,4,4,18.7,400991037,2018-02-17
6,1,18:44,2324,2324,Dylan Windler Offensive Rebound.,0,2,-2,8,0.9423096565648293,0.4543425759993232,Belmont,Morehead State,4,4,18.7,400991037,2018-02-17
7,1,18:36,2316,2316,James Baker Defensive Rebound.,0,2,-2,21,0.9421283659395966,0.4541666112249718,Belmont,Morehead State,4,4,18.7,400991037,2018-02-17
8,1,18:15,2295,2295,Morehead State Offensive Rebound.,0,2,-2,13,0.9416425187976597,0.4537013997188336,Belmont,Morehead State,4,4,18.7,400991037,2018-02-17
9,1,18:02,2282,2282,Dylan Windler Defensive Rebound.,0,2,-2,41,0.9413343846228545,0.45341117649875384,Belmont,Morehead State,4,4,18.7,400991037,2018-02-17
10,1,17:21,2241,2241,Tyler Hadden Defensive Rebound.,2,2,0,15,0.9501656168429813,0.5,Belmont,Morehead State,4,4,18.7,400991037,2018-02-17
11,1,17:06,2226,2226,Malek Green Defensive Rebound.,2,2,0,48,0.9499067838138108,0.5,Belmont,Morehead State,4,4,18.7,400991037,2018-02-17
12,1,16:18,2178,2178,Lamontray Harris Defensive Rebound.,2,4,-2,23,0.9386526366152814,0.45104257079564314,Belmont,Morehead State,4,4,18.7,400991037,2018-02-17
13,1,15:55,2155,2155,Amanze Egekeze Offensive Rebound.,2,4,-2,23,0.9380040866903122,0.4505106076857768,Belmont,Morehead State,4,4,18.7,400991037,2018-02-17
14,1,15:32,2132,2132,Amanze Egekeze Steal.,4,4,0,46,0.948142425089507,0.5,Belmont,Morehead State,4,4,18.7,400991037,2018-02-17
15,1,14:46,2086,2086,Alonzo Chatman Offensive Rebound.,7,4,3,45,0.9606265226900239,0.576333838316147,Belmont,Morehead State,4,4,18.7,400991037,2018-02-17
16,1,14:01,2041,2041,Djimon Henson Defensive Rebound.,9,8,1,39,0.9512861713093512,0.5261683416298986,Belmont,Morehead State,4,4,18.7,400991037,2018-02-17
17,1,13:22,2002,2002,A.J. Hicks Defensive Rebound.,9,10,-1,21,0.9394992336014885,0.47334909267103764,Belmont,Morehead State,4,4,18.7,400991037,2018-02-17
18,1,13:01,1981,1981,Dylan Windler Defensive Rebound.,9,10,-1,14,0.9388812741351032,0.4730851716124837,Belmont,Morehead State,4,4,18.7,400991037,2018-02-17
19,1,12:47,1967,1967,Djimon Henson Steal.,9,10,-1,19,0.93846043558377,0.47290753547912656,Belmont,Morehead State,4,4,18.7,400991037,2018-02-17
20,1,12:28,1948,1948,Dylan Windler Defensive Rebound.,9,10,-1,10,0.9378778542677089,0.4726642009187456,Belmont,Morehead State,4,4,18.7,400991037,2018-02-17
21,1,12:18,1938,1938,Richard Feagin Defensive Rebound.,9,10,-1,17,0.9375659028679681,0.4725350508553408,Belmont,Morehead State,4,4,18.7,400991037,2018-02-17
22,1,12:01,1921,1921,Dylan Windler Defensive Rebound.,9,10,-1,15,0.9370267492731128,0.4723141435476238,Belmont,Morehead State,4,4,18.7,400991037,2018-02-17
23,1,11:46,1906,1906,Jordan Walker Defensive Rebound.,9,10,-1,20,0.9365403517448527,0.4721194061896508,Belmont,Morehead State,4,4,18.7,400991037,2018-02-17
24,1,11:26,1886,1886,Dylan Windler Defensive Rebound.,9,10,-1,33,0.9358759636042601,0.47185998586772737,Belmont,Morehead State,4,4,18.7,400991037,2018-02-17
25,1,10:53,1853,1853,Seth Adelsperger Offensive Rebound.,12,10,2,4,0.9528038263743812,0.556952112125646,Belmont,Morehead State,4,4,18.7,400991037,2018-02-17
26,1,10:49,1849,1849,Dylan Windler Offensive Rebound.,12,10,2,7,0.9527282049903373,0.5570554774626687,Belmont,Morehead State,4,4,18.7,400991037,2018-02-17
27,1,10:42,1842,1842,Dylan Windler missed Free Throw.,14,10,4,0,0.9619629247431154,0.6129926125339111,Belmont,Morehead State,4,4,18.7,400991037,2018-02-17
28,1,10:42,1842,1842,Lamontray Harris Defensive Rebound.,14,10,4,53,0.9619629247431154,0.6129926125339111,Belmont,Morehead State,4,4,18.7,400991037,2018-02-17
29,1,9:49,1789,1789,Seth Adelsperger Defensive Rebound.,16,12,4,7,0.9613243160028129,0.6156596666190358,Belmont,Morehead State,4,4,18.7,400991037,2018-02-17
30,1,9:42,1782,1782,Lamontray Harris Defensive Rebound.,16,12,4,18,0.9612372238843898,0.6160171035267608,Belmont,Morehead State,4,4,18.7,400991037,2018-02-17
31,1,9:24,1764,1764,Dylan Windler Defensive Rebound.,16,12,4,27,0.9610108304434488,0.61694347591316,Belmont,Morehead State,4,4,18.7,400991037,2018-02-17
32,1,8:57,1737,1737,Amanze Egekeze Defensive Rebound.,16,12,4,45,0.9606655789996374,0.6183556376216363,Belmont,Morehead State,4,4,18.7,400991037,2018-02-17
33,1,8:12,1692,1692,A.J. Hicks Offensive Rebound.,18,12,6,31,0.9685244790822669,0.6768454254889056,Belmont,Morehead State,4,4,18.7,400991037,2018-02-17
34,1,7:41,1661,1661,Dylan Windler Offensive Rebound.,18,14,4,49,0.9596503618441607,0.622461035702219,Belmont,Morehead State,4,4,18.7,400991037,2018-02-17
35,1,6:52,1612,1612,A.J. Hicks Offensive Rebound.,22,16,6,52,0.9678545432527071,0.6827095353210455,Belmont,Morehead State,4,4,18.7,400991037,2018-02-17
36,1,6:00,1560,1560,Dylan Windler Defensive Rebound.,24,16,8,47,0.9746494185609511,0.7397109502698874,Belmont,Morehead State,4,4,18.7,400991037,2018-02-17
37,1,5:13,1513,1513,Kevin McClain made Free Throw.,30,18,12,31,0.9848200686776908,0.8318624185612784,Belmont,Morehead State,4,4,18.7,400991037,2018-02-17
38,1,4:42,1482,1482,Morehead State Deadball Team Rebound.,30,18,12,19,0.9848485150264367,0.8349976073621482,Belmont,Morehead State,4,4,18.7,400991037,2018-02-17
39,1,4:23,1463,1463,Tyler Hadden Offensive Rebound.,30,18,12,2,0.9848775211213497,0.836996349398039,Belmont,Morehead State,4,4,18.7,400991037,2018-02-17
40,1,4:21,1461,1461,Tyler Hadden made Free Throw.,31,18,13,0,0.9867843417731935,0.8549652279742609,Belmont,Morehead State,4,4,18.7,400991037,2018-02-17
41,1,4:21,1461,1461,Tyler Hadden made Free Throw.,32,18,14,46,0.9884507396633359,0.871081545950395,Belmont,Morehead State,4,4,18.7,400991037,2018-02-17
42,1,3:35,1415,1415,Amanze Egekeze Block.,35,21,14,0,0.9885799736414979,0.8757400271914353,Belmont,Morehead State,4,4,18.7,400991037,2018-02-17
43,1,3:35,1415,1415,Morehead State Offensive Rebound.,35,21,14,49,0.9885799736414979,0.8757400271914353,Belmont,Morehead State,4,4,18.7,400991037,2018-02-17
44,1,2:46,1366,1366,Jordan Walker missed Free Throw.,37,23,14,0,0.9886747753001894,0.8802758029546027,Belmont,Morehead State,4,4,18.7,400991037,2018-02-17
45,1,2:46,1366,1366,Morehead State Deadball Team Rebound.,37,23,14,0,0.9886747753001894,0.8802758029546027,Belmont,Morehead State,4,4,18.7,400991037,2018-02-17
46,1,2:46,1366,1366,Jordan Walker made Free Throw.,37,24,13,12,0.9869628540850184,0.8644252106194549,Belmont,Morehead State,4,4,18.7,400991037,2018-02-17
47,1,2:34,1354,1354,Dylan Windler missed Free Throw.,39,24,15,0,0.9901891431408749,0.8955349225591159,Belmont,Morehead State,4,4,18.7,400991037,2018-02-17
48,1,2:34,1354,1354,Lamontray Harris Defensive Rebound.,39,24,15,54,0.9901891431408749,0.8955349225591159,Belmont,Morehead State,4,4,18.7,400991037,2018-02-17
49,1,1:40,1300,1300,Dylan Windler Defensive Rebound.,42,26,16,43,0.9916220781790387,0.9126459894167182,Belmont,Morehead State,4,4,18.7,400991037,2018-02-17
50,1,0:57,1257,1257,Dylan Windler Defensive Rebound.,45,26,19,57,0.9947254238299098,0.9449603034241032,Belmont,Morehead State,4,4,18.7,400991037,2018-02-17
51,1,0:00,1200,1200,End of 1st half,51,28,23,0,0.9972763203082418,0.9720037854729051,Belmont,Morehead State,4,4,18.7,400991037,2018-02-17
52,2,20:00,1200,1200,PLAY,51,28,23,64,0.9972763203082418,0.9720037854729051,Belmont,Morehead State,4,4,18.7,400991037,2018-02-17
53,2,18:56,1136,1136,Dylan Windler Defensive Rebound.,54,30,24,17,0.9978429109278366,0.9786646810033303,Belmont,Morehead State,4,4,18.7,400991037,2018-02-17
54,2,18:39,1119,1119,A.J. Hicks Defensive Rebound.,54,30,24,7,0.997886863045291,0.9793313128962245,Belmont,Morehead State,4,4,18.7,400991037,2018-02-17
55,2,18:32,1112,1112,A.J. Hicks missed Free Throw.,54,30,24,0,0.9979048837467281,0.9796016246301175,Belmont,Morehead State,4,4,18.7,400991037,2018-02-17
56,2,18:32,1112,1112,Morehead State Deadball Team Rebound.,54,30,24,0,0.9979048837467281,0.9796016246301175,Belmont,Morehead State,4,4,18.7,400991037,2018-02-17
57,2,18:32,1112,1112,A.J. Hicks missed Free Throw.,54,30,24,0,0.9979048837467281,0.9796016246301175,Belmont,Morehead State,4,4,18.7,400991037,2018-02-17
58,2,18:32,1112,1112,Amanze Egekeze Defensive Rebound.,54,30,24,36,0.9979048837467281,0.9796016246301175,Belmont,Morehead State,4,4,18.7,400991037,2018-02-17
59,2,17:56,1076,1076,Tyler Hadden Defensive Rebound.,57,30,27,32,0.9987764391026409,0.988289397959952,Belmont,Morehead State,4,4,18.7,400991037,2018-02-17
60,2,17:24,1044,1044,Dylan Windler Defensive Rebound.,59,30,29,12,0.9991691739890178,0.992197854174876,Belmont,Morehead State,4,4,18.7,400991037,2018-02-17
61,2,17:12,1032,1032,Dylan Windler made Free Throw.,63,30,33,10,0.9995858699252145,0.9961304332570855,Belmont,Morehead State,4,4,18.7,400991037,2018-02-17
62,2,17:02,1022,1022,Amanze Egekeze Defensive Rebound.,63,30,33,46,0.9995959249481051,0.9962509813512126,Belmont,Morehead State,4,4,18.7,400991037,2018-02-17
63,2,16:16,976,976,Tyler Hadden made Free Throw.,67,32,35,0,0.9997487701565237,0.9977434542370216,Belmont,Morehead State,4,4,18.7,400991037,2018-02-17
64,2,16:16,976,976,Tyler Hadden missed Free Throw.,67,32,35,0,0.9997487701565237,0.9977434542370216,Belmont,Morehead State,4,4,18.7,400991037,2018-02-17
65,2,16:16,976,976,Amanze Egekeze Offensive Rebound.,67,32,35,122,0.9997487701565237,0.9977434542370216,Belmont,Morehead State,4,4,18.7,400991037,2018-02-17
66,2,14:14,854,854,Lamontray Harris Defensive Rebound.,72,38,34,10,0.9997825385397775,0.9981976791026553,Belmont,Morehead State,4,4,18.7,400991037,2018-02-17
67,2,14:04,844,844,Jordan Walker missed Free Throw.,72,40,32,0,0.9996918967742988,0.9974639642123513,Belmont,Morehead State,4,4,18.7,400991037,2018-02-17
68,2,14:04,844,844,Amanze Egekeze Defensive Rebound.,72,40,32,19,0.9996918967742988,0.9974639642123513,Belmont,Morehead State,4,4,18.7,400991037,2018-02-17
69,2,13:45,825,825,Seth Adelsperger made Free Throw.,73,40,33,0,0.9997564313386895,0.9980182303647137,Belmont,Morehead State,4,4,18.7,400991037,2018-02-17
70,2,13:45,825,825,Seth Adelsperger made Free Throw.,74,40,34,50,0.9997982757018401,0.9983582020358289,Belmont,Morehead State,4,4,18.7,400991037,2018-02-17
71,2,12:55,775,775,Dylan Windler Defensive Rebound.,77,42,35,29,0.9998586625671486,0.9988879096589504,Belmont,Morehead State,4,4,18.7,400991037,2018-02-17
72,2,12:26,746,746,Austin Luke Defensive Rebound.,79,42,37,28,0.9999162831846569,0.9993557076470233,Belmont,Morehead State,4,4,18.7,400991037,2018-02-17
73,2,11:58,718,718,Seth Adelsperger Defensive Rebound.,81,42,39,28,0.9999521954074192,0.9996407067473565,Belmont,Morehead State,4,4,18.7,400991037,2018-02-17
74,2,11:30,690,690,A.J. Hicks Defensive Rebound.,81,42,39,23,0.9999585106366863,0.9996953115296565,Belmont,Morehead State,4,4,18.7,400991037,2018-02-17
75,2,11:07,667,667,De'Von Cooper Defensive Rebound.,81,42,39,8,0.9999625808725002,0.9997302533929662,Belmont,Morehead State,4,4,18.7,400991037,2018-02-17
76,2,10:59,659,659,Austin Luke Defensive Rebound.,81,42,39,38,0.9999638725904532,0.9997412410959678,Belmont,Morehead State,4,4,18.7,400991037,2018-02-17
77,2,10:21,621,621,Amanze Egekeze Defensive Rebound.,83,42,41,43,0.999980409994642,0.9998640376731877,Belmont,Morehead State,4,4,18.7,400991037,2018-02-17
78,2,9:38,578,578,Dylan Windler Defensive Rebound.,85,42,43,14,0.9999905645920317,0.9999370610049595,Belmont,Morehead State,4,4,18.7,400991037,2018-02-17
79,2,9:24,564,564,A.J. Hicks Defensive Rebound.,85,42,43,22,0.9999916659135598,0.9999452011071851,Belmont,Morehead State,4,4,18.7,400991037,2018-02-17
80,2,9:02,542,542,De'Von Cooper Defensive Rebound.,85,44,41,9,0.999989365057548,0.9999317444439532,Belmont,Morehead State,4,4,18.7,400991037,2018-02-17
81,2,8:53,533,533,De'Von Cooper made Free Throw.,85,45,40,0,0.9999875558269474,0.9999209063256892,Belmont,Morehead State,4,4,18.7,400991037,2018-02-17
82,2,8:53,533,533,De'Von Cooper missed Free Throw.,85,45,40,0,0.9999875558269474,0.9999209063256892,Belmont,Morehead State,4,4,18.7,400991037,2018-02-17
83,2,8:53,533,533,Dylan Windler Defensive Rebound.,85,45,40,31,0.9999875558269474,0.9999209063256892,Belmont,Morehead State,4,4,18.7,400991037,2018-02-17
84,2,8:22,502,502,Amanze Egekeze Defensive Rebound.,87,45,42,27,0.9999938872339214,0.9999623851780156,Belmont,Morehead State,4,4,18.7,400991037,2018-02-17
85,2,7:55,475,475,Michael Benkert Steal.,90,45,45,38,0.9999976512225789,0.9999859575847907,Belmont,Morehead State,4,4,18.7,400991037,2018-02-17
86,2,7:17,437,437,Amanze Egekeze missed Free Throw.,92,47,45,0,0.9999985217496971,0.9999915608929831,Belmont,Morehead State,4,4,18.7,400991037,2018-02-17
87,2,7:17,437,437,Belmont Deadball Team Rebound.,92,47,45,0,0.9999985217496971,0.9999915608929831,Belmont,Morehead State,4,4,18.7,400991037,2018-02-17
88,2,7:17,437,437,Amanze Egekeze made Free Throw.,93,47,46,0,0.9999988597522128,0.9999934904877756,Belmont,Morehead State,4,4,18.7,400991037,2018-02-17
89,2,7:17,437,437,Amanze Egekeze made Free Throw.,94,47,47,18,0.9999991204703877,0.9999949788845409,Belmont,Morehead State,4,4,18.7,400991037,2018-02-17
90,2,6:59,419,419,Michael Benkert Defensive Rebound.,94,47,47,35,0.9999993576293381,0.9999964250490975,Belmont,Morehead State,4,4,18.7,400991037,2018-02-17
91,2,6:24,384,384,Malek Green made Free Throw.,96,48,48,0,0.9999997208139122,0.9999985285676218,Belmont,Morehead State,4,4,18.7,400991037,2018-02-17
92,2,6:24,384,384,Malek Green made Free Throw.,96,49,47,26,0.9999996306831431,0.9999980535399304,Belmont,Morehead State,4,4,18.7,400991037,2018-02-17
93,2,5:58,358,358,Dylan Windler missed Free Throw.,96,49,47,0,0.9999997629633562,0.9999988049098184,Belmont,Morehead State,4,4,18.7,400991037,2018-02-17
94,2,5:58,358,358,Belmont Deadball Team Rebound.,96,49,47,0,0.9999997629633562,0.9999988049098184,Belmont,Morehead State,4,4,18.7,400991037,2018-02-17
95,2,5:58,358,358,Dylan Windler made Free Throw.,97,49,48,8,0.9999998226616046,0.9999991058959365,Belmont,Morehead State,4,4,18.7,400991037,2018-02-17
96,2,5:50,350,350,Jordan Walker missed Free Throw.,97,49,48,0,0.9999998489502665,0.9999992492530488,Belmont,Morehead State,4,4,18.7,400991037,2018-02-17
97,2,5:50,350,350,Morehead State Deadball Team Rebound.,97,49,48,0,0.9999998489502665,0.9999992492530488,Belmont,Morehead State,4,4,18.7,400991037,2018-02-17
98,2,5:50,350,350,Jordan Walker missed Free Throw.,97,49,48,0,0.9999998489502665,0.9999992492530488,Belmont,Morehead State,4,4,18.7,400991037,2018-02-17
99,2,5:50,350,350,Malek Green Offensive Rebound.,97,49,48,1,0.9999998489502665,0.9999992492530488,Belmont,Morehead State,4,4,18.7,400991037,2018-02-17
100,2,5:49,349,349,Malek Green made Free Throw.,97,50,47,0,0.9999998014818081,0.9999990151092593,Belmont,Morehead State,4,4,18.7,400991037,2018-02-17
101,2,5:49,349,349,Malek Green missed Free Throw.,97,50,47,0,0.9999998014818081,0.9999990151092593,Belmont,Morehead State,4,4,18.7,400991037,2018-02-17
102,2,5:49,349,349,Dylan Windler Defensive Rebound.,97,50,47,24,0.9999998014818081,0.9999990151092593,Belmont,Morehead State,4,4,18.7,400991037,2018-02-17
103,2,5:25,325,325,Jordan Walker Offensive Rebound.,100,50,50,6,0.9999999553396683,0.9999997881460807,Belmont,Morehead State,4,4,18.7,400991037,2018-02-17
104,2,5:19,319,319,Jordan Walker made Two Point Tip Shot.,100,52,48,7,0.9999999305980507,0.9999996745865879,Belmont,Morehead State,4,4,18.7,400991037,2018-02-17
105,2,5:12,312,312,Lamontray Harris Defensive Rebound.,100,52,48,7,0.9999999442922821,0.9999997423704751,Belmont,Morehead State,4,4,18.7,400991037,2018-02-17
106,2,5:05,305,305,Malek Green made Free Throw.,100,53,47,0,0.9999999377055191,0.9999997158866856,Belmont,Morehead State,4,4,18.7,400991037,2018-02-17
107,2,5:05,305,305,Malek Green missed Free Throw.,100,53,47,0,0.9999999377055191,0.9999997158866856,Belmont,Morehead State,4,4,18.7,400991037,2018-02-17
108,2,5:05,305,305,Tyler Hadden Defensive Rebound.,100,53,47,59,0.9999999377055191,0.9999997158866856,Belmont,Morehead State,4,4,18.7,400991037,2018-02-17
109,2,4:06,246,246,Burton Sampson Defensive Rebound.,100,55,45,23,0.9999998294003178,0.9999993078043385,Belmont,Morehead State,4,4,18.7,400991037,2018-02-17
110,2,3:43,223,223,Seth Adelsperger Offensive Rebound.,100,55,45,4,0.9999998321141844,0.9999993517840008,Belmont,Morehead State,4,4,18.7,400991037,2018-02-17
111,2,3:39,219,219,Lamontray Harris Defensive Rebound.,100,55,45,8,0.99999984433887,0.9999994044226735,Belmont,Morehead State,4,4,18.7,400991037,2018-02-17
112,2,3:31,211,211,Malek Green Offensive Rebound.,100,55,45,9,0.9999998774278821,0.9999995397019663,Belmont,Morehead State,4,4,18.7,400991037,2018-02-17
113,2,3:22,202,202,A.J. Hicks made Free Throw.,100,56,44,0,0.9999998887011106,0.9999995910819779,Belmont,Morehead State,4,4,18.7,400991037,2018-02-17
114,2,3:22,202,202,A.J. Hicks missed Free Throw.,100,56,44,0,0.9999998887011106,0.9999995910819779,Belmont,Morehead State,4,4,18.7,400991037,2018-02-17
115,2,3:22,202,202,A.J. Hicks Offensive Rebound.,100,56,44,14,0.9999998887011106,0.9999995910819779,Belmont,Morehead State,4,4,18.7,400991037,2018-02-17
116,2,3:08,188,188,Mack Mercer Steal.,100,56,44,9,0.999999961007991,0.9999998618197932,Belmont,Morehead State,4,4,18.7,400991037,2018-02-17
117,2,2:59,179,179,De'Von Cooper Defensive Rebound.,100,56,44,17,0.9999999826129456,0.999999939851321,Belmont,Morehead State,4,4,18.7,400991037,2018-02-17
118,2,2:42,162,162,Kevin McClain made Free Throw.,101,58,43,0,0.9999999946744366,0.9999999824170522,Belmont,Morehead State,4,4,18.7,400991037,2018-02-17
119,2,2:42,162,162,Kevin McClain made Free Throw.,102,58,44,61,0.999999996484243,0.9999999883923318,Belmont,Morehead State,4,4,18.7,400991037,2018-02-17
120,2,1:41,101,101,Alonzo Chatman made Free Throw.,104,62,42,0,0.9999999999962131,0.9999999999895968,Belmont,Morehead State,4,4,18.7,400991037,2018-02-17
121,2,1:41,101,101,Alonzo Chatman made Free Throw.,104,63,41,35,0.9999999999930852,0.9999999999810039,Belmont,Morehead State,4,4,18.7,400991037,2018-02-17
122,2,1:06,66,66,Mack Mercer Defensive Rebound.,106,63,43,37,0.9999999999999979,0.9999999999999949,Belmont,Morehead State,4,4,18.7,400991037,2018-02-17
123,2,0:29,29,29,James Baker Offensive Rebound.,108,63,45,3,1,1,Belmont,Morehead State,4,4,18.7,400991037,2018-02-17
124,2,0:26,26,26,James Baker missed Two Point Tip Shot.,108,63,45,0,1,1,Belmont,Morehead State,4,4,18.7,400991037,2018-02-17
125,2,0:26,26,26,Alonzo Chatman Offensive Rebound.,108,63,45,3,1,1,Belmont,Morehead State,4,4,18.7,400991037,2018-02-17
126,2,0:23,23,23,Alonzo Chatman made Two Point Tip Shot.,108,65,43,23,1,1,Belmont,Morehead State,4,4,18.7,400991037,2018-02-17
127,2,0:00,0,0,End of Game,108,65,43,0,1,1,Belmont,Morehead State,4,4,18.7,400991037,2018-02-17
