play_id,half,time_remaining_half,secs_remaining,secs_remaining_absolute,description,home_score,away_score,score_diff,play_length,win_prob,naive_win_prob,home,away,home_time_out_remaining,away_time_out_remaining,home_favored_by,game_id,date
1,1,20:00,2400,2400,PLAY,0,0,0,25,0.5200431317211145,0.5,Columbia,Princeton,4,4,0.5,400991623,2018-02-17
2,1,19:35,2375,2375,Lukas Meisner Defensive Rebound.,0,0,0,57,0.5199927325233339,0.5,Columbia,Princeton,4,4,0.5,400991623,2018-02-17
3,1,18:38,2318,2318,Lukas Meisner Defensive Rebound.,2,0,2,35,0.5654232305960537,0.5457893300573414,Columbia,Princeton,4,4,0.5,400991623,2018-02-17
4,1,18:03,2283,2283,Lukas Meisner Defensive Rebound.,4,0,4,11,0.6113119807849867,0.5923320194906242,Columbia,Princeton,4,4,0.5,400991623,2018-02-17
5,1,17:52,2272,2272,Amir Bell Defensive Rebound.,4,0,4,12,0.6117608755002489,0.5928127076693451,Columbia,Princeton,4,4,0.5,400991623,2018-02-17
6,1,17:40,2260,2260,Patrick Tape Block.,4,0,4,2,0.6122523588495111,0.593339293947433,Columbia,Princeton,4,4,0.5,400991623,2018-02-17
7,1,17:38,2258,2258,Patrick Tape Defensive Rebound.,4,0,4,54,0.6123344410115631,0.5934272692782407,Columbia,Princeton,4,4,0.5,400991623,2018-02-17
8,1,16:44,2204,2204,Patrick Tape Offensive Rebound.,6,2,4,7,0.6145652259212288,0.5958218238502964,Columbia,Princeton,4,4,0.5,400991623,2018-02-17
9,1,16:37,2197,2197,Patrick Tape Offensive Rebound.,6,2,4,27,0.6148559880352523,0.5961344781499945,Columbia,Princeton,4,4,0.5,400991623,2018-02-17
10,1,16:10,2170,2170,Nate Hickman Defensive Rebound.,9,2,7,74,0.6831585065676136,0.6660153229891113,Columbia,Princeton,4,4,0.5,400991623,2018-02-17
11,1,14:56,2096,2096,Quinton Adlesh Defensive Rebound.,14,4,10,12,0.7499413693940055,0.7351673088674519,Columbia,Princeton,4,4,0.5,400991623,2018-02-17
12,1,14:44,2084,2084,Myles Stephens Defensive Rebound.,14,4,10,15,0.7509958574334309,0.7362887541885751,Columbia,Princeton,4,4,0.5,400991623,2018-02-17
13,1,14:29,2069,2069,Kyle Castlin Defensive Rebound.,14,4,10,37,0.7523172780420206,0.7376944788014281,Columbia,Princeton,4,4,0.5,400991623,2018-02-17
14,1,13:52,2032,2032,Richmond Aririguzoh missed Free Throw.,17,4,13,0,0.8091217625663771,0.7970182446106986,Columbia,Princeton,4,4,0.5,400991623,2018-02-17
15,1,13:52,2032,2032,Princeton Deadball Team Rebound.,17,4,13,0,0.8091217625663771,0.7970182446106986,Columbia,Princeton,4,4,0.5,400991623,2018-02-17
16,1,13:52,2032,2032,Richmond Aririguzoh made Free Throw.,17,5,12,33,0.7923421068550199,0.7794646003037065,Columbia,Princeton,4,4,0.5,400991623,2018-02-17
17,1,13:19,1999,1999,Jaron Faulds Defensive Rebound.,19,5,14,16,0.8280861715439592,0.8169732197418472,Columbia,Princeton,4,4,0.5,400991623,2018-02-17
18,1,13:03,1983,1983,Lukas Meisner Offensive Rebound.,19,5,14,16,0.829660191723257,0.8186562390619554,Columbia,Princeton,4,4,0.5,400991623,2018-02-17
19,1,12:47,1967,1967,Princeton Offensive Rebound.,22,5,17,63,0.8721209696194795,0.8634321501772623,Columbia,Princeton,4,4,0.5,400991623,2018-02-17
20,1,11:44,1904,1904,Gabe Stefanini Block.,25,7,18,2,0.8895637095950913,0.8819847724705308,Columbia,Princeton,4,4,0.5,400991623,2018-02-17
21,1,11:42,1902,1902,Gabe Stefanini Defensive Rebound.,25,7,18,11,0.8897450273808981,0.8821796688641829,Columbia,Princeton,4,4,0.5,400991623,2018-02-17
22,1,11:31,1891,1891,Patrick Tape Offensive Rebound.,25,7,18,2,0.8907374254371058,0.8832465114566739,Columbia,Princeton,4,4,0.5,400991623,2018-02-17
23,1,11:29,1889,1889,Devin Cannady Defensive Rebound.,25,7,18,12,0.8909170177800465,0.8834395976820136,Columbia,Princeton,4,4,0.5,400991623,2018-02-17
24,1,11:17,1877,1877,Myles Stephens made Free Throw.,25,8,17,0,0.8805951677397419,0.872529669633594,Columbia,Princeton,4,4,0.5,400991623,2018-02-17
25,1,11:17,1877,1877,Myles Stephens made Free Throw.,25,9,16,29,0.8681764291785005,0.8594060061164251,Columbia,Princeton,4,4,0.5,400991623,2018-02-17
26,1,10:48,1848,1848,Patrick Tape Defensive Rebound.,28,9,19,48,0.9048875470721738,0.8983102038239341,Columbia,Princeton,4,4,0.5,400991623,2018-02-17
27,1,10:00,1800,1800,Devin Cannady Offensive Rebound.,30,9,21,5,0.9265388828998348,0.9213784571510705,Columbia,Princeton,4,4,0.5,400991623,2018-02-17
28,1,9:55,1795,1795,Patrick Tape Block.,30,9,21,2,0.9269158467385571,0.9217849279092056,Columbia,Princeton,4,4,0.5,400991623,2018-02-17
29,1,9:53,1793,1793,Princeton Offensive Rebound.,30,9,21,66,0.9270664391881346,0.9219473080226018,Columbia,Princeton,4,4,0.5,400991623,2018-02-17
30,1,8:47,1727,1727,Jaron Faulds missed Free Throw.,32,13,19,0,0.9149246828247416,0.9091183758398653,Columbia,Princeton,4,4,0.5,400991623,2018-02-17
31,1,8:47,1727,1727,Columbia Deadball Team Rebound.,32,13,19,0,0.9149246828247416,0.9091183758398653,Columbia,Princeton,4,4,0.5,400991623,2018-02-17
32,1,8:47,1727,1727,Jaron Faulds made Free Throw.,33,13,20,33,0.9238968646698296,0.9186484531737784,Columbia,Princeton,4,4,0.5,400991623,2018-02-17
33,1,8:14,1694,1694,Noah Bramlage Defensive Rebound.,33,15,18,12,0.9078543407443115,0.9016621510954258,Columbia,Princeton,4,4,0.5,400991623,2018-02-17
34,1,8:02,1682,1682,Jerome Desrosiers Offensive Rebound.,33,15,18,45,0.9088885922881869,0.9027747780786457,Columbia,Princeton,4,4,0.5,400991623,2018-02-17
35,1,7:17,1637,1637,Gabe Stefanini Offensive Rebound.,33,17,16,6,0.8901612818677325,0.8830276914272331,Columbia,Princeton,4,4,0.5,400991623,2018-02-17
36,1,7:11,1631,1631,Aaron Young Defensive Rebound.,33,17,16,7,0.8906671461050876,0.8835723949665274,Columbia,Princeton,4,4,0.5,400991623,2018-02-17
37,1,7:04,1624,1624,Gabe Stefanini Defensive Rebound.,33,17,16,11,0.8912525147884748,0.8842028325159542,Columbia,Princeton,4,4,0.5,400991623,2018-02-17
38,1,6:53,1613,1613,Jerome Desrosiers Defensive Rebound.,33,17,16,15,0.8921633759677278,0.8851840535702893,Columbia,Princeton,4,4,0.5,400991623,2018-02-17
39,1,6:38,1598,1598,Mike Smith Defensive Rebound.,33,17,16,40,0.8933915631774315,0.8865074530450588,Columbia,Princeton,4,4,0.5,400991623,2018-02-17
40,1,5:58,1558,1558,Kyle Castlin Defensive Rebound.,35,17,18,32,0.9184644052067495,0.9130971477852201,Columbia,Princeton,4,4,0.5,400991623,2018-02-17
41,1,5:26,1526,1526,Lukas Meisner Defensive Rebound.,37,17,20,29,0.93811957500579235,0.9339881180695426,Columbia,Princeton,4,4,0.5,400991623,2018-02-17
42,1,4:57,1497,1497,Lukas Meisner Defensive Rebound.,40,17,23,42,0.9591082471089571,0.9563344479654282,Columbia,Princeton,4,4,0.5,400991623,2018-02-17
43,1,4:15,1455,1455,Lukas Meisner Defensive Rebound.,42,17,25,17,0.9703848343859495,0.9683735980391406,Columbia,Princeton,4,4,0.5,400991623,2018-02-17
44,1,3:58,1438,1438,Amir Bell Defensive Rebound.,42,17,25,23,0.9711801085440629,0.9692301566665763,Columbia,Princeton,4,4,0.5,400991623,2018-02-17
45,1,3:35,1415,1415,Lukas Meisner Defensive Rebound.,42,17,25,17,0.9721862469154444,0.9703142371119229,Columbia,Princeton,4,4,0.5,400991623,2018-02-17
46,1,3:18,1398,1398,Richmond Aririguzoh Defensive Rebound.,42,17,25,52,0.9728869681678632,0.9710694663554754,Columbia,Princeton,4,4,0.5,400991623,2018-02-17
47,1,2:26,1346,1346,Amir Bell Defensive Rebound.,42,19,23,34,0.9668041092946612,0.9646268948124529,Columbia,Princeton,4,4,0.5,400991623,2018-02-17
48,1,1:52,1312,1312,Jerome Desrosiers Offensive Rebound.,42,21,21,3,0.9580467249762128,0.9553493166426379,Columbia,Princeton,4,4,0.5,400991623,2018-02-17
49,1,1:49,1309,1309,Jerome Desrosiers made Free Throw.,42,22,20,0,0.9519509249789821,0.9488852807857386,Columbia,Princeton,4,4,0.5,400991623,2018-02-17
50,1,1:49,1309,1309,Jerome Desrosiers made Free Throw.,42,23,19,28,0.9448114473634711,0.9413183672685094,Columbia,Princeton,4,4,0.5,400991623,2018-02-17
51,1,1:21,1281,1281,Rodney Hunter Offensive Rebound.,42,23,19,17,0.9466054235995044,0.9432478270066427,Columbia,Princeton,4,4,0.5,400991623,2018-02-17
52,1,1:04,1264,1264,Gabe Stefanini made Free Throw.,43,23,20,0,0.9546412376122534,0.9517781975158027,Columbia,Princeton,4,4,0.5,400991623,2018-02-17
53,1,1:04,1264,1264,Gabe Stefanini missed Free Throw.,43,23,20,0,0.9546412376122534,0.9517781975158027,Columbia,Princeton,4,4,0.5,400991623,2018-02-17
54,1,1:04,1264,1264,Devin Cannady Defensive Rebound.,43,23,20,36,0.9546412376122534,0.9517781975158027,Columbia,Princeton,4,4,0.5,400991623,2018-02-17
55,1,0:28,1228,1228,Lukas Meisner Defensive Rebound.,46,25,21,1,0.9627757437973248,0.960431099382926,Columbia,Princeton,4,4,0.5,400991623,2018-02-17
56,1,0:27,1227,1227,Lukas Meisner made Free Throw.,47,25,22,0,0.9679069725205328,0.9658747029939785,Columbia,Princeton,4,4,0.5,400991623,2018-02-17
57,1,0:27,1227,1227,Lukas Meisner made Free Throw.,48,25,23,23,0.9723059118101417,0.9705437247731987,Columbia,Princeton,4,4,0.5,400991623,2018-02-17
58,1,0:04,1204,1204,Rodney Hunter Defensive Rebound.,48,25,23,4,0.9734690597836988,0.9717907511584317,Columbia,Princeton,4,4,0.5,400991623,2018-02-17
59,1,0:00,1200,1200,End of 1st half,48,25,23,0,0.9736678206989839,0.9720037854729051,Columbia,Princeton,4,4,0.5,400991623,2018-02-17
60,2,20:00,1200,1200,PLAY,48,25,23,21,0.9736678206989839,0.9720037854729051,Columbia,Princeton,4,4,0.5,400991623,2018-02-17
61,2,19:39,1179,1179,Amir Bell Defensive Rebound.,48,25,23,14,0.9746651111701755,0.9730727155360744,Columbia,Princeton,4,4,0.5,400991623,2018-02-17
62,2,19:25,1165,1165,Patrick Tape Steal.,48,25,23,69,0.9752936010966009,0.9737463358530584,Columbia,Princeton,4,4,0.5,400991623,2018-02-17
63,2,18:16,1096,1096,Amir Bell Steal.,51,28,23,52,0.9781444387164339,0.9768005239572495,Columbia,Princeton,4,4,0.5,400991623,2018-02-17
64,2,17:24,1044,1044,Nate Hickman Defensive Rebound.,53,31,22,16,0.9767059504964436,0.9752993419909843,Columbia,Princeton,4,4,0.5,400991623,2018-02-17
65,2,17:08,1028,1028,Amir Bell Block.,53,31,22,2,0.9774376050295496,0.9760812254804985,Columbia,Princeton,4,4,0.5,400991623,2018-02-17
66,2,17:06,1026,1026,Columbia Offensive Rebound.,53,31,22,19,0.9775299787594479,0.9761799098726539,Columbia,Princeton,4,4,0.5,400991623,2018-02-17
67,2,16:47,1007,1007,Lukas Meisner Defensive Rebound.,55,31,24,29,0.9845636870641151,0.98363506530579,Columbia,Princeton,4,4,0.5,400991623,2018-02-17
68,2,16:18,978,978,Devin Cannady Defensive Rebound.,55,31,24,11,0.985662181412099,0.9848071882091097,Columbia,Princeton,4,4,0.5,400991623,2018-02-17
69,2,16:07,967,967,Jaron Faulds Defensive Rebound.,55,31,24,11,0.98608722027598406,0.9852604011782768,Columbia,Princeton,4,4,0.5,400991623,2018-02-17
70,2,15:56,956,956,Mike Smith made Free Throw.,58,31,27,9,0.9919930045128191,0.9915159505941104,Columbia,Princeton,4,4,0.5,400991623,2018-02-17
71,2,15:47,947,947,Lukas Meisner Defensive Rebound.,58,31,27,15,0.9921945001267501,0.9917307504851722,Columbia,Princeton,4,4,0.5,400991623,2018-02-17
72,2,15:32,932,932,Amir Bell Defensive Rebound.,58,31,27,54,0.9925010693232729,0.9920575522726771,Columbia,Princeton,4,4,0.5,400991623,2018-02-17
73,2,14:38,878,878,Jose Morales Defensive Rebound.,58,34,24,29,0.9886266074527481,0.9879676905580315,Columbia,Princeton,4,4,0.5,400991623,2018-02-17
74,2,14:09,849,849,Ryan Schwieger Defensive Rebound.,58,36,22,56,0.9845397197538901,0.9836556759049961,Columbia,Princeton,4,4,0.5,400991623,2018-02-17
75,2,13:13,793,793,Kyle Castlin Defensive Rebound.,61,39,22,40,0.9863483865316593,0.9855801544116625,Columbia,Princeton,4,4,0.5,400991623,2018-02-17
76,2,12:33,753,753,Nate Hickman Defensive Rebound.,64,39,25,45,0.9932475993154358,0.9928704406787328,Columbia,Princeton,4,4,0.5,400991623,2018-02-17
77,2,11:48,708,708,Ryan Schwieger Defensive Rebound.,64,39,25,31,0.9943893711349512,0.9940815922599644,Columbia,Princeton,4,4,0.5,400991623,2018-02-17
78,2,11:17,677,677,Rodney Hunter Offensive Rebound.,64,42,22,11,0.9906151821940598,0.9901090562679479,Columbia,Princeton,4,4,0.5,400991623,2018-02-17
79,2,11:06,666,666,Ryan Schwieger Steal.,64,42,22,7,0.9909094740282064,0.9904213162819516,Columbia,Princeton,4,4,0.5,400991623,2018-02-17
80,2,10:59,659,659,Amir Bell missed Free Throw.,64,42,22,0,0.9910912458995677,0.9906141636730165,Columbia,Princeton,4,4,0.5,400991623,2018-02-17
81,2,10:59,659,659,Princeton Deadball Team Rebound.,64,42,22,0,0.9910912458995677,0.9906141636730165,Columbia,Princeton,4,4,0.5,400991623,2018-02-17
82,2,10:59,659,659,Amir Bell made Free Throw.,64,43,21,15,0.9890129907697768,0.9884259133935048,Columbia,Princeton,4,4,0.5,400991623,2018-02-17
83,2,10:44,644,644,Amir Bell Steal.,64,43,21,29,0.9894633367883789,0.9889036449210521,Columbia,Princeton,4,4,0.5,400991623,2018-02-17
84,2,10:15,615,615,Kyle Castlin Offensive Rebound.,64,45,19,2,0.9851584357133716,0.9843837882502426,Columbia,Princeton,4,4,0.5,400991623,2018-02-17
85,2,10:13,613,613,Amir Bell Defensive Rebound.,64,45,19,6,0.9852472255410671,0.9844778581875587,Columbia,Princeton,4,4,0.5,400991623,2018-02-17
86,2,10:07,607,607,Kyle Castlin Block.,64,45,19,0,0.9855180457543434,0.9847647258288548,Columbia,Princeton,4,4,0.5,400991623,2018-02-17
87,2,10:07,607,607,Princeton Offensive Rebound.,64,45,19,12,0.9855180457543434,0.9847647258288548,Columbia,Princeton,4,4,0.5,400991623,2018-02-17
88,2,9:55,595,595,Quinton Adlesh Steal.,64,45,19,75,0.9860820327275246,0.9853618547024842,Columbia,Princeton,4,4,0.5,400991623,2018-02-17
89,2,8:40,520,520,Quinton Adlesh Defensive Rebound.,69,48,21,24,0.9937381110006169,0.9934251535154529,Columbia,Princeton,4,4,0.5,400991623,2018-02-17
90,2,8:16,496,496,Sebastian Much Steal.,69,48,21,5,0.9943347131486922,0.9940553414214951,Columbia,Princeton,4,4,0.5,400991623,2018-02-17
91,2,8:11,491,491,Rodney Hunter Defensive Rebound.,69,48,21,48,0.9944534703783605,0.9941807358998783,Columbia,Princeton,4,4,0.5,400991623,2018-02-17
92,2,7:23,443,443,Quinton Adlesh Defensive Rebound.,71,48,23,6,0.9974461356647616,0.9973241265500271,Columbia,Princeton,4,4,0.5,400991623,2018-02-17
93,2,7:17,437,437,Jose Morales Block.,71,48,23,0,0.9975706468723969,0.9974551101088924,Columbia,Princeton,4,4,0.5,400991623,2018-02-17
94,2,7:17,437,437,Columbia Offensive Rebound.,71,48,23,12,0.9975706468723969,0.9974551101088924,Columbia,Princeton,4,4,0.5,400991623,2018-02-17
95,2,7:05,425,425,Lukas Meisner Offensive Rebound.,71,48,23,5,0.9978256828037511,0.997723266314655,Columbia,Princeton,4,4,0.5,400991623,2018-02-17
96,2,7:00,420,420,Jose Morales Steal.,71,48,23,51,0.9979221309860928,0.9978246681161748,Columbia,Princeton,4,4,0.5,400991623,2018-02-17
97,2,6:09,369,369,Sebastian Much Offensive Rebound.,73,48,25,5,0.9992407383951898,0.99920679591607,Columbia,Princeton,4,4,0.5,400991623,2018-02-17
98,2,6:04,364,364,Amir Bell Offensive Rebound.,73,48,25,1,0.9992783940340817,0.9992463076459288,Columbia,Princeton,4,4,0.5,400991623,2018-02-17
99,2,6:03,363,363,Amir Bell made Free Throw.,73,49,24,0,0.9990477375733928,0.9990054514826149,Columbia,Princeton,4,4,0.5,400991623,2018-02-17
100,2,6:03,363,363,Amir Bell missed Free Throw.,73,49,24,1,0.9990477375733928,0.9990054514826149,Columbia,Princeton,4,4,0.5,400991623,2018-02-17
101,2,6:02,362,362,Quinton Adlesh Defensive Rebound.,73,49,24,30,0.9990572790183895,0.999015462154059,Columbia,Princeton,4,4,0.5,400991623,2018-02-17
102,2,5:32,332,332,Devin Cannady Defensive Rebound.,73,51,22,15,0.9987847998649462,0.9987327619159495,Columbia,Princeton,4,4,0.5,400991623,2018-02-17
103,2,5:17,317,317,Jose Morales made Free Throw.,73,52,21,0,0.9986482502330214,0.998591460448207,Columbia,Princeton,4,4,0.5,400991623,2018-02-17
104,2,5:17,317,317,Jose Morales made Free Throw.,73,53,20,21,0.9981531794223923,0.998075630774745,Columbia,Princeton,4,4,0.5,400991623,2018-02-17
105,2,4:56,296,296,Elijah Barnes Defensive Rebound.,73,53,20,12,0.9985298476766853,0.9984697862987582,Columbia,Princeton,4,4,0.5,400991623,2018-02-17
106,2,4:44,284,284,Devin Cannady made Free Throw.,73,54,19,0,0.9979911932819973,0.9979104792030252,Columbia,Princeton,4,4,0.5,400991623,2018-02-17
107,2,4:44,284,284,Devin Cannady made Free Throw.,73,55,18,26,0.9972228073434555,0.9971113087958782,Columbia,Princeton,4,4,0.5,400991623,2018-02-17
108,2,4:18,258,258,Patrick Tape Offensive Rebound.,73,55,18,19,0.996879478195989,0.9967586762210469,Columbia,Princeton,4,4,0.5,400991623,2018-02-17
109,2,3:59,239,239,Quinton Adlesh missed Free Throw.,73,55,18,0,0.9966457907565355,0.9965196081033312,Columbia,Princeton,4,4,0.5,400991623,2018-02-17
110,2,3:59,239,239,Amir Bell Defensive Rebound.,73,55,18,9,0.9966457907565355,0.9965196081033312,Columbia,Princeton,4,4,0.5,400991623,2018-02-17
111,2,3:50,230,230,Patrick Tape Defensive Rebound.,73,55,18,47,0.9966690439275651,0.996545517977534,Columbia,Princeton,4,4,0.5,400991623,2018-02-17
112,2,3:03,183,183,Elijah Barnes Offensive Rebound.,76,55,21,7,0.9995869498022216,0.9995728961635318,Columbia,Princeton,4,4,0.5,400991623,2018-02-17
113,2,2:56,176,176,Kyle Castlin Steal.,76,55,21,19,0.9996973512584625,0.9996872106973081,Columbia,Princeton,4,4,0.5,400991623,2018-02-17
114,2,2:37,157,157,Mike Smith made Free Throw.,77,55,22,0,0.999919307008646,0.9999167198983746,Columbia,Princeton,4,4,0.5,400991623,2018-02-17
115,2,2:37,157,157,Mike Smith made Free Throw.,78,55,23,17,0.9999473474153834,0.9999456592640015,Columbia,Princeton,4,4,0.5,400991623,2018-02-17
116,2,2:20,140,140,Kyle Castlin Defensive Rebound.,78,55,23,47,0.999980566313224,0.9999799694596393,Columbia,Princeton,4,4,0.5,400991623,2018-02-17
117,2,1:33,93,93,Kyle Castlin Defensive Rebound.,80,55,25,44,0.9999998807079546,0.9999998775273377,Columbia,Princeton,4,4,0.5,400991623,2018-02-17
118,2,0:49,49,49,Jose Morales Steal.,83,58,25,3,0.9999999995185207,0.9999999995077141,Columbia,Princeton,4,4,0.5,400991623,2018-02-17
119,2,0:46,46,46,Jose Morales Offensive Rebound.,83,58,25,8,0.9999999996866276,0.9999999996796889,Columbia,Princeton,4,4,0.5,400991623,2018-02-17
120,2,0:38,38,38,Ryan Schwieger Offensive Rebound.,83,58,25,5,0.9999999999041913,0.9999999999021483,Columbia,Princeton,4,4,0.5,400991623,2018-02-17
121,2,0:33,33,33,Ryan Schwieger made Free Throw.,83,59,24,0,0.9999999998846517,0.9999999998822519,Columbia,Princeton,4,4,0.5,400991623,2018-02-17
122,2,0:33,33,33,Ryan Schwieger made Free Throw.,83,60,23,23,0.9999999997009655,0.9999999996947438,Columbia,Princeton,4,4,0.5,400991623,2018-02-17
123,2,0:10,10,10,Randy Brumant Offensive Rebound.,83,60,23,4,0.9999999999907806,0.9999999999906114,Columbia,Princeton,4,4,0.5,400991623,2018-02-17
124,2,0:06,6,6,Randy Brumant made Two Point Tip Shot.,85,60,25,6,0.9999999999995025,0.9999999999994935,Columbia,Princeton,4,4,0.5,400991623,2018-02-17
125,2,0:00,0,0,End of Game,85,60,25,0,1,1,Columbia,Princeton,4,4,0.5,400991623,2018-02-17
