play_id,half,time_remaining_half,secs_remaining,secs_remaining_absolute,description,home_score,away_score,score_diff,play_length,win_prob,naive_win_prob,home,away,home_time_out_remaining,away_time_out_remaining,home_favored_by,game_id,date
1,1,20:00,2400,2400,PLAY,0,0,0,20,0.9110278313092568,0.5,Northern Colorado,Southern Utah,4,4,14.5,400991349,2018-02-17
2,1,19:40,2380,2380,Northern Colorado Defensive Rebound.,0,0,0,16,0.9106485275106769,0.5,Northern Colorado,Southern Utah,4,4,14.5,400991349,2018-02-17
3,1,19:24,2364,2364,Jamal Aytes Defensive Rebound.,0,0,0,28,0.9103374153318123,0.5,Northern Colorado,Southern Utah,4,4,14.5,400991349,2018-02-17
4,1,18:56,2336,2336,Dwayne Morgan Defensive Rebound.,0,3,-3,14,0.884707136712589,0.432140987932238,Northern Colorado,Southern Utah,4,4,14.5,400991349,2018-02-17
5,1,18:42,2322,2322,James McGee made Free Throw.,0,4,-4,0,0.8744346457200705,0.4093545982111211,Northern Colorado,Southern Utah,4,4,14.5,400991349,2018-02-17
6,1,18:42,2322,2322,James McGee missed Free Throw.,0,4,-4,0,0.8744346457200705,0.4093545982111211,Northern Colorado,Southern Utah,4,4,14.5,400991349,2018-02-17
7,1,18:42,2322,2322,Southern Utah Deadball Team Rebound.,0,4,-4,0,0.8744346457200705,0.4093545982111211,Northern Colorado,Southern Utah,4,4,14.5,400991349,2018-02-17
8,1,18:42,2322,2322,James McGee made Free Throw.,0,5,-5,9,0.8640205364083849,0.38739094715161604,Northern Colorado,Southern Utah,4,4,14.5,400991349,2018-02-17
9,1,18:33,2313,2313,Anthony Johnson made Free Throw.,1,5,-4,0,0.8740067253605165,0.4089680140608616,Northern Colorado,Southern Utah,4,4,14.5,400991349,2018-02-17
10,1,18:33,2313,2313,Anthony Johnson made Free Throw.,2,5,-3,21,0.8837999887130928,0.4313918005327808,Northern Colorado,Southern Utah,4,4,14.5,400991349,2018-02-17
11,1,18:12,2292,2292,Jalen Sanders Defensive Rebound.,2,5,-3,22,0.8829483827418172,0.4307004005860406,Northern Colorado,Southern Utah,4,4,14.5,400991349,2018-02-17
12,1,17:50,2270,2270,James McGee Defensive Rebound.,2,5,-3,37,0.8820318554060536,0.42996936156688836,Northern Colorado,Southern Utah,4,4,14.5,400991349,2018-02-17
13,1,17:13,2233,2233,Jalen Sanders Offensive Rebound.,2,5,-3,13,0.8804328248834535,0.428726678572818,Northern Colorado,Southern Utah,4,4,14.5,400991349,2018-02-17
14,1,17:00,2220,2220,Jamal Aytes Block.,2,5,-3,2,0.8798534768528006,0.428286739601307,Northern Colorado,Southern Utah,4,4,14.5,400991349,2018-02-17
15,1,16:58,2218,2218,Christian Musoko Defensive Rebound.,2,5,-3,10,0.879763524640519,0.4282189238051186,Northern Colorado,Southern Utah,4,4,14.5,400991349,2018-02-17
16,1,16:48,2208,2208,Jalen Sanders Block.,2,5,-3,2,0.8793104514510338,0.4278793524683431,Northern Colorado,Southern Utah,4,4,14.5,400991349,2018-02-17
17,1,16:46,2206,2206,Christian Musoko Offensive Rebound.,2,5,-3,43,0.8792191715482308,0.42781134411298344,Northern Colorado,Southern Utah,4,4,14.5,400991349,2018-02-17
18,1,16:03,2163,2163,Christian Musoko Defensive Rebound.,4,7,-3,17,0.8772021011633044,0.42634282019557657,Northern Colorado,Southern Utah,4,4,14.5,400991349,2018-02-17
19,1,15:46,2146,2146,James McGee Block.,4,7,-3,3,0.876375369498191,0.42575808317969266,Northern Colorado,Southern Utah,4,4,14.5,400991349,2018-02-17
20,1,15:43,2143,2143,Christian Musoko Defensive Rebound.,4,7,-3,5,0.8762277268832538,0.4256545568021406,Northern Colorado,Southern Utah,4,4,14.5,400991349,2018-02-17
21,1,15:38,2138,2138,Jordan Davis Steal.,4,7,-3,4,0.8759804841330071,0.42548177964280776,Northern Colorado,Southern Utah,4,4,14.5,400991349,2018-02-17
22,1,15:34,2134,2134,Dre Marin Steal.,4,7,-3,32,0.8757816328267147,0.4253433444977733,Northern Colorado,Southern Utah,4,4,14.5,400991349,2018-02-17
23,1,15:02,2102,2102,Southern Utah Defensive Rebound.,4,7,-3,17,0.8741567125298888,0.42422864733645244,Northern Colorado,Southern Utah,4,4,14.5,400991349,2018-02-17
24,1,14:45,2085,2085,Andre Spight Steal.,4,7,-3,40,0.8732685410687018,0.42363088582115915,Northern Colorado,Southern Utah,4,4,14.5,400991349,2018-02-17
25,1,14:05,2045,2045,Jamal Aytes Defensive Rebound.,6,10,-4,15,0.8589055350773254,0.3969258340185105,Northern Colorado,Southern Utah,4,4,14.5,400991349,2018-02-17
26,1,13:50,2030,2030,Jalen Sanders Defensive Rebound.,6,10,-4,12,0.85791406746166,0.39621891424323763,Northern Colorado,Southern Utah,4,4,14.5,400991349,2018-02-17
27,1,13:38,2018,2018,Jalen Sanders Offensive Rebound.,6,10,-4,41,0.8571088240765082,0.3956498908713166,Northern Colorado,Southern Utah,4,4,14.5,400991349,2018-02-17
28,1,12:57,1977,1977,Jalen Sanders Steal.,6,10,-4,5,0.8542751776493851,0.393680817246901,Northern Colorado,Southern Utah,4,4,14.5,400991349,2018-02-17
29,1,12:52,1972,1972,Kai Edwards missed Free Throw.,6,10,-4,0,0.8539207563143698,0.3934379130582212,Northern Colorado,Southern Utah,4,4,14.5,400991349,2018-02-17
30,1,12:52,1972,1972,Northern Colorado Deadball Team Rebound.,6,10,-4,0,0.8539207563143698,0.3934379130582212,Northern Colorado,Southern Utah,4,4,14.5,400991349,2018-02-17
31,1,12:52,1972,1972,Kai Edwards made Free Throw.,7,10,-3,32,0.8669100622286244,0.4195397944573588,Northern Colorado,Southern Utah,4,4,14.5,400991349,2018-02-17
32,1,12:20,1940,1940,Jacob Calloway Defensive Rebound.,7,12,-5,9,0.837178930112436,0.36601915582408157,Northern Colorado,Southern Utah,4,4,14.5,400991349,2018-02-17
33,1,12:11,1931,1931,Chaz Glotta Defensive Rebound.,7,12,-5,19,0.83639683072957,0.3654758442449663,Northern Colorado,Southern Utah,4,4,14.5,400991349,2018-02-17
34,1,11:52,1912,1912,Dwayne Morgan Defensive Rebound.,7,12,-5,16,0.8347215918260129,0.3643278343318931,Northern Colorado,Southern Utah,4,4,14.5,400991349,2018-02-17
35,1,11:36,1896,1896,Jordan Davis Steal.,7,12,-5,3,0.8332858582379068,0.36336394214411877,Northern Colorado,Southern Utah,4,4,14.5,400991349,2018-02-17
36,1,11:33,1893,1893,Dwayne Morgan Block.,7,12,-5,3,0.8330140595032695,0.3631833748469436,Northern Colorado,Southern Utah,4,4,14.5,400991349,2018-02-17
37,1,11:30,1890,1890,Jadon Cohee Defensive Rebound.,7,12,-5,4,0.8327414301692849,0.3630028351640561,Northern Colorado,Southern Utah,4,4,14.5,400991349,2018-02-17
38,1,11:26,1886,1886,Kai Edwards Defensive Rebound.,7,12,-5,7,0.8323766252480737,0.36276214181743954,Northern Colorado,Southern Utah,4,4,14.5,400991349,2018-02-17
39,1,11:19,1879,1879,Jordan Davis Offensive Rebound.,7,12,-5,10,0.8317346165209245,0.36234093628217157,Northern Colorado,Southern Utah,4,4,14.5,400991349,2018-02-17
40,1,11:09,1869,1869,Brandon Better Defensive Rebound.,7,12,-5,11,0.830809421244095,0.3617390187420149,Northern Colorado,Southern Utah,4,4,14.5,400991349,2018-02-17
41,1,10:58,1858,1858,Andre Spight Steal.,7,12,-5,105,0.8297806139041239,0.3610762596966901,Northern Colorado,Southern Utah,4,4,14.5,400991349,2018-02-17
42,1,9:13,1753,1753,Anthony Johnson Defensive Rebound.,11,14,-3,35,0.8521228107237632,0.411138386623702,Northern Colorado,Southern Utah,4,4,14.5,400991349,2018-02-17
43,1,8:38,1718,1718,Jordan Davis Defensive Rebound.,14,14,0,30,0.8904416279004901,0.5,Northern Colorado,Southern Utah,4,4,14.5,400991349,2018-02-17
44,1,8:08,1688,1688,Andre Spight Defensive Rebound.,14,14,0,39,0.8891321483700083,0.5,Northern Colorado,Southern Utah,4,4,14.5,400991349,2018-02-17
45,1,7:29,1649,1649,Jalen Sanders Block.,16,14,2,3,0.9101299895133346,0.5625082148045423,Northern Colorado,Southern Utah,4,4,14.5,400991349,2018-02-17
46,1,7:26,1646,1646,Dwayne Morgan Offensive Rebound.,16,14,2,10,0.9100405203918387,0.5625903143987508,Northern Colorado,Southern Utah,4,4,14.5,400991349,2018-02-17
47,1,7:16,1636,1636,Anthony Johnson made Free Throw.,17,14,3,0,0.9195934943428746,0.5936756799152556,Northern Colorado,Southern Utah,4,4,14.5,400991349,2018-02-17
48,1,7:16,1636,1636,Anthony Johnson made Free Throw.,18,14,4,12,0.9284573366285321,0.6237686635860205,Northern Colorado,Southern Utah,4,4,14.5,400991349,2018-02-17
49,1,7:04,1624,1624,Jamal Aytes made Free Throw.,18,17,1,31,0.8983373843039649,0.5317205655619778,Northern Colorado,Southern Utah,4,4,14.5,400991349,2018-02-17
50,1,6:33,1593,1593,Andre Spight Steal.,21,17,4,4,0.9276719245433289,0.6259729594833395,Northern Colorado,Southern Utah,4,4,14.5,400991349,2018-02-17
51,1,6:29,1589,1589,Southern Utah Defensive Rebound.,21,17,4,20,0.9275957727455745,0.6261774658459434,Northern Colorado,Southern Utah,4,4,14.5,400991349,2018-02-17
52,1,6:09,1569,1569,Northern Colorado Defensive Rebound.,21,17,4,12,0.9272100570681875,0.6272041335939563,Northern Colorado,Southern Utah,4,4,14.5,400991349,2018-02-17
53,1,5:57,1557,1557,Christian Musoko Block.,21,17,4,2,0.9269759472144024,0.6278258078237702,Northern Colorado,Southern Utah,4,4,14.5,400991349,2018-02-17
54,1,5:55,1555,1555,Jadon Cohee Defensive Rebound.,21,17,4,46,0.9269368227731071,0.6279299963917417,Northern Colorado,Southern Utah,4,4,14.5,400991349,2018-02-17
55,1,5:09,1509,1509,James McGee made Free Throw.,23,20,3,0,0.9163635990572327,0.5987913201619275,Northern Colorado,Southern Utah,4,4,14.5,400991349,2018-02-17
56,1,5:09,1509,1509,James McGee made Free Throw.,23,21,2,40,0.9055487452236562,0.5663450405139698,Northern Colorado,Southern Utah,4,4,14.5,400991349,2018-02-17
57,1,4:29,1469,1469,Jalen Sanders Defensive Rebound.,26,21,5,7,0.9341692124936453,0.6636806142595695,Northern Colorado,Southern Utah,4,4,14.5,400991349,2018-02-17
58,1,4:22,1462,1462,Brandon Better Defensive Rebound.,26,21,5,9,0.9340874471439812,0.6641879168877305,Northern Colorado,Southern Utah,4,4,14.5,400991349,2018-02-17
59,1,4:13,1453,1453,Brandon Better Offensive Rebound.,26,21,5,7,0.9339863975967607,0.6648521491830615,Northern Colorado,Southern Utah,4,4,14.5,400991349,2018-02-17
60,1,4:06,1446,1446,Jalen Sanders Defensive Rebound.,26,21,5,46,0.9339100781682758,0.6653756996873851,Northern Colorado,Southern Utah,4,4,14.5,400991349,2018-02-17
61,1,3:20,1400,1400,Jadon Cohee made Free Throw.,28,25,3,42,0.9135800661635309,0.60378192150372,Northern Colorado,Southern Utah,4,4,14.5,400991349,2018-02-17
62,1,2:38,1358,1358,James McGee Steal.,30,27,3,31,0.9123905714866797,0.6056295918672308,Northern Colorado,Southern Utah,4,4,14.5,400991349,2018-02-17
63,1,2:07,1327,1327,Jalen Sanders Defensive Rebound.,30,27,3,2,0.9114840970475468,0.6070044234060387,Northern Colorado,Southern Utah,4,4,14.5,400991349,2018-02-17
64,1,2:05,1325,1325,Jalen Sanders made Free Throw.,31,27,4,0,0.9224566048834827,0.6411029265649931,Northern Colorado,Southern Utah,4,4,14.5,400991349,2018-02-17
65,1,2:05,1325,1325,Jalen Sanders missed Free Throw.,31,27,4,0,0.9224566048834827,0.6411029265649931,Northern Colorado,Southern Utah,4,4,14.5,400991349,2018-02-17
66,1,2:05,1325,1325,Dwayne Morgan Defensive Rebound.,31,27,4,6,0.9224566048834827,0.6411029265649931,Northern Colorado,Southern Utah,4,4,14.5,400991349,2018-02-17
67,1,1:59,1319,1319,Tanner Morgan Defensive Rebound.,31,27,4,25,0.9223277192569681,0.6414528063743987,Northern Colorado,Southern Utah,4,4,14.5,400991349,2018-02-17
68,1,1:34,1294,1294,Andre Spight made Free Throw.,35,27,8,48,0.9550071926268108,0.7642951970313225,Northern Colorado,Southern Utah,4,4,14.5,400991349,2018-02-17
69,1,0:46,1246,1246,Northern Colorado Defensive Rebound.,38,30,8,17,0.9550319377952107,0.7691790465709968,Northern Colorado,Southern Utah,4,4,14.5,400991349,2018-02-17
70,1,0:29,1229,1229,Dwayne Morgan Defensive Rebound.,38,30,8,29,0.9550841042044237,0.7710659659096554,Northern Colorado,Southern Utah,4,4,14.5,400991349,2018-02-17
71,1,0:00,1200,1200,End of 1st half,38,33,5,0,0.9307201163884792,0.6837696278036713,Northern Colorado,Southern Utah,4,4,14.5,400991349,2018-02-17
72,2,20:00,1200,1200,PLAY,38,33,5,45,0.9307201163884792,0.6837696278036713,Northern Colorado,Southern Utah,4,4,14.5,400991349,2018-02-17
73,2,19:15,1155,1155,Tanner Morgan Offensive Rebound.,38,35,3,34,0.9068613416808096,0.6162599218815095,Northern Colorado,Southern Utah,4,4,14.5,400991349,2018-02-17
74,2,18:41,1121,1121,Jordan Davis Defensive Rebound.,40,35,5,14,0.9300134105584879,0.6906168451219699,Northern Colorado,Southern Utah,4,4,14.5,400991349,2018-02-17
75,2,18:27,1107,1107,Andre Spight made Free Throw.,44,35,9,54,0.9620157384258418,0.8108439436331215,Northern Colorado,Southern Utah,4,4,14.5,400991349,2018-02-17
76,2,17:33,1053,1053,Jadon Cohee made Free Throw.,46,38,8,36,0.9559447946143294,0.7908722173637125,Northern Colorado,Southern Utah,4,4,14.5,400991349,2018-02-17
77,2,16:57,1017,1017,James McGee made Free Throw.,48,41,7,20,0.9485703669814107,0.7663150594262496,Northern Colorado,Southern Utah,4,4,14.5,400991349,2018-02-17
78,2,16:37,997,997,Andre Spight made Free Throw.,49,41,8,0,0.9564604106162617,0.7979854385522698,Northern Colorado,Southern Utah,4,4,14.5,400991349,2018-02-17
79,2,16:37,997,997,Andre Spight made Free Throw.,50,41,9,0,0.9630766049414174,0.8242584074114323,Northern Colorado,Southern Utah,4,4,14.5,400991349,2018-02-17
80,2,16:37,997,997,Andre Spight missed Free Throw.,50,41,9,0,0.9630766049414174,0.8242584074114323,Northern Colorado,Southern Utah,4,4,14.5,400991349,2018-02-17
81,2,16:37,997,997,Tanner Morgan Offensive Rebound.,50,41,9,4,0.9630766049414174,0.8242584074114323,Northern Colorado,Southern Utah,4,4,14.5,400991349,2018-02-17
82,2,16:33,993,993,Tanner Morgan made Free Throw.,51,41,10,0,0.9687812242064383,0.8483199546254362,Northern Colorado,Southern Utah,4,4,14.5,400991349,2018-02-17
83,2,16:33,993,993,Tanner Morgan missed Free Throw.,51,41,10,0,0.9687812242064383,0.8483199546254362,Northern Colorado,Southern Utah,4,4,14.5,400991349,2018-02-17
84,2,16:33,993,993,Jadon Cohee Defensive Rebound.,51,41,10,15,0.9687812242064383,0.8483199546254362,Northern Colorado,Southern Utah,4,4,14.5,400991349,2018-02-17
85,2,16:18,978,978,Jordan Davis Defensive Rebound.,51,41,10,36,0.9690238681153349,0.8504552918647874,Northern Colorado,Southern Utah,4,4,14.5,400991349,2018-02-17
86,2,15:42,942,942,Anthony Johnson Defensive Rebound.,54,41,13,9,0.9819445858967263,0.9098236400965132,Northern Colorado,Southern Utah,4,4,14.5,400991349,2018-02-17
87,2,15:33,933,933,Jadon Cohee Defensive Rebound.,54,41,13,7,0.9820661763429974,0.910773482717441,Northern Colorado,Southern Utah,4,4,14.5,400991349,2018-02-17
88,2,15:26,926,926,Jacob Calloway Offensive Rebound.,54,41,13,3,0.9821562315117284,0.91148174760072,Northern Colorado,Southern Utah,4,4,14.5,400991349,2018-02-17
89,2,15:23,923,923,Jacob Calloway made Free Throw.,54,42,12,0,0.9787638047070236,0.8962173223984343,Northern Colorado,Southern Utah,4,4,14.5,400991349,2018-02-17
90,2,15:23,923,923,Jacob Calloway made Free Throw.,54,43,11,17,0.9746901582642372,0.8782783690716671,Northern Colorado,Southern Utah,4,4,14.5,400991349,2018-02-17
91,2,15:06,906,906,Jacob Calloway Defensive Rebound.,54,43,11,27,0.9749008416537785,0.8800940182289669,Northern Colorado,Southern Utah,4,4,14.5,400991349,2018-02-17
92,2,14:39,879,879,Anthony Johnson Steal.,54,43,11,20,0.9752160080419906,0.8828188637653366,Northern Colorado,Southern Utah,4,4,14.5,400991349,2018-02-17
93,2,14:19,859,859,Kai Edwards Offensive Rebound.,56,43,13,31,0.9829247078819288,0.9175441761218419,Northern Colorado,Southern Utah,4,4,14.5,400991349,2018-02-17
94,2,13:48,828,828,Dwayne Morgan Defensive Rebound.,58,43,15,45,0.9884785123500766,0.9439378116922021,Northern Colorado,Southern Utah,4,4,14.5,400991349,2018-02-17
95,2,13:03,783,783,Kai Edwards Defensive Rebound.,60,46,14,25,0.9867497333486215,0.9373562832120068,Northern Colorado,Southern Utah,4,4,14.5,400991349,2018-02-17
96,2,12:38,758,758,Dwayne Morgan missed Free Throw.,62,46,16,0,0.9913146862879677,0.9587954054000969,Northern Colorado,Southern Utah,4,4,14.5,400991349,2018-02-17
97,2,12:38,758,758,Southern Utah Deadball Team Rebound.,62,46,16,0,0.9913146862879677,0.9587954054000969,Northern Colorado,Southern Utah,4,4,14.5,400991349,2018-02-17
98,2,12:38,758,758,Dwayne Morgan made Free Throw.,62,47,15,8,0.9894466553172576,0.950283923003524,Northern Colorado,Southern Utah,4,4,14.5,400991349,2018-02-17
99,2,12:30,750,750,Jonah Radebaugh Offensive Rebound.,62,47,15,11,0.9895862127722375,0.9511456248538688,Northern Colorado,Southern Utah,4,4,14.5,400991349,2018-02-17
100,2,12:19,739,739,Northern Colorado Defensive Rebound.,62,47,15,16,0.9897894697132871,0.9523835227674462,Northern Colorado,Southern Utah,4,4,14.5,400991349,2018-02-17
101,2,12:03,723,723,Brandon Better Steal.,62,47,15,5,0.990101018572899,0.9542536655614381,Northern Colorado,Southern Utah,4,4,14.5,400991349,2018-02-17
102,2,11:58,718,718,Jamal Aytes Offensive Rebound.,62,47,15,28,0.990191298089068,0.9547993324824607,Northern Colorado,Southern Utah,4,4,14.5,400991349,2018-02-17
103,2,11:30,690,690,Jonah Radebaugh Defensive Rebound.,65,49,16,13,0.992367220129384,0.9651557523546572,Northern Colorado,Southern Utah,4,4,14.5,400991349,2018-02-17
104,2,11:17,677,677,James McGee Defensive Rebound.,65,49,16,30,0.9925202184120951,0.9661035386108779,Northern Colorado,Southern Utah,4,4,14.5,400991349,2018-02-17
105,2,10:47,647,647,Jamal Aytes Defensive Rebound.,65,51,14,77,0.9890866130230835,0.9520086824367152,Northern Colorado,Southern Utah,4,4,14.5,400991349,2018-02-17
106,2,9:30,570,570,James McGee Defensive Rebound.,68,55,13,14,0.9880261700861597,0.950157600478264,Northern Colorado,Southern Utah,4,4,14.5,400991349,2018-02-17
107,2,9:16,556,556,Brandon Better Offensive Rebound.,68,55,13,37,0.9884155904515839,0.9522463737651371,Northern Colorado,Southern Utah,4,4,14.5,400991349,2018-02-17
108,2,8:39,519,519,Andre Spight Steal.,71,57,14,3,0.9915976711080831,0.9660449149432532,Northern Colorado,Southern Utah,4,4,14.5,400991349,2018-02-17
109,2,8:36,516,516,Andre Spight missed Free Throw.,71,57,14,0,0.9916491071475388,0.966326297876057,Northern Colorado,Southern Utah,4,4,14.5,400991349,2018-02-17
110,2,8:36,516,516,Northern Colorado Deadball Team Rebound.,71,57,14,0,0.9916491071475388,0.966326297876057,Northern Colorado,Southern Utah,4,4,14.5,400991349,2018-02-17
111,2,8:36,516,516,Andre Spight made Free Throw.,72,57,15,73,0.993417727342824,0.9733136631711427,Northern Colorado,Southern Utah,4,4,14.5,400991349,2018-02-17
112,2,7:23,443,443,Andre Spight made Free Throw.,75,61,14,0,0.9930420692765478,0.9735054713195196,Northern Colorado,Southern Utah,4,4,14.5,400991349,2018-02-17
113,2,7:23,443,443,Andre Spight made Free Throw.,76,61,15,9,0.994612742388643,0.9793947984884686,Northern Colorado,Southern Utah,4,4,14.5,400991349,2018-02-17
114,2,7:14,434,434,James McGee made Free Throw.,76,62,14,0,0.9932971837449371,0.9746895403791391,Northern Colorado,Southern Utah,4,4,14.5,400991349,2018-02-17
115,2,7:14,434,434,James McGee made Free Throw.,76,63,13,40,0.9913174836517211,0.9673944121550835,Northern Colorado,Southern Utah,4,4,14.5,400991349,2018-02-17
116,2,6:34,394,394,Dwayne Morgan missed Free Throw.,78,65,13,0,0.9925405574090946,0.9731282131212645,Northern Colorado,Southern Utah,4,4,14.5,400991349,2018-02-17
117,2,6:34,394,394,Jalen Sanders Defensive Rebound.,78,65,13,26,0.9925405574090946,0.9731282131212645,Northern Colorado,Southern Utah,4,4,14.5,400991349,2018-02-17
118,2,6:08,368,368,James McGee Defensive Rebound.,78,65,13,11,0.9932085412015956,0.9762776979093158,Northern Colorado,Southern Utah,4,4,14.5,400991349,2018-02-17
119,2,5:57,357,357,Jadon Cohee made Free Throw.,78,66,12,0,0.9913386657318319,0.9703197987096892,Northern Colorado,Southern Utah,4,4,14.5,400991349,2018-02-17
120,2,5:57,357,357,Jadon Cohee made Free Throw.,78,67,11,55,0.9884515908240548,0.9607042427771334,Northern Colorado,Southern Utah,4,4,14.5,400991349,2018-02-17
121,2,5:02,302,302,Kai Edwards Defensive Rebound.,82,69,13,16,0.9953211399180123,0.9850492529808359,Northern Colorado,Southern Utah,4,4,14.5,400991349,2018-02-17
122,2,4:46,286,286,Andre Spight made Free Throw.,83,69,14,0,0.996648903825899,0.9895154868775916,Northern Colorado,Southern Utah,4,4,14.5,400991349,2018-02-17
123,2,4:46,286,286,Andre Spight made Free Throw.,84,69,15,42,0.9975760243694766,0.992401104731339,Northern Colorado,Southern Utah,4,4,14.5,400991349,2018-02-17
124,2,4:04,244,244,Jacob Calloway missed Free Throw.,86,74,12,0,0.9923156233802762,0.9776448626457497,Northern Colorado,Southern Utah,4,4,14.5,400991349,2018-02-17
125,2,4:04,244,244,Kai Edwards Defensive Rebound.,86,74,12,71,0.9923156233802762,0.9776448626457497,Northern Colorado,Southern Utah,4,4,14.5,400991349,2018-02-17
126,2,2:53,173,173,Jacob Calloway Offensive Rebound.,91,76,15,43,0.998899347759043,0.9971598139145024,Northern Colorado,Southern Utah,4,4,14.5,400991349,2018-02-17
127,2,2:10,130,130,Anthony Johnson Steal.,91,78,13,2,0.9993539128374829,0.998483376636884,Northern Colorado,Southern Utah,4,4,14.5,400991349,2018-02-17
128,2,2:08,128,128,Andre Spight made Free Throw.,92,78,14,0,0.9996382504824426,0.9991544761642541,Northern Colorado,Southern Utah,4,4,14.5,400991349,2018-02-17
129,2,2:08,128,128,Andre Spight made Free Throw.,93,78,15,33,0.9997817242353422,0.9994897220770735,Northern Colorado,Southern Utah,4,4,14.5,400991349,2018-02-17
130,2,1:35,95,95,Andre Spight made Free Throw.,94,80,14,0,0.9999292995075992,0.9998475829500137,Northern Colorado,Southern Utah,4,4,14.5,400991349,2018-02-17
131,2,1:35,95,95,Andre Spight made Free Throw.,95,80,15,15,0.9999622600759558,0.9999186366762717,Northern Colorado,Southern Utah,4,4,14.5,400991349,2018-02-17
132,2,1:20,80,80,Andre Spight Defensive Rebound.,95,80,15,9,0.9999858281385433,0.9999706198973286,Northern Colorado,Southern Utah,4,4,14.5,400991349,2018-02-17
133,2,1:11,71,71,Anthony Johnson Defensive Rebound.,95,80,15,21,0.9999924825361348,0.9999847873058157,Northern Colorado,Southern Utah,4,4,14.5,400991349,2018-02-17
134,2,0:50,50,50,James McGee Defensive Rebound.,95,80,15,7,0.9999985160526323,0.9999971672564602,Northern Colorado,Southern Utah,4,4,14.5,400991349,2018-02-17
135,2,0:43,43,43,Jordan Davis Defensive Rebound.,95,80,15,24,0.9999991737386247,0.9999984540933954,Northern Colorado,Southern Utah,4,4,14.5,400991349,2018-02-17
136,2,0:19,19,19,Tanner Morgan Steal.,97,80,17,0,0.9999999884028976,0.999999979794998,Northern Colorado,Southern Utah,4,4,14.5,400991349,2018-02-17
