play_id,half,time_remaining_half,secs_remaining,secs_remaining_absolute,description,home_score,away_score,score_diff,play_length,win_prob,naive_win_prob,home,away,home_time_out_remaining,away_time_out_remaining,home_favored_by,game_id,date
1,1,20:00,2400,2400,PLAY,0,0,0,46,0.5,0.5,Tennessee State,Eastern Kentucky,4,4,NA,400991038,2018-02-17
2,1,19:14,2354,2354,Ken'Darrius Hamilton Defensive Rebound.,2,0,2,18,0.5450043310338967,0.5450043310338967,Tennessee State,Eastern Kentucky,4,4,NA,400991038,2018-02-17
3,1,18:56,2336,2336,DeAndre Dishman Defensive Rebound.,2,0,2,64,0.5453948652273468,0.5453948652273468,Tennessee State,Eastern Kentucky,4,4,NA,400991038,2018-02-17
4,1,17:52,2272,2272,Darreon Reddick Steal.,5,0,5,13,0.6152669606316836,0.6152669606316836,Tennessee State,Eastern Kentucky,4,4,NA,400991038,2018-02-17
5,1,17:39,2259,2259,Zach Charles Defensive Rebound.,5,0,5,45,0.6159662791029149,0.6159662791029149,Tennessee State,Eastern Kentucky,4,4,NA,400991038,2018-02-17
6,1,16:54,2214,2214,JacQuess Hobbs Defensive Rebound.,5,2,3,9,0.5719168081371919,0.5719168081371919,Tennessee State,Eastern Kentucky,4,4,NA,400991038,2018-02-17
7,1,16:45,2205,2205,Christian Mekowulu Steal.,5,2,3,6,0.572222671317074,0.572222671317074,Tennessee State,Eastern Kentucky,4,4,NA,400991038,2018-02-17
8,1,16:39,2199,2199,JacQuess Hobbs Defensive Rebound.,5,2,3,12,0.572426916502672,0.572426916502672,Tennessee State,Eastern Kentucky,4,4,NA,400991038,2018-02-17
9,1,16:27,2187,2187,Ken'Darrius Hamilton Defensive Rebound.,5,2,3,26,0.5728361382170892,0.5728361382170892,Tennessee State,Eastern Kentucky,4,4,NA,400991038,2018-02-17
10,1,16:01,2161,2161,Armani Chaney Steal.,5,2,3,22,0.5737258080799493,0.5737258080799493,Tennessee State,Eastern Kentucky,4,4,NA,400991038,2018-02-17
11,1,15:39,2139,2139,DeAndre Dishman Steal.,5,2,3,7,0.5744836413761442,0.5744836413761442,Tennessee State,Eastern Kentucky,4,4,NA,400991038,2018-02-17
12,1,15:32,2132,2132,Christian Mekowulu Defensive Rebound.,5,2,3,58,0.5747259452953509,0.5747259452953509,Tennessee State,Eastern Kentucky,4,4,NA,400991038,2018-02-17
13,1,14:34,2074,2074,JacQuess Hobbs Defensive Rebound.,7,4,3,7,0.576758114500054,0.576758114500054,Tennessee State,Eastern Kentucky,4,4,NA,400991038,2018-02-17
14,1,14:27,2067,2067,Nick Mayo made Free Throw.,7,5,2,0,0.5515655296841933,0.5515655296841933,Tennessee State,Eastern Kentucky,4,4,NA,400991038,2018-02-17
15,1,14:27,2067,2067,Nick Mayo made Free Throw.,7,6,1,24,0.5258516883387218,0.5258516883387218,Tennessee State,Eastern Kentucky,4,4,NA,400991038,2018-02-17
16,1,14:03,2043,2043,Kamar McKnight made Free Throw.,8,6,2,0,0.5521451263571212,0.5521451263571212,Tennessee State,Eastern Kentucky,4,4,NA,400991038,2018-02-17
17,1,14:03,2043,2043,Kamar McKnight made Free Throw.,9,6,3,34,0.577864370066,0.577864370066,Tennessee State,Eastern Kentucky,4,4,NA,400991038,2018-02-17
18,1,13:29,2009,2009,Stokley Chaffee Jr. missed Free Throw.,9,9,0,0,0.5,0.5,Tennessee State,Eastern Kentucky,4,4,NA,400991038,2018-02-17
19,1,13:29,2009,2009,Tennessee State Deadball Team Rebound.,9,9,0,0,0.5,0.5,Tennessee State,Eastern Kentucky,4,4,NA,400991038,2018-02-17
20,1,13:29,2009,2009,Stokley Chaffee Jr. made Free Throw.,10,9,1,95,0.5265635857943932,0.5265635857943932,Tennessee State,Eastern Kentucky,4,4,NA,400991038,2018-02-17
21,1,11:54,1914,1914,Tennessee State Offensive Rebound.,10,15,-5,0,0.36444846879729903,0.36444846879729903,Tennessee State,Eastern Kentucky,4,4,NA,400991038,2018-02-17
22,1,11:54,1914,1914,Zach Charles Block.,10,15,-5,19,0.36444846879729903,0.36444846879729903,Tennessee State,Eastern Kentucky,4,4,NA,400991038,2018-02-17
23,1,11:35,1895,1895,Armani Chaney Offensive Rebound.,10,15,-5,34,0.3633037493791009,0.3633037493791009,Tennessee State,Eastern Kentucky,4,4,NA,400991038,2018-02-17
24,1,11:01,1861,1861,Christian Mekowulu missed Free Throw.,10,17,-7,0,0.3104798421109272,0.3104798421109272,Tennessee State,Eastern Kentucky,4,4,NA,400991038,2018-02-17
25,1,11:01,1861,1861,Tennessee State Deadball Team Rebound.,10,17,-7,0,0.3104798421109272,0.3104798421109272,Tennessee State,Eastern Kentucky,4,4,NA,400991038,2018-02-17
26,1,11:01,1861,1861,Christian Mekowulu made Free Throw.,11,17,-6,29,0.33539263847637213,0.33539263847637213,Tennessee State,Eastern Kentucky,4,4,NA,400991038,2018-02-17
27,1,10:32,1832,1832,Darreon Reddick Block.,11,17,-6,0,0.33336176782935384,0.33336176782935384,Tennessee State,Eastern Kentucky,4,4,NA,400991038,2018-02-17
28,1,10:32,1832,1832,Zach Charles Offensive Rebound.,11,17,-6,0,0.33336176782935384,0.33336176782935384,Tennessee State,Eastern Kentucky,4,4,NA,400991038,2018-02-17
29,1,10:32,1832,1832,Zach Charles made Free Throw.,11,18,-7,0,0.30820544566917774,0.30820544566917774,Tennessee State,Eastern Kentucky,4,4,NA,400991038,2018-02-17
30,1,10:32,1832,1832,Zach Charles made Free Throw.,11,19,-8,66,0.2841383534973325,0.2841383534973325,Tennessee State,Eastern Kentucky,4,4,NA,400991038,2018-02-17
31,1,9:26,1766,1766,Nick Mayo Offensive Rebound.,13,22,-9,16,0.2551458218559536,0.2551458218559536,Tennessee State,Eastern Kentucky,4,4,NA,400991038,2018-02-17
32,1,9:10,1750,1750,Darreon Reddick Defensive Rebound.,13,22,-9,15,0.2536427725680819,0.2536427725680819,Tennessee State,Eastern Kentucky,4,4,NA,400991038,2018-02-17
33,1,8:55,1735,1735,Nick Mayo Defensive Rebound.,13,22,-9,43,0.2522210190006028,0.2522210190006028,Tennessee State,Eastern Kentucky,4,4,NA,400991038,2018-02-17
34,1,8:12,1692,1692,Christian Mekowulu made Free Throw.,16,22,-6,13,0.3231545745110944,0.3231545745110944,Tennessee State,Eastern Kentucky,4,4,NA,400991038,2018-02-17
35,1,7:59,1679,1679,Christian Mekowulu Defensive Rebound.,16,22,-6,22,0.32216172402085386,0.32216172402085386,Tennessee State,Eastern Kentucky,4,4,NA,400991038,2018-02-17
36,1,7:37,1657,1657,Christian Mekowulu Offensive Rebound.,16,22,-6,4,0.32052489944583623,0.32052489944583623,Tennessee State,Eastern Kentucky,4,4,NA,400991038,2018-02-17
37,1,7:33,1653,1653,Christian Mekowulu Offensive Rebound.,16,22,-6,69,0.3202322530607074,0.3202322530607074,Tennessee State,Eastern Kentucky,4,4,NA,400991038,2018-02-17
38,1,6:24,1584,1584,Ken'Darrius Hamilton Offensive Rebound.,16,25,-9,4,0.23809926993761926,0.23809926993761926,Tennessee State,Eastern Kentucky,4,4,NA,400991038,2018-02-17
39,1,6:20,1580,1580,Ken'Darrius Hamilton made Free Throw.,17,25,-8,0,0.2619912674781011,0.2619912674781011,Tennessee State,Eastern Kentucky,4,4,NA,400991038,2018-02-17
40,1,6:20,1580,1580,Ken'Darrius Hamilton made Free Throw.,18,25,-7,26,0.2877803339658388,0.2877803339658388,Tennessee State,Eastern Kentucky,4,4,NA,400991038,2018-02-17
41,1,5:54,1554,1554,Christian Mekowulu Defensive Rebound.,18,25,-7,18,0.2857231269723871,0.2857231269723871,Tennessee State,Eastern Kentucky,4,4,NA,400991038,2018-02-17
42,1,5:36,1536,1536,Lachlan Anderson Defensive Rebound.,18,25,-7,18,0.28427519856923184,0.28427519856923184,Tennessee State,Eastern Kentucky,4,4,NA,400991038,2018-02-17
43,1,5:18,1518,1518,Ken'Darrius Hamilton Steal.,18,25,-7,23,0.2827976553279142,0.2827976553279142,Tennessee State,Eastern Kentucky,4,4,NA,400991038,2018-02-17
44,1,4:55,1495,1495,Ken'Darrius Hamilton Steal.,20,25,-5,39,0.33813930157188365,0.33813930157188365,Tennessee State,Eastern Kentucky,4,4,NA,400991038,2018-02-17
45,1,4:16,1456,1456,Stokley Chaffee Jr. Defensive Rebound.,20,25,-5,10,0.33537080546293674,0.33537080546293674,Tennessee State,Eastern Kentucky,4,4,NA,400991038,2018-02-17
46,1,4:06,1446,1446,Armani Chaney Offensive Rebound.,20,25,-5,18,0.334624300312615,0.334624300312615,Tennessee State,Eastern Kentucky,4,4,NA,400991038,2018-02-17
47,1,3:48,1428,1428,Nick Mayo Block.,20,25,-5,1,0.33331135466728395,0.33331135466728395,Tennessee State,Eastern Kentucky,4,4,NA,400991038,2018-02-17
48,1,3:47,1427,1427,Eastern Kentucky Defensive Rebound.,20,25,-5,60,0.3332398145895112,0.3332398145895112,Tennessee State,Eastern Kentucky,4,4,NA,400991038,2018-02-17
49,1,2:47,1367,1367,Lachlan Anderson Defensive Rebound.,20,28,-8,20,0.24240548767243927,0.24240548767243927,Tennessee State,Eastern Kentucky,4,4,NA,400991038,2018-02-17
50,1,2:27,1347,1347,Darreon Reddick Defensive Rebound.,20,28,-8,54,0.24060844530988978,0.24060844530988978,Tennessee State,Eastern Kentucky,4,4,NA,400991038,2018-02-17
51,1,1:33,1293,1293,Zach Charles Defensive Rebound.,20,31,-11,22,0.16544642785714908,0.16544642785714908,Tennessee State,Eastern Kentucky,4,4,NA,400991038,2018-02-17
52,1,1:11,1271,1271,JacQuess Hobbs missed Free Throw.,20,31,-11,0,0.16316203985670458,0.16316203985670458,Tennessee State,Eastern Kentucky,4,4,NA,400991038,2018-02-17
53,1,1:11,1271,1271,Kamar McKnight Defensive Rebound.,20,31,-11,18,0.16316203985670458,0.16316203985670458,Tennessee State,Eastern Kentucky,4,4,NA,400991038,2018-02-17
54,1,0:53,1253,1253,JacQuess Hobbs Defensive Rebound.,20,31,-11,9,0.16120917941948545,0.16120917941948545,Tennessee State,Eastern Kentucky,4,4,NA,400991038,2018-02-17
55,1,0:44,1244,1244,Armani Chaney Defensive Rebound.,20,31,-11,36,0.1601995712002089,0.1601995712002089,Tennessee State,Eastern Kentucky,4,4,NA,400991038,2018-02-17
56,1,0:08,1208,1208,JacQuess Hobbs Steal.,23,31,-8,7,0.22646310934661765,0.22646310934661765,Tennessee State,Eastern Kentucky,4,4,NA,400991038,2018-02-17
57,1,0:01,1201,1201,Delano Spencer missed Free Throw.,23,31,-8,0,0.2256281377352615,0.2256281377352615,Tennessee State,Eastern Kentucky,4,4,NA,400991038,2018-02-17
58,1,0:01,1201,1201,Tennessee State Deadball Team Rebound.,23,31,-8,0,0.2256281377352615,0.2256281377352615,Tennessee State,Eastern Kentucky,4,4,NA,400991038,2018-02-17
59,1,0:01,1201,1201,Delano Spencer made Free Throw.,24,31,-7,1,0.2536918072280752,0.2536918072280752,Tennessee State,Eastern Kentucky,4,4,NA,400991038,2018-02-17
60,1,0:00,1200,1200,End of 1st half,24,31,-7,0,0.2535798049742589,0.2535798049742589,Tennessee State,Eastern Kentucky,4,4,NA,400991038,2018-02-17
61,2,20:00,1200,1200,PLAY,24,31,-7,35,0.2535798049742589,0.2535798049742589,Tennessee State,Eastern Kentucky,4,4,NA,400991038,2018-02-17
62,2,19:25,1165,1165,DeAndre Dishman Steal.,24,33,-9,19,0.19561686535425976,0.19561686535425976,Tennessee State,Eastern Kentucky,4,4,NA,400991038,2018-02-17
63,2,19:06,1146,1146,Christian Mekowulu Offensive Rebound.,24,35,-11,2,0.1487066920160433,0.1487066920160433,Tennessee State,Eastern Kentucky,4,4,NA,400991038,2018-02-17
64,2,19:04,1144,1144,Christian Mekowulu made Two Point Tip Shot.,26,35,-9,99,0.1932582906197909,0.1932582906197909,Tennessee State,Eastern Kentucky,4,4,NA,400991038,2018-02-17
65,2,17:25,1045,1045,Zach Charles Block.,29,37,-8,2,0.20817432580179557,0.20817432580179557,Tennessee State,Eastern Kentucky,4,4,NA,400991038,2018-02-17
66,2,17:23,1043,1043,DeAndre Dishman Defensive Rebound.,29,37,-8,23,0.20793316901564007,0.20793316901564007,Tennessee State,Eastern Kentucky,4,4,NA,400991038,2018-02-17
67,2,17:00,1020,1020,Zach Charles Defensive Rebound.,29,39,-10,43,0.15529893099326703,0.15529893099326703,Tennessee State,Eastern Kentucky,4,4,NA,400991038,2018-02-17
68,2,16:17,977,977,Ken'Darrius Hamilton Offensive Rebound.,29,42,-13,12,0.09439455868299744,0.09439455868299744,Tennessee State,Eastern Kentucky,4,4,NA,400991038,2018-02-17
69,2,16:05,965,965,Armani Chaney missed Free Throw.,31,42,-11,0,0.12690315755637258,0.12690315755637258,Tennessee State,Eastern Kentucky,4,4,NA,400991038,2018-02-17
70,2,16:05,965,965,Stokley Chaffee Jr. Offensive Rebound.,31,42,-11,18,0.12690315755637258,0.12690315755637258,Tennessee State,Eastern Kentucky,4,4,NA,400991038,2018-02-17
71,2,15:47,947,947,Kamar McKnight Defensive Rebound.,31,42,-11,7,0.12452918236473312,0.12452918236473312,Tennessee State,Eastern Kentucky,4,4,NA,400991038,2018-02-17
72,2,15:40,940,940,JacQuess Hobbs Steal.,31,42,-11,49,0.12367361850186627,0.12367361850186627,Tennessee State,Eastern Kentucky,4,4,NA,400991038,2018-02-17
73,2,14:51,891,891,Stokley Chaffee Jr. Steal.,33,45,-12,31,0.10061396634316525,0.10061396634316525,Tennessee State,Eastern Kentucky,4,4,NA,400991038,2018-02-17
74,2,14:20,860,860,Kamar McKnight missed Free Throw.,37,47,-10,0,0.13557709942084498,0.13557709942084498,Tennessee State,Eastern Kentucky,4,4,NA,400991038,2018-02-17
75,2,14:20,860,860,Nick Mayo Defensive Rebound.,37,47,-10,40,0.13557709942084498,0.13557709942084498,Tennessee State,Eastern Kentucky,4,4,NA,400991038,2018-02-17
76,2,13:40,820,820,Nick Mayo made Free Throw.,37,50,-13,0,0.07888438352862857,0.07888438352862857,Tennessee State,Eastern Kentucky,4,4,NA,400991038,2018-02-17
77,2,13:40,820,820,Nick Mayo made Free Throw.,37,51,-14,9,0.06619587127156118,0.06619587127156118,Tennessee State,Eastern Kentucky,4,4,NA,400991038,2018-02-17
78,2,13:31,811,811,Kamar McKnight missed Free Throw.,37,51,-14,0,0.06538215683148572,0.06538215683148572,Tennessee State,Eastern Kentucky,4,4,NA,400991038,2018-02-17
79,2,13:31,811,811,Tennessee State Deadball Team Rebound.,37,51,-14,0,0.06538215683148572,0.06538215683148572,Tennessee State,Eastern Kentucky,4,4,NA,400991038,2018-02-17
80,2,13:31,811,811,Kamar McKnight made Free Throw.,38,51,-13,24,0.07799569152339592,0.07799569152339592,Tennessee State,Eastern Kentucky,4,4,NA,400991038,2018-02-17
81,2,13:07,787,787,Delano Spencer Defensive Rebound.,38,51,-13,21,0.07545014183851022,0.07545014183851022,Tennessee State,Eastern Kentucky,4,4,NA,400991038,2018-02-17
82,2,12:46,766,766,Nick Mayo made Free Throw.,40,52,-12,0,0.08735233708938464,0.08735233708938464,Tennessee State,Eastern Kentucky,4,4,NA,400991038,2018-02-17
83,2,12:46,766,766,Nick Mayo made Free Throw.,40,53,-13,15,0.07297027631509985,0.07297027631509985,Tennessee State,Eastern Kentucky,4,4,NA,400991038,2018-02-17
84,2,12:31,751,751,Zach Charles Offensive Rebound.,40,53,-13,54,0.07103221526704123,0.07103221526704123,Tennessee State,Eastern Kentucky,4,4,NA,400991038,2018-02-17
85,2,11:37,697,697,Darreon Reddick Defensive Rebound.,42,53,-11,44,0.09342666972747217,0.09342666972747217,Tennessee State,Eastern Kentucky,4,4,NA,400991038,2018-02-17
86,2,10:53,653,653,Armani Chaney Steal.,45,53,-8,10,0.15437866622960147,0.15437866622960147,Tennessee State,Eastern Kentucky,4,4,NA,400991038,2018-02-17
87,2,10:43,643,643,Dujuanta Weaver Defensive Rebound.,45,53,-8,21,0.15295967112694123,0.15295967112694123,Tennessee State,Eastern Kentucky,4,4,NA,400991038,2018-02-17
88,2,10:22,622,622,Zach Charles made Free Throw.,45,54,-9,0,0.12423394947495187,0.12423394947495187,Tennessee State,Eastern Kentucky,4,4,NA,400991038,2018-02-17
89,2,10:22,622,622,Zach Charles missed Free Throw.,45,54,-9,0,0.12423394947495187,0.12423394947495187,Tennessee State,Eastern Kentucky,4,4,NA,400991038,2018-02-17
90,2,10:22,622,622,Christian Mekowulu Defensive Rebound.,45,54,-9,16,0.12423394947495187,0.12423394947495187,Tennessee State,Eastern Kentucky,4,4,NA,400991038,2018-02-17
91,2,10:06,606,606,Zach Charles Defensive Rebound.,45,54,-9,33,0.12172191048393055,0.12172191048393055,Tennessee State,Eastern Kentucky,4,4,NA,400991038,2018-02-17
92,2,9:33,573,573,Zach Charles Defensive Rebound.,45,54,-9,26,0.11561992130227926,0.11561992130227926,Tennessee State,Eastern Kentucky,4,4,NA,400991038,2018-02-17
93,2,9:07,547,547,Zach Charles Offensive Rebound.,45,54,-9,23,0.10969101001348933,0.10969101001348933,Tennessee State,Eastern Kentucky,4,4,NA,400991038,2018-02-17
94,2,8:44,524,524,Zach Charles Block.,45,57,-12,2,0.05430608290266857,0.05430608290266857,Tennessee State,Eastern Kentucky,4,4,NA,400991038,2018-02-17
95,2,8:42,522,522,Dillon Avare Defensive Rebound.,45,57,-12,13,0.054045862763400725,0.054045862763400725,Tennessee State,Eastern Kentucky,4,4,NA,400991038,2018-02-17
96,2,8:29,509,509,Darreon Reddick Steal.,45,57,-12,34,0.052443389323702426,0.052443389323702426,Tennessee State,Eastern Kentucky,4,4,NA,400991038,2018-02-17
97,2,7:55,475,475,Darreon Reddick Defensive Rebound.,47,57,-10,18,0.07705992708906316,0.07705992708906316,Tennessee State,Eastern Kentucky,4,4,NA,400991038,2018-02-17
98,2,7:37,457,457,Zach Charles Defensive Rebound.,47,57,-10,43,0.07380085516948653,0.07380085516948653,Tennessee State,Eastern Kentucky,4,4,NA,400991038,2018-02-17
99,2,6:54,414,414,Zach Charles Defensive Rebound.,47,59,-12,18,0.038232265450485435,0.038232265450485435,Tennessee State,Eastern Kentucky,4,4,NA,400991038,2018-02-17
100,2,6:36,396,396,Stokley Chaffee Jr. Offensive Rebound.,47,59,-12,35,0.03541347542498114,0.03541347542498114,Tennessee State,Eastern Kentucky,4,4,NA,400991038,2018-02-17
101,2,6:01,361,361,Delano Spencer made Free Throw.,50,59,-9,0,0.06915700125865838,0.06915700125865838,Tennessee State,Eastern Kentucky,4,4,NA,400991038,2018-02-17
102,2,6:01,361,361,Delano Spencer made Free Throw.,51,59,-8,4,0.0902279759477803,0.0902279759477803,Tennessee State,Eastern Kentucky,4,4,NA,400991038,2018-02-17
103,2,5:57,357,357,JacQuess Hobbs missed Free Throw.,51,59,-8,0,0.08909270521232686,0.08909270521232686,Tennessee State,Eastern Kentucky,4,4,NA,400991038,2018-02-17
104,2,5:57,357,357,Stokley Chaffee Jr. Defensive Rebound.,51,59,-8,14,0.08909270521232686,0.08909270521232686,Tennessee State,Eastern Kentucky,4,4,NA,400991038,2018-02-17
105,2,5:43,343,343,Stokley Chaffee Jr. Offensive Rebound.,51,59,-8,2,0.08488044868515719,0.08488044868515719,Tennessee State,Eastern Kentucky,4,4,NA,400991038,2018-02-17
106,2,5:41,341,341,Stokley Chaffee Jr. missed Free Throw.,51,59,-8,0,0.08424424417880542,0.08424424417880542,Tennessee State,Eastern Kentucky,4,4,NA,400991038,2018-02-17
107,2,5:41,341,341,Tennessee State Deadball Team Rebound.,51,59,-8,1,0.08424424417880542,0.08424424417880542,Tennessee State,Eastern Kentucky,4,4,NA,400991038,2018-02-17
108,2,5:40,340,340,Stokley Chaffee Jr. made Free Throw.,52,59,-7,11,0.10993258638997404,0.10993258638997404,Tennessee State,Eastern Kentucky,4,4,NA,400991038,2018-02-17
109,2,5:29,329,329,DeAndre Dishman made Free Throw.,52,60,-8,0,0.08022201319298393,0.08022201319298393,Tennessee State,Eastern Kentucky,4,4,NA,400991038,2018-02-17
110,2,5:29,329,329,DeAndre Dishman made Free Throw.,52,61,-9,73,0.06041214522737255,0.06041214522737255,Tennessee State,Eastern Kentucky,4,4,NA,400991038,2018-02-17
111,2,4:16,256,256,Nick Mayo Block.,56,65,-9,3,0.05422127274428913,0.05422127274428913,Tennessee State,Eastern Kentucky,4,4,NA,400991038,2018-02-17
112,2,4:13,253,253,Nick Mayo Defensive Rebound.,56,65,-9,15,0.054611750938432284,0.054611750938432284,Tennessee State,Eastern Kentucky,4,4,NA,400991038,2018-02-17
113,2,3:58,238,238,Armani Chaney Steal.,56,65,-9,17,0.05582433788284344,0.05582433788284344,Tennessee State,Eastern Kentucky,4,4,NA,400991038,2018-02-17
114,2,3:41,221,221,Nick Mayo Block.,56,65,-9,0,0.054289943832475235,0.054289943832475235,Tennessee State,Eastern Kentucky,4,4,NA,400991038,2018-02-17
115,2,3:41,221,221,Tennessee State Offensive Rebound.,56,65,-9,10,0.054289943832475235,0.054289943832475235,Tennessee State,Eastern Kentucky,4,4,NA,400991038,2018-02-17
116,2,3:31,211,211,Zach Charles Defensive Rebound.,56,65,-9,5,0.05125736555041251,0.05125736555041251,Tennessee State,Eastern Kentucky,4,4,NA,400991038,2018-02-17
117,2,3:26,206,206,Christian Mekowulu Steal.,56,65,-9,5,0.04908082461456572,0.04908082461456572,Tennessee State,Eastern Kentucky,4,4,NA,400991038,2018-02-17
118,2,3:21,201,201,JacQuess Hobbs made Free Throw.,56,66,-10,0,0.03366856161713845,0.03366856161713845,Tennessee State,Eastern Kentucky,4,4,NA,400991038,2018-02-17
119,2,3:21,201,201,JacQuess Hobbs made Free Throw.,56,67,-11,9,0.024301000751774375,0.024301000751774375,Tennessee State,Eastern Kentucky,4,4,NA,400991038,2018-02-17
120,2,3:12,192,192,Nick Mayo Defensive Rebound.,56,67,-11,15,0.02066479610197153,0.02066479610197153,Tennessee State,Eastern Kentucky,4,4,NA,400991038,2018-02-17
121,2,2:57,177,177,Christian Mekowulu Block.,56,67,-11,1,0.014724070069563576,0.014724070069563576,Tennessee State,Eastern Kentucky,4,4,NA,400991038,2018-02-17
122,2,2:56,176,176,Christian Mekowulu Defensive Rebound.,56,67,-11,5,0.014386572567150454,0.014386572567150454,Tennessee State,Eastern Kentucky,4,4,NA,400991038,2018-02-17
123,2,2:51,171,171,Zach Charles Defensive Rebound.,56,67,-11,14,0.012792545367662108,0.012792545367662108,Tennessee State,Eastern Kentucky,4,4,NA,400991038,2018-02-17
124,2,2:37,157,157,Zach Charles missed Free Throw.,56,67,-11,0,0.009043639407661282,0.009043639407661282,Tennessee State,Eastern Kentucky,4,4,NA,400991038,2018-02-17
125,2,2:37,157,157,Eastern Kentucky Deadball Team Rebound.,56,67,-11,0,0.009043639407661282,0.009043639407661282,Tennessee State,Eastern Kentucky,4,4,NA,400991038,2018-02-17
126,2,2:37,157,157,Zach Charles made Free Throw.,56,68,-12,12,0.005919458519433986,0.005919458519433986,Tennessee State,Eastern Kentucky,4,4,NA,400991038,2018-02-17
127,2,2:25,145,145,Zach Charles Defensive Rebound.,56,68,-12,27,0.0041389382149291535,0.0041389382149291535,Tennessee State,Eastern Kentucky,4,4,NA,400991038,2018-02-17
128,2,1:58,118,118,JacQuess Hobbs Steal.,56,70,-14,29,5.357545928408601e-4,5.357545928408601e-4,Tennessee State,Eastern Kentucky,4,4,NA,400991038,2018-02-17
129,2,1:29,89,89,JacQuess Hobbs Defensive Rebound.,56,72,-16,30,2.8345810470483115e-5,2.8345810470483115e-5,Tennessee State,Eastern Kentucky,4,4,NA,400991038,2018-02-17
130,2,0:59,59,59,DeAndre Dishman Offensive Rebound.,56,72,-16,11,2.6694944510323976e-6,2.6694944510323976e-6,Tennessee State,Eastern Kentucky,4,4,NA,400991038,2018-02-17
131,2,0:48,48,48,Armani Chaney Steal.,56,72,-16,40,1.0079665284489938e-6,1.0079665284489938e-6,Tennessee State,Eastern Kentucky,4,4,NA,400991038,2018-02-17
132,2,0:08,8,8,Eastern Kentucky Offensive Rebound.,59,72,-13,8,4.865389772025244e-7,4.865389772025244e-7,Tennessee State,Eastern Kentucky,4,4,NA,400991038,2018-02-17
133,2,0:00,0,0,End of Game,59,72,-13,0,1.2118104830828574e-113,1.2118104830828574e-113,Tennessee State,Eastern Kentucky,4,4,NA,400991038,2018-02-17
