play_id,half,time_remaining_half,secs_remaining,secs_remaining_absolute,description,home_score,away_score,score_diff,play_length,win_prob,naive_win_prob,home,away,home_time_out_remaining,away_time_out_remaining,home_favored_by,game_id,date
1,1,20:00,2400,2400,PLAY,0,0,0,105,0.7884377860991223,0.5,Northeastern,William & Mary,4,4,8.2,400991496,2018-02-17
2,1,18:15,2295,2295,Nathan Knight Offensive Rebound.,4,2,2,2,0.8155765247473095,0.5462986002811664,Northeastern,William & Mary,4,4,8.2,400991496,2018-02-17
3,1,18:13,2293,2293,Nathan Knight made Free Throw.,4,5,-1,90,0.7698890360823782,0.47677844820723825,Northeastern,William & Mary,4,4,8.2,400991496,2018-02-17
4,1,16:43,2203,2203,Shawn Occeus made Free Throw.,9,5,4,0,0.8422153374567607,0.595866462840868,Northeastern,William & Mary,4,4,8.2,400991496,2018-02-17
5,1,16:43,2203,2203,Shawn Occeus made Free Throw.,10,5,5,0,0.8546903584517019,0.6190078143206482,Northeastern,William & Mary,4,4,8.2,400991496,2018-02-17
6,1,16:43,2203,2203,Shawn Occeus made Free Throw.,11,5,6,43,0.8663355941932788,0.6416210315319734,Northeastern,William & Mary,4,4,8.2,400991496,2018-02-17
7,1,16:00,2160,2160,Vasa Pusica Defensive Rebound.,13,5,8,9,0.8881313465546842,0.6883802832631631,Northeastern,William & Mary,4,4,8.2,400991496,2018-02-17
8,1,15:51,2151,2151,Justin Pierce Defensive Rebound.,13,5,8,24,0.888310171572922,0.6891037377947551,Northeastern,William & Mary,4,4,8.2,400991496,2018-02-17
9,1,15:27,2127,2127,Donnell Gresham Jr. Defensive Rebound.,13,5,8,44,0.8887836134488925,0.6910396845908018,Northeastern,William & Mary,4,4,8.2,400991496,2018-02-17
10,1,14:43,2083,2083,Justin Pierce Offensive Rebound.,15,5,10,84,0.9082568337441814,0.7363823306420858,Northeastern,William & Mary,4,4,8.2,400991496,2018-02-17
11,1,13:19,1999,1999,Oliver Tot Defensive Rebound.,17,10,7,7,0.8804656850128714,0.6787399002538242,Northeastern,William & Mary,4,4,8.2,400991496,2018-02-17
12,1,13:12,1992,1992,Vasa Pusica Defensive Rebound.,17,10,7,73,0.8805753825162356,0.6792771586117347,Northeastern,William & Mary,4,4,8.2,400991496,2018-02-17
13,1,11:59,1919,1919,Justin Pierce Block.,19,12,7,3,0.8817247000259234,0.6849743904095628,Northeastern,William & Mary,4,4,8.2,400991496,2018-02-17
14,1,11:56,1916,1916,Justin Pierce Defensive Rebound.,19,12,7,33,0.8817711240360183,0.6852104860158439,Northeastern,William & Mary,4,4,8.2,400991496,2018-02-17
15,1,11:23,1883,1883,David Cohn Steal.,19,14,5,14,0.8567303037205589,0.637418371051662,Northeastern,William & Mary,4,4,8.2,400991496,2018-02-17
16,1,11:09,1869,1869,Justin Pierce Defensive Rebound.,19,14,5,13,0.8567909454599468,0.638260981257985,Northeastern,William & Mary,4,4,8.2,400991496,2018-02-17
17,1,10:56,1856,1856,Nathan Knight missed Free Throw.,19,16,3,0,0.826472760857116,0.5848538250277832,Northeastern,William & Mary,4,4,8.2,400991496,2018-02-17
18,1,10:56,1856,1856,Bolden Brace Defensive Rebound.,19,16,3,19,0.826472760857116,0.5848538250277832,Northeastern,William & Mary,4,4,8.2,400991496,2018-02-17
19,1,10:37,1837,1837,Oliver Tot Steal.,19,16,3,81,0.8262719465041223,0.5855793131779022,Northeastern,William & Mary,4,4,8.2,400991496,2018-02-17
20,1,9:16,1756,1756,Tomas Murphy made Free Throw.,22,21,1,0,0.7881669353446294,0.5298614808173907,Northeastern,William & Mary,4,4,8.2,400991496,2018-02-17
21,1,9:16,1756,1756,Tomas Murphy made Free Throw.,23,21,2,157,0.8074460120115629,0.5595106969677803,Northeastern,William & Mary,4,4,8.2,400991496,2018-02-17
22,1,6:39,1599,1599,Vasa Pusica made Free Throw.,29,25,4,0,0.841180170868722,0.6256664082756793,Northeastern,William & Mary,4,4,8.2,400991496,2018-02-17
23,1,6:39,1599,1599,Vasa Pusica missed Free Throw.,29,25,4,0,0.841180170868722,0.6256664082756793,Northeastern,William & Mary,4,4,8.2,400991496,2018-02-17
24,1,6:39,1599,1599,Northeastern Deadball Team Rebound.,29,25,4,0,0.841180170868722,0.6256664082756793,Northeastern,William & Mary,4,4,8.2,400991496,2018-02-17
25,1,6:39,1599,1599,Vasa Pusica made Free Throw.,30,25,5,11,0.8575945245401079,0.6552251842263535,Northeastern,William & Mary,4,4,8.2,400991496,2018-02-17
26,1,6:28,1588,1588,Maxime Boursiquot Steal.,30,25,5,36,0.8575804103701463,0.6559029231321506,Northeastern,William & Mary,4,4,8.2,400991496,2018-02-17
27,1,5:52,1552,1552,Donnell Gresham Jr. Defensive Rebound.,33,25,8,57,0.8991607745074784,0.7403972552067171,Northeastern,William & Mary,4,4,8.2,400991496,2018-02-17
28,1,4:55,1495,1495,David Cohn Defensive Rebound.,33,25,8,11,0.9000534796084405,0.745462272801527,Northeastern,William & Mary,4,4,8.2,400991496,2018-02-17
29,1,4:44,1484,1484,Devon Begley Defensive Rebound.,33,25,8,9,0.9002518914707298,0.7464901439671936,Northeastern,William & Mary,4,4,8.2,400991496,2018-02-17
30,1,4:35,1475,1475,Nathan Knight Defensive Rebound.,33,25,8,62,0.900422739541004,0.7473468467324974,Northeastern,William & Mary,4,4,8.2,400991496,2018-02-17
31,1,3:33,1413,1413,Shawn Occeus Defensive Rebound.,33,27,6,31,0.8740093432257475,0.6979647879701555,Northeastern,William & Mary,4,4,8.2,400991496,2018-02-17
32,1,3:02,1382,1382,Nathan Knight Defensive Rebound.,33,27,6,14,0.8742462214526143,0.7003883832995146,Northeastern,William & Mary,4,4,8.2,400991496,2018-02-17
33,1,2:48,1368,1368,Justin Pierce made Free Throw.,33,28,5,0,0.8578446122605298,0.6708218768934906,Northeastern,William & Mary,4,4,8.2,400991496,2018-02-17
34,1,2:48,1368,1368,Justin Pierce made Free Throw.,33,29,4,13,0.8395820098105863,0.6386532651959881,Northeastern,William & Mary,4,4,8.2,400991496,2018-02-17
35,1,2:35,1355,1355,Tomas Murphy Offensive Rebound.,33,29,4,17,0.839470320392271,0.6393873747681484,Northeastern,William & Mary,4,4,8.2,400991496,2018-02-17
36,1,2:18,1338,1338,Devon Begley Steal.,35,29,6,23,0.8745340695894447,0.7037773011615898,Northeastern,William & Mary,4,4,8.2,400991496,2018-02-17
37,1,1:55,1315,1315,William & Mary Defensive Rebound.,35,29,6,22,0.8746990758198201,0.7055868415371097,Northeastern,William & Mary,4,4,8.2,400991496,2018-02-17
38,1,1:33,1293,1293,Tomas Murphy Steal.,35,29,6,4,0.8748877824838939,0.7073775941799324,Northeastern,William & Mary,4,4,8.2,400991496,2018-02-17
39,1,1:29,1289,1289,David Cohn Defensive Rebound.,35,29,6,31,0.87492657449017,0.7077114939960546,Northeastern,William & Mary,4,4,8.2,400991496,2018-02-17
40,1,0:58,1258,1258,David Cohn Steal.,35,31,4,3,0.8388138167415351,0.6452560051007403,Northeastern,William & Mary,4,4,8.2,400991496,2018-02-17
41,1,0:55,1255,1255,Shawn Occeus Defensive Rebound.,35,31,4,53,0.8388057511119211,0.6454585740997525,Northeastern,William & Mary,4,4,8.2,400991496,2018-02-17
42,1,0:02,1202,1202,Devon Begley Offensive Rebound.,37,34,3,2,0.8169483626720478,0.6135317766038629,Northeastern,William & Mary,4,4,8.2,400991496,2018-02-17
43,1,0:00,1200,1200,End of 1st half,37,34,3,0,0.816931424856151,0.6136521367497382,Northeastern,William & Mary,4,4,8.2,400991496,2018-02-17
44,2,20:00,1200,1200,PLAY,37,34,3,16,0.816931424856151,0.6136521367497382,Northeastern,William & Mary,4,4,8.2,400991496,2018-02-17
45,2,19:44,1184,1184,Nathan Knight Defensive Rebound.,37,34,3,19,0.8167891414689153,0.6145986360015855,Northeastern,William & Mary,4,4,8.2,400991496,2018-02-17
46,2,19:25,1165,1165,Justin Pierce made Free Throw.,37,35,2,0,0.7919026595514634,0.577911061245727,Northeastern,William & Mary,4,4,8.2,400991496,2018-02-17
47,2,19:25,1165,1165,Justin Pierce made Free Throw.,37,36,1,0,0.7648274150170213,0.5391949109632185,Northeastern,William & Mary,4,4,8.2,400991496,2018-02-17
48,2,19:25,1165,1165,Justin Pierce made Free Throw.,37,37,0,18,0.7354064744231256,0.5,Northeastern,William & Mary,4,4,8.2,400991496,2018-02-17
49,2,19:07,1147,1147,David Cohn Defensive Rebound.,37,37,0,14,0.7343359317233933,0.5,Northeastern,William & Mary,4,4,8.2,400991496,2018-02-17
50,2,18:53,1133,1133,Anthony Green Defensive Rebound.,37,37,0,58,0.7335035686163452,0.5,Northeastern,William & Mary,4,4,8.2,400991496,2018-02-17
51,2,17:55,1075,1075,Paul Rowley Defensive Rebound.,40,37,3,24,0.8157577158217757,0.620832983822641,Northeastern,William & Mary,4,4,8.2,400991496,2018-02-17
52,2,17:31,1051,1051,Matt Milon Steal.,40,37,3,2,0.8155875765301799,0.6223085863082917,Northeastern,William & Mary,4,4,8.2,400991496,2018-02-17
53,2,17:29,1049,1049,Maxime Boursiquot Block.,40,37,3,2,0.8155753872341516,0.6224354664204087,Northeastern,William & Mary,4,4,8.2,400991496,2018-02-17
54,2,17:27,1047,1047,Vasa Pusica Defensive Rebound.,40,37,3,65,0.815563537890098,0.6225630192660283,Northeastern,William & Mary,4,4,8.2,400991496,2018-02-17
55,2,16:22,982,982,Vasa Pusica Defensive Rebound.,43,37,6,56,0.8813876697945182,0.7388846519498027,Northeastern,William & Mary,4,4,8.2,400991496,2018-02-17
56,2,15:26,926,926,Connor Burchfield Defensive Rebound.,46,39,7,42,0.9005684970843848,0.7782709226793733,Northeastern,William & Mary,4,4,8.2,400991496,2018-02-17
57,2,14:44,884,884,Paul Rowley Defensive Rebound.,46,41,5,68,0.8643530339418143,0.7141712440980016,Northeastern,William & Mary,4,4,8.2,400991496,2018-02-17
58,2,13:36,816,816,Vasa Pusica Defensive Rebound.,46,43,3,37,0.8154521116265855,0.6383901758741033,Northeastern,William & Mary,4,4,8.2,400991496,2018-02-17
59,2,12:59,779,779,Bolden Brace Defensive Rebound.,48,43,5,10,0.8670503512182296,0.7248907412963657,Northeastern,William & Mary,4,4,8.2,400991496,2018-02-17
60,2,12:49,769,769,David Cohn Steal.,48,43,5,89,0.8674497471922773,0.7262274969301056,Northeastern,William & Mary,4,4,8.2,400991496,2018-02-17
61,2,11:20,680,680,Devon Begley made Free Throw.,52,48,4,0,0.8464129880790725,0.6975937995823726,Northeastern,William & Mary,4,4,8.2,400991496,2018-02-17
62,2,11:20,680,680,Devon Begley missed Free Throw.,52,48,4,0,0.8464129880790725,0.6975937995823726,Northeastern,William & Mary,4,4,8.2,400991496,2018-02-17
63,2,11:20,680,680,Paul Rowley Defensive Rebound.,52,48,4,29,0.8464129880790725,0.6975937995823726,Northeastern,William & Mary,4,4,8.2,400991496,2018-02-17
64,2,10:51,651,651,Anthony Green Defensive Rebound.,52,48,4,60,0.8470957158311452,0.7008631826024498,Northeastern,William & Mary,4,4,8.2,400991496,2018-02-17
65,2,9:51,591,591,Nathan Knight Defensive Rebound.,54,50,4,22,0.8490200101806039,0.7087296316175736,Northeastern,William & Mary,4,4,8.2,400991496,2018-02-17
66,2,9:29,569,569,David Cohn Offensive Rebound.,54,50,4,5,0.850189959880061,0.7125775586319364,Northeastern,William & Mary,4,4,8.2,400991496,2018-02-17
67,2,9:24,564,564,Matt Milon made Free Throw.,54,51,3,0,0.8191208804015288,0.6647519355474727,Northeastern,William & Mary,4,4,8.2,400991496,2018-02-17
68,2,9:24,564,564,Matt Milon made Free Throw.,54,52,2,62,0.782827711914777,0.6121508179572296,Northeastern,William & Mary,4,4,8.2,400991496,2018-02-17
69,2,8:22,502,502,Justin Pierce Offensive Rebound.,54,52,2,21,0.782777756956216,0.6189623876745629,Northeastern,William & Mary,4,4,8.2,400991496,2018-02-17
70,2,8:01,481,481,Nathan Knight Offensive Rebound.,54,52,2,3,0.782600091713012,0.6210162728145954,Northeastern,William & Mary,4,4,8.2,400991496,2018-02-17
71,2,7:58,478,478,Nathan Knight missed Free Throw.,54,52,2,0,0.7825847514865679,0.6213332521642982,Northeastern,William & Mary,4,4,8.2,400991496,2018-02-17
72,2,7:58,478,478,William & Mary Deadball Team Rebound.,54,52,2,0,0.7825847514865679,0.6213332521642982,Northeastern,William & Mary,4,4,8.2,400991496,2018-02-17
73,2,7:58,478,478,Nathan Knight made Free Throw.,54,53,1,21,0.7375334092153418,0.5615870516221487,Northeastern,William & Mary,4,4,8.2,400991496,2018-02-17
74,2,7:37,457,457,Connor Burchfield Steal.,54,53,1,38,0.7365287020043324,0.5629078498949458,Northeastern,William & Mary,4,4,8.2,400991496,2018-02-17
75,2,6:59,419,419,Justin Pierce Defensive Rebound.,54,56,-2,47,0.554538642622142,0.3696582471971333,Northeastern,William & Mary,4,4,8.2,400991496,2018-02-17
76,2,6:12,372,372,Anthony Green made Free Throw.,55,58,-3,0,0.46679578283980866,0.29879191682060974,Northeastern,William & Mary,4,4,8.2,400991496,2018-02-17
77,2,6:12,372,372,Anthony Green made Free Throw.,56,58,-2,21,0.53776290039158825,0.361535726882639,Northeastern,William & Mary,4,4,8.2,400991496,2018-02-17
78,2,5:51,351,351,Tomas Murphy Defensive Rebound.,56,58,-2,0,0.529282029265617,0.3574037401684827,Northeastern,William & Mary,4,4,8.2,400991496,2018-02-17
79,2,5:51,351,351,Tomas Murphy made Free Throw.,57,58,-1,0,0.6012287609753425,0.42718997922940516,Northeastern,William & Mary,4,4,8.2,400991496,2018-02-17
80,2,5:51,351,351,Tomas Murphy made Free Throw.,58,58,0,78,0.6690547316582562,0.5,Northeastern,William & Mary,4,4,8.2,400991496,2018-02-17
81,2,4:33,273,273,Justin Pierce Defensive Rebound.,61,63,-2,12,0.4981500132788778,0.3440389510471746,Northeastern,William & Mary,4,4,8.2,400991496,2018-02-17
82,2,4:21,261,261,Maxime Boursiquot Steal.,61,63,-2,24,0.4972980966574631,0.34562370018510946,Northeastern,William & Mary,4,4,8.2,400991496,2018-02-17
83,2,3:57,237,237,Bolden Brace Defensive Rebound.,63,63,0,7,0.6469921910303355,0.5,Northeastern,William & Mary,4,4,8.2,400991496,2018-02-17
84,2,3:50,230,230,Tomas Murphy made Free Throw.,64,63,1,0,0.7137995361195852,0.5780323633635677,Northeastern,William & Mary,4,4,8.2,400991496,2018-02-17
85,2,3:50,230,230,Tomas Murphy missed Free Throw.,64,63,1,0,0.7137995361195852,0.5780323633635677,Northeastern,William & Mary,4,4,8.2,400991496,2018-02-17
86,2,3:50,230,230,Matt Milon Defensive Rebound.,64,63,1,18,0.7137995361195852,0.5780323633635677,Northeastern,William & Mary,4,4,8.2,400991496,2018-02-17
87,2,3:32,212,212,Maxime Boursiquot Defensive Rebound.,64,63,1,40,0.7119018195056265,0.5801483976791213,Northeastern,William & Mary,4,4,8.2,400991496,2018-02-17
88,2,2:52,172,172,William & Mary Defensive Rebound.,64,63,1,26,0.7168292325883412,0.5969828835393769,Northeastern,William & Mary,4,4,8.2,400991496,2018-02-17
89,2,2:26,146,146,Connor Burchfield made Free Throw.,64,64,0,0,0.6233501392268795,0.5,Northeastern,William & Mary,4,4,8.2,400991496,2018-02-17
90,2,2:26,146,146,Connor Burchfield made Free Throw.,64,65,-1,33,0.5123662683192626,0.3883348012383996,Northeastern,William & Mary,4,4,8.2,400991496,2018-02-17
91,2,1:53,113,113,Vasa Pusica Defensive Rebound.,64,65,-1,73,0.4761278952509676,0.3645645259919245,Northeastern,William & Mary,4,4,8.2,400991496,2018-02-17
92,2,0:40,40,40,Matt Milon Defensive Rebound.,67,67,0,31,0.5864582458813884,0.5,Northeastern,William & Mary,4,4,8.2,400991496,2018-02-17
93,2,0:09,9,9,Donnell Gresham Jr. Defensive Rebound.,67,67,0,9,0.5735814114969131,0.5,Northeastern,William & Mary,4,4,8.2,400991496,2018-02-17
94,2,0:00,0,0,End of Game,69,67,2,0,1,1,Northeastern,William & Mary,4,4,8.2,400991496,2018-02-17
