play_id,half,time_remaining_half,secs_remaining,secs_remaining_absolute,description,home_score,away_score,score_diff,play_length,win_prob,naive_win_prob,home,away,home_time_out_remaining,away_time_out_remaining,home_favored_by,game_id,date
1,1,20:00,2400,2400,PLAY,0,0,0,19,0.2637130094710326,0.5,Chattanooga,Wofford,4,4,-6.4,400988810,2018-02-17
2,1,19:41,2381,2381,Cameron Jackson made Free Throw.,0,1,-1,0,0.24714649582491774,0.47774269740758185,Chattanooga,Wofford,4,4,-6.4,400988810,2018-02-17
3,1,19:41,2381,2381,Cameron Jackson made Free Throw.,0,2,-2,20,0.23094596225739888,0.4555734282916538,Chattanooga,Wofford,4,4,-6.4,400988810,2018-02-17
4,1,19:21,2361,2361,Joshua Phillips made Free Throw.,1,2,-1,0,0.2473787565834272,0.4775279062298102,Chattanooga,Wofford,4,4,-6.4,400988810,2018-02-17
5,1,19:21,2361,2361,Joshua Phillips missed Free Throw.,1,2,-1,0,0.2473787565834272,0.4775279062298102,Chattanooga,Wofford,4,4,-6.4,400988810,2018-02-17
6,1,19:21,2361,2361,Nathan Hoover Defensive Rebound.,1,2,-1,29,0.2473787565834272,0.4775279062298102,Chattanooga,Wofford,4,4,-6.4,400988810,2018-02-17
7,1,18:52,2332,2332,Makale Foreman Defensive Rebound.,1,2,-1,40,0.24772919568835028,0.4772116638366978,Chattanooga,Wofford,4,4,-6.4,400988810,2018-02-17
8,1,18:12,2292,2292,Nat Dixon Steal.,3,2,1,9,0.28454687938837686,0.5232327672838197,Chattanooga,Wofford,4,4,-6.4,400988810,2018-02-17
9,1,18:03,2283,2283,Trevor Stumpe Defensive Rebound.,3,2,1,115,0.284843110281218,0.5233339289833301,Chattanooga,Wofford,4,4,-6.4,400988810,2018-02-17
10,1,16:08,2168,2168,Keve Aluma Defensive Rebound.,8,8,0,24,0.26903779426138463,0.5,Chattanooga,Wofford,4,4,-6.4,400988810,2018-02-17
11,1,15:44,2144,2144,Matthew Pegram Steal.,8,8,0,7,0.26968197489014395,0.5,Chattanooga,Wofford,4,4,-6.4,400988810,2018-02-17
12,1,15:37,2137,2137,Matthew Pegram Offensive Rebound.,8,8,0,2,0.26987321467624753,0.5,Chattanooga,Wofford,4,4,-6.4,400988810,2018-02-17
13,1,15:35,2135,2135,Makinde London Defensive Rebound.,8,8,0,20,0.2699281307056697,0.5,Chattanooga,Wofford,4,4,-6.4,400988810,2018-02-17
14,1,15:15,2115,2115,Nathan Hoover Defensive Rebound.,8,8,0,6,0.2704839946736615,0.5,Chattanooga,Wofford,4,4,-6.4,400988810,2018-02-17
15,1,15:09,2109,2109,Nat Dixon Defensive Rebound.,8,8,0,16,0.2706531151345836,0.5,Chattanooga,Wofford,4,4,-6.4,400988810,2018-02-17
16,1,14:53,2093,2093,David Jean-Baptiste Offensive Rebound.,8,8,0,48,0.2711093785546911,0.5,Chattanooga,Wofford,4,4,-6.4,400988810,2018-02-17
17,1,14:05,2045,2045,Makinde London made Free Throw.,9,11,-2,0,0.23307968829639655,0.4479034193632476,Chattanooga,Wofford,4,4,-6.4,400988810,2018-02-17
18,1,14:05,2045,2045,Makinde London made Free Throw.,10,11,-1,65,0.2522911642996993,0.473880626850835,Chattanooga,Wofford,4,4,-6.4,400988810,2018-02-17
19,1,13:00,1980,1980,Jonathan Bryant II Defensive Rebound.,13,13,0,21,0.2745431912595336,0.5,Chattanooga,Wofford,4,4,-6.4,400988810,2018-02-17
20,1,12:39,1959,1959,Matthew Pegram Defensive Rebound.,13,13,0,10,0.2752206389968851,0.5,Chattanooga,Wofford,4,4,-6.4,400988810,2018-02-17
21,1,12:29,1949,1949,Keve Aluma Offensive Rebound.,13,13,0,26,0.2755474019489333,0.5,Chattanooga,Wofford,4,4,-6.4,400988810,2018-02-17
22,1,12:03,1923,1923,Keve Aluma Defensive Rebound.,13,16,-3,11,0.2150754308538593,0.41769142115690044,Chattanooga,Wofford,4,4,-6.4,400988810,2018-02-17
23,1,11:52,1912,1912,Nat Dixon Defensive Rebound.,13,16,-3,59,0.21509870569422399,0.41727319654171907,Chattanooga,Wofford,4,4,-6.4,400988810,2018-02-17
24,1,10:53,1853,1853,Cameron Jackson Steal.,15,16,-1,2,0.2564358582320775,0.47143097655080335,Chattanooga,Wofford,4,4,-6.4,400988810,2018-02-17
25,1,10:51,1851,1851,Makale Foreman Defensive Rebound.,15,16,-1,22,0.25648433921119224,0.4714048875175046,Chattanooga,Wofford,4,4,-6.4,400988810,2018-02-17
26,1,10:29,1829,1829,Wofford Defensive Rebound.,15,16,-1,24,0.25702445630691595,0.47111685152436694,Chattanooga,Wofford,4,4,-6.4,400988810,2018-02-17
27,1,10:05,1805,1805,Chattanooga Defensive Rebound.,15,16,-1,23,0.2576267100220416,0.47079973580313295,Chattanooga,Wofford,4,4,-6.4,400988810,2018-02-17
28,1,9:42,1782,1782,Donovan Theme-Love Defensive Rebound.,15,16,-1,46,0.25821488316951047,0.47049203449557025,Chattanooga,Wofford,4,4,-6.4,400988810,2018-02-17
29,1,8:56,1736,1736,Cameron Jackson Block.,15,18,-3,3,0.21578471247137024,0.4104515512970753,Chattanooga,Wofford,4,4,-6.4,400988810,2018-02-17
30,1,8:53,1733,1733,Donovan Theme-Love Defensive Rebound.,15,18,-3,74,0.21579756389334068,0.41032932441953757,Chattanooga,Wofford,4,4,-6.4,400988810,2018-02-17
31,1,7:39,1659,1659,Makale Foreman made Free Throw.,19,21,-2,0,0.23807487159743712,0.43776717683522326,Chattanooga,Wofford,4,4,-6.4,400988810,2018-02-17
32,1,7:39,1659,1659,Makale Foreman made Free Throw.,20,21,-1,10,0.26150736760265253,0.4687621343105921,Chattanooga,Wofford,4,4,-6.4,400988810,2018-02-17
33,1,7:29,1649,1649,James Lewis Jr. Defensive Rebound.,20,21,-1,26,0.26180157776277385,0.46862281041906856,Chattanooga,Wofford,4,4,-6.4,400988810,2018-02-17
34,1,7:03,1623,1623,James Lewis Jr. Offensive Rebound.,20,21,-1,2,0.2625941419438558,0.46826580314931165,Chattanooga,Wofford,4,4,-6.4,400988810,2018-02-17
35,1,7:01,1621,1621,James Lewis Jr. missed Free Throw.,20,21,-1,0,0.2626565677587937,0.46823855682390153,Chattanooga,Wofford,4,4,-6.4,400988810,2018-02-17
36,1,7:01,1621,1621,Nathan Hoover Defensive Rebound.,20,21,-1,12,0.2626565677587937,0.46823855682390153,Chattanooga,Wofford,4,4,-6.4,400988810,2018-02-17
37,1,6:49,1609,1609,Joshua Phillips Steal.,20,21,-1,24,0.26303488907375605,0.468075418587377,Chattanooga,Wofford,4,4,-6.4,400988810,2018-02-17
38,1,6:25,1585,1585,Storm Murphy Defensive Rebound.,20,21,-1,19,0.26380789988235853,0.4677493867077535,Chattanooga,Wofford,4,4,-6.4,400988810,2018-02-17
39,1,6:06,1566,1566,Nat Dixon Defensive Rebound.,20,21,-1,56,0.2644312180390616,0.46748945343887743,Chattanooga,Wofford,4,4,-6.4,400988810,2018-02-17
40,1,5:10,1510,1510,Nat Dixon made Free Throw.,21,23,-2,0,0.24104571693652777,0.4336841114500841,Chattanooga,Wofford,4,4,-6.4,400988810,2018-02-17
41,1,5:10,1510,1510,Nat Dixon made Free Throw.,22,23,-1,18,0.26628820088377225,0.46669493694698744,Chattanooga,Wofford,4,4,-6.4,400988810,2018-02-17
42,1,4:52,1492,1492,Tray Hollowell made Free Throw.,22,24,-2,0,0.2414009405836143,0.43315120668865426,Chattanooga,Wofford,4,4,-6.4,400988810,2018-02-17
43,1,4:52,1492,1492,Tray Hollowell made Free Throw.,22,25,-3,33,0.21763244491136738,0.4004696600986807,Chattanooga,Wofford,4,4,-6.4,400988810,2018-02-17
44,1,4:19,1459,1459,Nat Dixon Steal.,22,25,-3,22,0.21784048625202362,0.39896017050871213,Chattanooga,Wofford,4,4,-6.4,400988810,2018-02-17
45,1,3:57,1437,1437,Keve Aluma missed Free Throw.,24,25,-1,0,0.26863318981130935,0.46553864748303486,Chattanooga,Wofford,4,4,-6.4,400988810,2018-02-17
46,1,3:57,1437,1437,Wofford Deadball Team Rebound.,24,25,-1,0,0.26863318981130935,0.46553864748303486,Chattanooga,Wofford,4,4,-6.4,400988810,2018-02-17
47,1,3:57,1437,1437,Keve Aluma made Free Throw.,24,26,-2,43,0.2423878244940825,0.4314031532608774,Chattanooga,Wofford,4,4,-6.4,400988810,2018-02-17
48,1,3:14,1394,1394,Nat Dixon Defensive Rebound.,27,26,1,30,0.3290011712601592,0.5351387773616841,Chattanooga,Wofford,4,4,-6.4,400988810,2018-02-17
49,1,2:44,1364,1364,Nathan Hoover Defensive Rebound.,27,26,1,12,0.330990425698684,0.5355960455510943,Chattanooga,Wofford,4,4,-6.4,400988810,2018-02-17
50,1,2:32,1352,1352,James Lewis Jr. Defensive Rebound.,27,26,1,43,0.3317947267068255,0.5357789149932165,Chattanooga,Wofford,4,4,-6.4,400988810,2018-02-17
51,1,1:49,1309,1309,Chattanooga Defensive Rebound.,30,26,4,18,0.4381387191929751,0.6420431536640385,Chattanooga,Wofford,4,4,-6.4,400988810,2018-02-17
52,1,1:31,1291,1291,Fletcher Magee Defensive Rebound.,30,26,4,50,0.4403962231957396,0.6431335997642977,Chattanooga,Wofford,4,4,-6.4,400988810,2018-02-17
53,1,0:41,1241,1241,James Lewis Jr. made Free Throw.,31,28,3,0,0.410058545039119,0.611241283310421,Chattanooga,Wofford,4,4,-6.4,400988810,2018-02-17
54,1,0:41,1241,1241,James Lewis Jr. made Free Throw.,32,28,4,41,0.44698030991473225,0.6464285741138138,Chattanooga,Wofford,4,4,-6.4,400988810,2018-02-17
55,1,0:00,1200,1200,Fletcher Magee Defensive Rebound.,32,30,2,0,0.3780608210387065,0.5765093285143758,Chattanooga,Wofford,4,4,-6.4,400988810,2018-02-17
56,1,0:00,1200,1200,End of 1st half,32,30,2,0,0.3780608210387065,0.5765093285143758,Chattanooga,Wofford,4,4,-6.4,400988810,2018-02-17
57,2,20:00,1200,1200,PLAY,32,30,2,50,0.3780608210387065,0.5765093285143758,Chattanooga,Wofford,4,4,-6.4,400988810,2018-02-17
58,2,19:10,1150,1150,Cameron Jackson Block.,34,32,2,1,0.3828037873193531,0.5784948614835138,Chattanooga,Wofford,4,4,-6.4,400988810,2018-02-17
59,2,19:09,1149,1149,Cameron Jackson Defensive Rebound.,34,32,2,8,0.3828975418166667,0.5785336016178813,Chattanooga,Wofford,4,4,-6.4,400988810,2018-02-17
60,2,19:01,1141,1141,Joshua Phillips Defensive Rebound.,34,32,2,52,0.38364720393388024,0.5788430971316406,Chattanooga,Wofford,4,4,-6.4,400988810,2018-02-17
61,2,18:09,1089,1089,David Jean-Baptiste Steal.,34,32,2,47,0.3885574980486539,0.5808785792082427,Chattanooga,Wofford,4,4,-6.4,400988810,2018-02-17
62,2,17:22,1042,1042,Nat Dixon Defensive Rebound.,37,32,5,14,0.5169691930393916,0.6976964514638013,Chattanooga,Wofford,4,4,-6.4,400988810,2018-02-17
63,2,17:08,1028,1028,Chattanooga Offensive Rebound.,37,32,5,12,0.5194652405491453,0.6990814759704124,Chattanooga,Wofford,4,4,-6.4,400988810,2018-02-17
64,2,16:56,1016,1016,Nathan Hoover Steal.,37,32,5,89,0.5216687890068268,0.7003148825895087,Chattanooga,Wofford,4,4,-6.4,400988810,2018-02-17
65,2,15:27,927,927,Makinde London made Free Throw.,40,38,2,0,0.40575956164321464,0.5886913509969809,Chattanooga,Wofford,4,4,-6.4,400988810,2018-02-17
66,2,15:27,927,927,Makinde London made Free Throw.,41,38,3,35,0.44961059230661654,0.6313091476667623,Chattanooga,Wofford,4,4,-6.4,400988810,2018-02-17
67,2,14:52,892,892,Makinde London Offensive Rebound.,41,41,0,4,0.3246691477915881,0.5,Chattanooga,Wofford,4,4,-6.4,400988810,2018-02-17
68,2,14:48,888,888,James Lewis Jr. Offensive Rebound.,41,41,0,62,0.32485658369144216,0.5,Chattanooga,Wofford,4,4,-6.4,400988810,2018-02-17
69,2,13:46,826,826,Cameron Jackson Defensive Rebound.,43,43,0,9,0.3277713613351308,0.5,Chattanooga,Wofford,4,4,-6.4,400988810,2018-02-17
70,2,13:37,817,817,Cameron Jackson Offensive Rebound.,43,43,0,4,0.32821205187867536,0.5,Chattanooga,Wofford,4,4,-6.4,400988810,2018-02-17
71,2,13:33,813,813,Cameron Jackson missed Free Throw.,43,43,0,0,0.3284106619892131,0.5,Chattanooga,Wofford,4,4,-6.4,400988810,2018-02-17
72,2,13:33,813,813,Wofford Deadball Team Rebound.,43,43,0,0,0.3284106619892131,0.5,Chattanooga,Wofford,4,4,-6.4,400988810,2018-02-17
73,2,13:33,813,813,Cameron Jackson made Free Throw.,43,44,-1,14,0.2879912150274957,0.4526973678374731,Chattanooga,Wofford,4,4,-6.4,400988810,2018-02-17
74,2,13:19,799,799,Donovan Theme-Love Defensive Rebound.,43,44,-1,31,0.2883343418881762,0.45231384938157426,Chattanooga,Wofford,4,4,-6.4,400988810,2018-02-17
75,2,12:48,768,768,Makinde London Defensive Rebound.,43,44,-1,14,0.2890920003820005,0.45134141166306185,Chattanooga,Wofford,4,4,-6.4,400988810,2018-02-17
76,2,12:34,754,754,Cameron Jackson Steal.,43,44,-1,49,0.2894346126041153,0.4508343180247939,Chattanooga,Wofford,4,4,-6.4,400988810,2018-02-17
77,2,11:45,705,705,Joshua Phillips missed Free Throw.,45,46,-1,0,0.2906774581603875,0.4488278761327404,Chattanooga,Wofford,4,4,-6.4,400988810,2018-02-17
78,2,11:45,705,705,Makinde London Offensive Rebound.,45,46,-1,52,0.2906774581603875,0.4488278761327404,Chattanooga,Wofford,4,4,-6.4,400988810,2018-02-17
79,2,10:53,653,653,Joshua Phillips Defensive Rebound.,47,46,1,26,0.38706766586599234,0.5529464810564814,Chattanooga,Wofford,4,4,-6.4,400988810,2018-02-17
80,2,10:27,627,627,Jonathan Bryant II missed Free Throw.,47,46,1,0,0.389690170570242,0.5538496749951882,Chattanooga,Wofford,4,4,-6.4,400988810,2018-02-17
81,2,10:27,627,627,Nathan Hoover Defensive Rebound.,47,46,1,13,0.389690170570242,0.5538496749951882,Chattanooga,Wofford,4,4,-6.4,400988810,2018-02-17
82,2,10:14,614,614,Makinde London Defensive Rebound.,47,46,1,20,0.39108466115410934,0.5543471333074694,Chattanooga,Wofford,4,4,-6.4,400988810,2018-02-17
83,2,9:54,594,594,Fletcher Magee Defensive Rebound.,47,46,1,31,0.3933958553080021,0.5552074147520507,Chattanooga,Wofford,4,4,-6.4,400988810,2018-02-17
84,2,9:23,563,563,Nat Dixon missed Free Throw.,47,48,-1,0,0.29470586565877327,0.4431402605489262,Chattanooga,Wofford,4,4,-6.4,400988810,2018-02-17
85,2,9:23,563,563,Wofford Defensive Rebound.,47,48,-1,20,0.29470586565877327,0.4431402605489262,Chattanooga,Wofford,4,4,-6.4,400988810,2018-02-17
86,2,9:03,543,543,James Lewis Jr. Defensive Rebound.,47,48,-1,10,0.295177051652695,0.4418390234989388,Chattanooga,Wofford,4,4,-6.4,400988810,2018-02-17
87,2,8:53,533,533,Joshua Phillips Offensive Rebound.,47,48,-1,6,0.2954445624755111,0.4412427449970973,Chattanooga,Wofford,4,4,-6.4,400988810,2018-02-17
88,2,8:47,527,527,Donovan Theme-Love Steal.,47,48,-1,36,0.2956185760929216,0.4409121998764276,Chattanooga,Wofford,4,4,-6.4,400988810,2018-02-17
89,2,8:11,491,491,Makale Foreman missed Free Throw.,47,51,-4,0,0.1683847892029252,0.27305262163974753,Chattanooga,Wofford,4,4,-6.4,400988810,2018-02-17
90,2,8:11,491,491,Chattanooga Deadball Team Rebound.,47,51,-4,0,0.1683847892029252,0.27305262163974753,Chattanooga,Wofford,4,4,-6.4,400988810,2018-02-17
91,2,8:11,491,491,Makale Foreman made Free Throw.,48,51,-3,19,0.20549122738397055,0.32423163641142283,Chattanooga,Wofford,4,4,-6.4,400988810,2018-02-17
92,2,7:52,472,472,Makinde London Defensive Rebound.,48,51,-3,29,0.20458285525935951,0.3214676019655427,Chattanooga,Wofford,4,4,-6.4,400988810,2018-02-17
93,2,7:23,443,443,James Lewis Jr. Offensive Rebound.,48,51,-3,4,0.20242649107117822,0.31598647975717387,Chattanooga,Wofford,4,4,-6.4,400988810,2018-02-17
94,2,7:19,439,439,James Lewis Jr. made Free Throw.,49,51,-2,0,0.24696848003626035,0.3733835819543717,Chattanooga,Wofford,4,4,-6.4,400988810,2018-02-17
95,2,7:19,439,439,James Lewis Jr. made Free Throw.,50,51,-1,83,0.2981794601967338,0.4356429434348877,Chattanooga,Wofford,4,4,-6.4,400988810,2018-02-17
96,2,5:56,356,356,Makinde London missed Free Throw.,55,57,-2,0,0.24332447543628546,0.35845419316479665,Chattanooga,Wofford,4,4,-6.4,400988810,2018-02-17
97,2,5:56,356,356,Nathan Hoover Defensive Rebound.,55,57,-2,13,0.24332447543628546,0.35845419316479665,Chattanooga,Wofford,4,4,-6.4,400988810,2018-02-17
98,2,5:43,343,343,David Jean-Baptiste Defensive Rebound.,55,57,-2,17,0.24252941164947156,0.3556138439720344,Chattanooga,Wofford,4,4,-6.4,400988810,2018-02-17
99,2,5:26,326,326,Fletcher Magee Steal.,55,57,-2,36,0.24105053169410426,0.3512707168639594,Chattanooga,Wofford,4,4,-6.4,400988810,2018-02-17
100,2,4:50,290,290,James Lewis Jr. made Free Throw.,56,60,-4,0,0.1408139751969329,0.214289448656268,Chattanooga,Wofford,4,4,-6.4,400988810,2018-02-17
101,2,4:50,290,290,James Lewis Jr. made Free Throw.,57,60,-3,11,0.18486460097608345,0.27399528655229,Chattanooga,Wofford,4,4,-6.4,400988810,2018-02-17
102,2,4:39,279,279,David Jean-Baptiste Defensive Rebound.,57,60,-3,27,0.18635018672766038,0.27448833692258334,Chattanooga,Wofford,4,4,-6.4,400988810,2018-02-17
103,2,4:12,252,252,James Lewis Jr. Defensive Rebound.,57,60,-3,53,0.19259928197787402,0.27895470012322143,Chattanooga,Wofford,4,4,-6.4,400988810,2018-02-17
104,2,3:19,199,199,Storm Murphy Defensive Rebound.,57,62,-5,9,0.10565367688852505,0.15536393524839087,Chattanooga,Wofford,4,4,-6.4,400988810,2018-02-17
105,2,3:10,190,190,Keve Aluma Offensive Rebound.,57,62,-5,46,0.09895964646166863,0.14504417526709718,Chattanooga,Wofford,4,4,-6.4,400988810,2018-02-17
106,2,2:24,144,144,Trevor Stumpe Defensive Rebound.,57,64,-7,37,0.026385830025783888,0.0385319861461662,Chattanooga,Wofford,4,4,-6.4,400988810,2018-02-17
107,2,1:47,107,107,Makinde London Offensive Rebound.,57,67,-10,9,0.0021642531941161018,0.003076151659187067,Chattanooga,Wofford,4,4,-6.4,400988810,2018-02-17
108,2,1:38,98,98,David Jean-Baptiste Steal.,59,67,-8,1,0.005166710031867044,0.007261737843728812,Chattanooga,Wofford,4,4,-6.4,400988810,2018-02-17
109,2,1:37,97,97,David Jean-Baptiste made Free Throw.,60,67,-7,0,0.009243372346963864,0.012955413500768873,Chattanooga,Wofford,4,4,-6.4,400988810,2018-02-17
110,2,1:37,97,97,David Jean-Baptiste made Free Throw.,61,67,-6,28,0.01703115106593632,0.02379556756180867,Chattanooga,Wofford,4,4,-6.4,400988810,2018-02-17
111,2,1:09,69,69,Makale Foreman Defensive Rebound.,61,67,-6,7,0.008104661370728116,0.011003770448813297,Chattanooga,Wofford,4,4,-6.4,400988810,2018-02-17
112,2,1:02,62,62,Makale Foreman missed Free Throw.,61,67,-6,0,0.006580954200962819,0.008864974075774796,Chattanooga,Wofford,4,4,-6.4,400988810,2018-02-17
113,2,1:02,62,62,Chattanooga Deadball Team Rebound.,61,67,-6,0,0.006580954200962819,0.008864974075774796,Chattanooga,Wofford,4,4,-6.4,400988810,2018-02-17
114,2,1:02,62,62,Makale Foreman made Free Throw.,62,67,-5,36,0.014331657483300989,0.019253541270636203,Chattanooga,Wofford,4,4,-6.4,400988810,2018-02-17
115,2,0:26,26,26,Wofford Defensive Rebound.,62,70,-8,0,0.00026696243220430764,3.442634273405428e-4,Chattanooga,Wofford,4,4,-6.4,400988810,2018-02-17
116,2,0:26,26,26,Trevor Stumpe made Free Throw.,62,71,-9,0,9.854925780122237e-5,1.270911414425204e-4,Chattanooga,Wofford,4,4,-6.4,400988810,2018-02-17
117,2,0:26,26,26,Trevor Stumpe made Free Throw.,62,72,-10,13,3.6375620853645e-5,4.6911590542772085e-5,Chattanooga,Wofford,4,4,-6.4,400988810,2018-02-17
118,2,0:13,13,13,Trevor Stumpe Defensive Rebound.,62,72,-10,3,1.56203665500405e-5,1.9795775956958884e-5,Chattanooga,Wofford,4,4,-6.4,400988810,2018-02-17
119,2,0:10,10,10,Trevor Stumpe made Free Throw.,62,73,-11,0,4.2162812443729544e-6,5.3213648804254995e-06,Chattanooga,Wofford,4,4,-6.4,400988810,2018-02-17
120,2,0:10,10,10,Trevor Stumpe made Free Throw.,62,74,-12,10,1.397907888400865e-6,1.7642996297592388e-6,Chattanooga,Wofford,4,4,-6.4,400988810,2018-02-17
121,2,0:00,0,0,End of Game,62,76,-14,0,2.0039557828148924e-122,2.4977275669152505e-122,Chattanooga,Wofford,4,4,-6.4,400988810,2018-02-17
