play_id,half,time_remaining_half,secs_remaining,secs_remaining_absolute,description,home_score,away_score,score_diff,play_length,win_prob,naive_win_prob,home,away,home_time_out_remaining,away_time_out_remaining,home_favored_by,game_id,date
1,1,20:00,2400,2400,PLAY,0,0,0,89,0.6659343140835554,0.5,UC Santa Barbara,UC Davis,4,4,4.3,400992515,2018-02-17
2,1,18:31,2311,2311,Leland King II Defensive Rebound.,2,5,-3,15,0.6003647144523226,0.4313262431006224,UC Santa Barbara,UC Davis,4,4,4.3,400992515,2018-02-17
3,1,18:16,2296,2296,Max Heidegger made Free Throw.,3,5,-2,0,0.6216689539546588,0.4537236562407298,UC Santa Barbara,UC Davis,4,4,4.3,400992515,2018-02-17
4,1,18:16,2296,2296,Max Heidegger missed Free Throw.,3,5,-2,0,0.6216689539546588,0.4537236562407298,UC Santa Barbara,UC Davis,4,4,4.3,400992515,2018-02-17
5,1,18:16,2296,2296,Siler Schneider Defensive Rebound.,3,5,-2,11,0.6216689539546588,0.4537236562407298,UC Santa Barbara,UC Davis,4,4,4.3,400992515,2018-02-17
6,1,18:05,2285,2285,Marcus Jackson Defensive Rebound.,3,5,-2,13,0.621234122350796,0.45347829464029976,UC Santa Barbara,UC Davis,4,4,4.3,400992515,2018-02-17
7,1,17:52,2272,2272,Siler Schneider Steal.,3,5,-2,75,0.6207150741199631,0.45318685350934135,UC Santa Barbara,UC Davis,4,4,4.3,400992515,2018-02-17
8,1,16:37,2197,2197,Siler Schneider Defensive Rebound.,3,9,-6,12,0.5224965118216568,0.35799513597469457,UC Santa Barbara,UC Davis,4,4,4.3,400992515,2018-02-17
9,1,16:25,2185,2185,Christian Terrell Defensive Rebound.,3,9,-6,18,0.5213982662398766,0.3572265370109968,UC Santa Barbara,UC Davis,4,4,4.3,400992515,2018-02-17
10,1,16:07,2167,2167,Ami Lakoju Offensive Rebound.,3,9,-6,20,0.5197397702413443,0.3560717417079976,UC Santa Barbara,UC Davis,4,4,4.3,400992515,2018-02-17
11,1,15:47,2147,2147,Gabe Vincent Block.,5,9,-4,1,0.5673154841973215,0.40162042230284645,UC Santa Barbara,UC Davis,4,4,4.3,400992515,2018-02-17
12,1,15:46,2146,2146,Ami Lakoju Defensive Rebound.,5,9,-4,12,0.5672465918635753,0.4015752262181732,UC Santa Barbara,UC Davis,4,4,4.3,400992515,2018-02-17
13,1,15:34,2134,2134,TJ Shorts II Defensive Rebound.,5,9,-4,16,0.5664164918164569,0.4010317382941978,UC Santa Barbara,UC Davis,4,4,4.3,400992515,2018-02-17
14,1,15:18,2118,2118,Christian Terrell Steal.,5,9,-4,37,0.5652998486996924,0.4003036914195069,UC Santa Barbara,UC Davis,4,4,4.3,400992515,2018-02-17
15,1,14:41,2081,2081,Jarriesse Blackmon Steal.,8,9,-1,69,0.6365644882282822,0.4743172671380922,UC Santa Barbara,UC Davis,4,4,4.3,400992515,2018-02-17
16,1,13:32,2012,2012,Garrison Goode Defensive Rebound.,8,11,-3,52,0.5836195538799803,0.42101350065064624,UC Santa Barbara,UC Davis,4,4,4.3,400992515,2018-02-17
17,1,12:40,1960,1960,Joe Mooney Defensive Rebound.,8,13,-5,20,0.5266022512864176,0.36721745466459205,UC Santa Barbara,UC Davis,4,4,4.3,400992515,2018-02-17
18,1,12:20,1940,1940,Ami Lakoju Defensive Rebound.,8,13,-5,33,0.5247652750755035,0.36601915582408157,UC Santa Barbara,UC Davis,4,4,4.3,400992515,2018-02-17
19,1,11:47,1907,1907,Ami Lakoju Defensive Rebound.,11,13,-2,20,0.6038614352969077,0.4444373612906001,UC Santa Barbara,UC Davis,4,4,4.3,400992515,2018-02-17
20,1,11:27,1887,1887,Garrison Goode Defensive Rebound.,11,13,-2,86,0.6028088083552617,0.44392337373482016,UC Santa Barbara,UC Davis,4,4,4.3,400992515,2018-02-17
21,1,10:01,1801,1801,A.J. John Defensive Rebound.,13,18,-5,10,0.51156507443099,0.3576132114296338,UC Santa Barbara,UC Davis,4,4,4.3,400992515,2018-02-17
22,1,9:51,1791,1791,Jarriesse Blackmon Block.,13,18,-5,3,0.5105812647459018,0.3569976248976468,UC Santa Barbara,UC Davis,4,4,4.3,400992515,2018-02-17
23,1,9:48,1788,1788,Garrison Goode Offensive Rebound.,13,18,-5,3,0.5102849266418619,0.356812322248681,UC Santa Barbara,UC Davis,4,4,4.3,400992515,2018-02-17
24,1,9:45,1785,1785,Jarriesse Blackmon Defensive Rebound.,13,18,-5,13,0.5099880220978082,0.356626713684953,UC Santa Barbara,UC Davis,4,4,4.3,400992515,2018-02-17
25,1,9:32,1772,1772,Gabe Vincent made Free Throw.,14,18,-4,0,0.538298354795017,0.3834695992246901,UC Santa Barbara,UC Davis,4,4,4.3,400992515,2018-02-17
26,1,9:32,1772,1772,Gabe Vincent made Free Throw.,15,18,-3,17,0.5676343694188725,0.4118953815854379,UC Santa Barbara,UC Davis,4,4,4.3,400992515,2018-02-17
27,1,9:15,1755,1755,Alex Hart Defensive Rebound.,15,18,-3,7,0.5664133712420893,0.41121857540469137,UC Santa Barbara,UC Davis,4,4,4.3,400992515,2018-02-17
28,1,9:08,1748,1748,Christian Terrell made Free Throw.,16,18,-2,0,0.5951262940181749,0.4402712822753347,UC Santa Barbara,UC Davis,4,4,4.3,400992515,2018-02-17
29,1,9:08,1748,1748,Christian Terrell made Free Throw.,17,18,-1,40,0.62368738432694,0.4700283324209723,UC Santa Barbara,UC Davis,4,4,4.3,400992515,2018-02-17
30,1,8:28,1708,1708,Gabe Vincent Steal.,17,18,-1,22,0.6219301459137276,0.46946559055114534,UC Santa Barbara,UC Davis,4,4,4.3,400992515,2018-02-17
31,1,8:06,1686,1686,UC Davis Defensive Rebound.,17,18,-1,19,0.6209438984540887,0.46914677803923804,UC Santa Barbara,UC Davis,4,4,4.3,400992515,2018-02-17
32,1,7:47,1667,1667,Leland King II Defensive Rebound.,17,18,-1,25,0.6200801482631152,0.46887468890537076,UC Santa Barbara,UC Davis,4,4,4.3,400992515,2018-02-17
33,1,7:22,1642,1642,Leland King II Offensive Rebound.,17,18,-1,4,0.6189263316408007,0.46852605275690906,UC Santa Barbara,UC Davis,4,4,4.3,400992515,2018-02-17
34,1,7:18,1638,1638,A.J. John Block.,17,18,-1,2,0.6187399123677195,0.4684710047155523,UC Santa Barbara,UC Davis,4,4,4.3,400992515,2018-02-17
35,1,7:16,1636,1636,Michael Onyebalu Defensive Rebound.,17,18,-1,7,0.618646516711416,0.4684435395665771,UC Santa Barbara,UC Davis,4,4,4.3,400992515,2018-02-17
36,1,7:09,1629,1629,A.J. John missed Free Throw.,17,18,-1,0,0.6183186576899516,0.46834768312718367,UC Santa Barbara,UC Davis,4,4,4.3,400992515,2018-02-17
37,1,7:09,1629,1629,Max Heidegger Defensive Rebound.,17,18,-1,74,0.6183186576899516,0.46834768312718367,UC Santa Barbara,UC Davis,4,4,4.3,400992515,2018-02-17
38,1,5:55,1555,1555,Garrison Goode Defensive Rebound.,20,20,0,12,0.6452462999432755,0.5,UC Santa Barbara,UC Davis,4,4,4.3,400992515,2018-02-17
39,1,5:43,1543,1543,A.J. John Offensive Rebound.,20,20,0,30,0.6448281103522967,0.5,UC Santa Barbara,UC Davis,4,4,4.3,400992515,2018-02-17
40,1,5:13,1513,1513,Garrison Goode Defensive Rebound.,20,23,-3,52,0.5478702529271987,0.4013793454408587,UC Santa Barbara,UC Davis,4,4,4.3,400992515,2018-02-17
41,1,4:21,1461,1461,Alex Hart Offensive Rebound.,20,25,-5,2,0.47539094978244284,0.3357389579036991,UC Santa Barbara,UC Davis,4,4,4.3,400992515,2018-02-17
42,1,4:19,1459,1459,Alex Hart made Free Throw.,21,25,-4,0,0.5092792509315884,0.36670015809774387,UC Santa Barbara,UC Davis,4,4,4.3,400992515,2018-02-17
43,1,4:19,1459,1459,Alex Hart missed Free Throw.,21,25,-4,0,0.5092792509315884,0.36670015809774387,UC Santa Barbara,UC Davis,4,4,4.3,400992515,2018-02-17
44,1,4:19,1459,1459,Rogers Printup Defensive Rebound.,21,25,-4,42,0.5092792509315884,0.36670015809774387,UC Santa Barbara,UC Davis,4,4,4.3,400992515,2018-02-17
45,1,3:37,1417,1417,Joe Mooney Defensive Rebound.,21,28,-7,7,0.40169798182271893,0.27379322159832986,UC Santa Barbara,UC Davis,4,4,4.3,400992515,2018-02-17
46,1,3:30,1410,1410,Leland King II Defensive Rebound.,21,28,-7,6,0.4006928185830822,0.273179864277068,UC Santa Barbara,UC Davis,4,4,4.3,400992515,2018-02-17
47,1,3:24,1404,1404,Gabe Vincent made Free Throw.,22,28,-6,0,0.4338940721455585,0.30132309954945674,UC Santa Barbara,UC Davis,4,4,4.3,400992515,2018-02-17
48,1,3:24,1404,1404,Gabe Vincent made Free Throw.,23,28,-5,36,0.4685881158017968,0.3316265150138883,UC Santa Barbara,UC Davis,4,4,4.3,400992515,2018-02-17
49,1,2:48,1368,1368,Rogers Printup Defensive Rebound.,23,30,-7,56,0.3947498218851718,0.26959733520338347,UC Santa Barbara,UC Davis,4,4,4.3,400992515,2018-02-17
50,1,1:52,1312,1312,Jarriesse Blackmon Steal.,23,32,-9,3,0.32024138433090815,0.2120181474222592,UC Santa Barbara,UC Davis,4,4,4.3,400992515,2018-02-17
51,1,1:49,1309,1309,Max Heidegger Offensive Rebound.,23,32,-9,1,0.3197544989661941,0.21172697259125142,UC Santa Barbara,UC Davis,4,4,4.3,400992515,2018-02-17
52,1,1:48,1308,1308,Max Heidegger missed Free Throw.,23,32,-9,0,0.31959181368070494,0.21162962379634018,UC Santa Barbara,UC Davis,4,4,4.3,400992515,2018-02-17
53,1,1:48,1308,1308,UC Santa Barbara Deadball Team Rebound.,23,32,-9,0,0.31959181368070494,0.21162962379634018,UC Santa Barbara,UC Davis,4,4,4.3,400992515,2018-02-17
54,1,1:48,1308,1308,Max Heidegger made Free Throw.,24,32,-8,18,0.352168083574372,0.23703493280160537,UC Santa Barbara,UC Davis,4,4,4.3,400992515,2018-02-17
55,1,1:30,1290,1290,Leland King II Defensive Rebound.,24,32,-8,15,0.3493251772660818,0.23531832232500774,UC Santa Barbara,UC Davis,4,4,4.3,400992515,2018-02-17
56,1,1:15,1275,1275,Max Heidegger missed Free Throw.,26,32,-6,0,0.4167736689000272,0.2910957822706946,UC Santa Barbara,UC Davis,4,4,4.3,400992515,2018-02-17
57,1,1:15,1275,1275,A.J. John Defensive Rebound.,26,32,-6,26,0.4167736689000272,0.2910957822706946,UC Santa Barbara,UC Davis,4,4,4.3,400992515,2018-02-17
58,1,0:49,1249,1249,Michael Onyebalu made Free Throw.,26,33,-7,0,0.3770973310878687,0.2589124943423559,UC Santa Barbara,UC Davis,4,4,4.3,400992515,2018-02-17
59,1,0:49,1249,1249,Michael Onyebalu made Free Throw.,26,34,-8,16,0.34251204889427284,0.23114428187047792,UC Santa Barbara,UC Davis,4,4,4.3,400992515,2018-02-17
60,1,0:33,1233,1233,Gabe Vincent made Free Throw.,29,34,-5,22,0.4476286794436425,0.31921952939795234,UC Santa Barbara,UC Davis,4,4,4.3,400992515,2018-02-17
61,1,0:11,1211,1211,Jarriesse Blackmon Block.,29,34,-5,1,0.44448954760994275,0.31724678727351074,UC Santa Barbara,UC Davis,4,4,4.3,400992515,2018-02-17
62,1,0:10,1210,1210,Marcus Jackson Defensive Rebound.,29,34,-5,8,0.4443428504891811,0.3171535518559115,UC Santa Barbara,UC Davis,4,4,4.3,400992515,2018-02-17
63,1,0:02,1202,1202,A.J. John Defensive Rebound.,29,34,-5,2,0.4431762913123069,0.3164133449951552,UC Santa Barbara,UC Davis,4,4,4.3,400992515,2018-02-17
64,1,0:00,1200,1200,End of 1st half,29,34,-5,0,0.44288717809839145,0.3162303721963287,UC Santa Barbara,UC Davis,4,4,4.3,400992515,2018-02-17
65,2,20:00,1200,1200,PLAY,29,34,-5,15,0.44288717809839145,0.3162303721963287,UC Santa Barbara,UC Davis,4,4,4.3,400992515,2018-02-17
66,2,19:45,1185,1185,Ami Lakoju Offensive Rebound.,29,34,-5,7,0.44074713846961755,0.31488136135256445,UC Santa Barbara,UC Davis,4,4,4.3,400992515,2018-02-17
67,2,19:38,1178,1178,A.J. John Defensive Rebound.,29,34,-5,66,0.4397632904696756,0.3142640273138082,UC Santa Barbara,UC Davis,4,4,4.3,400992515,2018-02-17
68,2,18:32,1112,1112,Max Heidegger Defensive Rebound.,31,34,-3,13,0.5109028594259105,0.38131714967142194,UC Santa Barbara,UC Davis,4,4,4.3,400992515,2018-02-17
69,2,18:19,1099,1099,Michael Onyebalu Defensive Rebound.,31,34,-3,27,0.5095965572991903,0.3805741765350455,UC Santa Barbara,UC Davis,4,4,4.3,400992515,2018-02-17
70,2,17:52,1072,1072,Ami Lakoju Offensive Rebound.,31,34,-3,4,0.5068293667710693,0.37898684868660776,UC Santa Barbara,UC Davis,4,4,4.3,400992515,2018-02-17
71,2,17:48,1068,1068,TJ Shorts II Steal.,31,34,-3,83,0.506411083164598,0.37874487263453277,UC Santa Barbara,UC Davis,4,4,4.3,400992515,2018-02-17
72,2,16:25,985,985,Siler Schneider Defensive Rebound.,33,38,-5,31,0.4113602458877957,0.29626764366124836,UC Santa Barbara,UC Davis,4,4,4.3,400992515,2018-02-17
73,2,15:54,954,954,A.J. John Block.,33,38,-5,3,0.4058252731835575,0.2926063039733104,UC Santa Barbara,UC Davis,4,4,4.3,400992515,2018-02-17
74,2,15:51,951,951,TJ Shorts II Defensive Rebound.,33,38,-5,47,0.40532021386754696,0.2922743267632923,UC Santa Barbara,UC Davis,4,4,4.3,400992515,2018-02-17
75,2,15:04,904,904,UC Davis Defensive Rebound.,33,40,-7,13,0.3152021488371244,0.21930417302093563,UC Santa Barbara,UC Davis,4,4,4.3,400992515,2018-02-17
76,2,14:51,891,891,A.J. John Offensive Rebound.,33,40,-7,5,0.31306885838373766,0.21793419295190344,UC Santa Barbara,UC Davis,4,4,4.3,400992515,2018-02-17
77,2,14:46,886,886,Christian Terrell Defensive Rebound.,33,40,-7,16,0.3122581016681108,0.21741383214297047,UC Santa Barbara,UC Davis,4,4,4.3,400992515,2018-02-17
78,2,14:30,870,870,TJ Shorts II Defensive Rebound.,33,40,-7,123,0.30967442642505244,0.2157548153465524,UC Santa Barbara,UC Davis,4,4,4.3,400992515,2018-02-17
79,2,12:27,747,747,Gabe Vincent Defensive Rebound.,38,44,-6,25,0.32721253668530037,0.23318887049650128,UC Santa Barbara,UC Davis,4,4,4.3,400992515,2018-02-17
80,2,12:02,722,722,Garrison Goode Offensive Rebound.,40,44,-4,27,0.4143282010758515,0.3077274652349174,UC Santa Barbara,UC Davis,4,4,4.3,400992515,2018-02-17
81,2,11:35,695,695,Jarriesse Blackmon Offensive Rebound.,40,46,-6,15,0.3139332451788976,0.22421473529783223,UC Santa Barbara,UC Davis,4,4,4.3,400992515,2018-02-17
82,2,11:20,680,680,Joe Mooney Defensive Rebound.,40,46,-6,42,0.3106417523928673,0.2220432490198739,UC Santa Barbara,UC Davis,4,4,4.3,400992515,2018-02-17
83,2,10:38,638,638,Garrison Goode Defensive Rebound.,40,48,-8,7,0.2195419560165208,0.1522371313804208,UC Santa Barbara,UC Davis,4,4,4.3,400992515,2018-02-17
84,2,10:31,631,631,Siler Schneider made Free Throw.,40,49,-9,0,0.1834181742986095,0.12555617016330567,UC Santa Barbara,UC Davis,4,4,4.3,400992515,2018-02-17
85,2,10:31,631,631,Siler Schneider made Free Throw.,40,50,-10,14,0.1532925845898471,0.10372694978668281,UC Santa Barbara,UC Davis,4,4,4.3,400992515,2018-02-17
86,2,10:17,617,617,TJ Shorts II Defensive Rebound.,40,50,-10,26,0.15020502897611948,0.10176993823219797,UC Santa Barbara,UC Davis,4,4,4.3,400992515,2018-02-17
87,2,9:51,591,591,TJ Shorts II missed Free Throw.,40,50,-10,0,0.14383863538125333,0.09769912299748208,UC Santa Barbara,UC Davis,4,4,4.3,400992515,2018-02-17
88,2,9:51,591,591,UC Davis Deadball Team Rebound.,40,50,-10,0,0.14383863538125333,0.09769912299748208,UC Santa Barbara,UC Davis,4,4,4.3,400992515,2018-02-17
89,2,9:51,591,591,TJ Shorts II made Free Throw.,40,51,-11,79,0.11856683914339174,0.0797784533128507,UC Santa Barbara,UC Davis,4,4,4.3,400992515,2018-02-17
90,2,8:32,512,512,Jarriesse Blackmon Defensive Rebound.,44,54,-10,30,0.12072563090205574,0.0827323091915809,UC Santa Barbara,UC Davis,4,4,4.3,400992515,2018-02-17
91,2,8:02,482,482,Ami Lakoju Offensive Rebound.,44,54,-10,4,0.11363282457036117,0.07819602971932649,UC Santa Barbara,UC Davis,4,4,4.3,400992515,2018-02-17
92,2,7:58,478,478,Siler Schneider Defensive Rebound.,44,54,-10,65,0.11263502088005273,0.07755393667578687,UC Santa Barbara,UC Davis,4,4,4.3,400992515,2018-02-17
93,2,6:53,413,413,Ami Lakoju Offensive Rebound.,44,59,-15,4,0.025472291051096753,0.017343699621183362,UC Santa Barbara,UC Davis,4,4,4.3,400992515,2018-02-17
94,2,6:49,409,409,Joe Mooney Defensive Rebound.,44,59,-15,25,0.02488790432751016,0.01696566790830708,UC Santa Barbara,UC Davis,4,4,4.3,400992515,2018-02-17
95,2,6:24,384,384,Siler Schneider Defensive Rebound.,44,61,-17,146,0.012443892541342604,0.008524914998485789,UC Santa Barbara,UC Davis,4,4,4.3,400992515,2018-02-17
96,2,3:58,238,238,Max Heidegger Defensive Rebound.,52,67,-15,24,0.012184694609056666,0.008893477952874108,UC Santa Barbara,UC Davis,4,4,4.3,400992515,2018-02-17
97,2,3:34,214,214,Rogers Printup Defensive Rebound.,52,67,-15,31,0.010763271116227685,0.007949361306810343,UC Santa Barbara,UC Davis,4,4,4.3,400992515,2018-02-17
98,2,3:03,183,183,Garrison Goode Offensive Rebound.,52,67,-15,20,0.005201419369925049,0.003905451763068454,UC Santa Barbara,UC Davis,4,4,4.3,400992515,2018-02-17
99,2,2:43,163,163,Siler Schneider missed Free Throw.,52,69,-17,0,0.0011751362115487865,8.925920555676297e-4,UC Santa Barbara,UC Davis,4,4,4.3,400992515,2018-02-17
100,2,2:43,163,163,Christian Terrell Defensive Rebound.,52,69,-17,42,0.0011751362115487865,8.925920555676297e-4,UC Santa Barbara,UC Davis,4,4,4.3,400992515,2018-02-17
101,2,2:01,121,121,Arell Hennings Offensive Rebound.,54,69,-15,30,4.663834418199237e-4,3.6435176701257846e-4,UC Santa Barbara,UC Davis,4,4,4.3,400992515,2018-02-17
102,2,1:31,91,91,Michael Onyebalu made Free Throw.,54,70,-16,0,4.0944496894135606e-5,3.270305724199664e-5,UC Santa Barbara,UC Davis,4,4,4.3,400992515,2018-02-17
103,2,1:31,91,91,Michael Onyebalu made Free Throw.,54,71,-17,8,2.147171114864038e-5,1.7149749042557724e-5,UC Santa Barbara,UC Davis,4,4,4.3,400992515,2018-02-17
104,2,1:23,83,83,TJ Shorts II Defensive Rebound.,54,71,-17,30,1.1531981058145424e-5,9.267995980808367e-6,UC Santa Barbara,UC Davis,4,4,4.3,400992515,2018-02-17
105,2,0:53,53,53,Garrison Goode missed Free Throw.,54,71,-17,0,8.332788020709292e-7,6.861620584071904e-7,UC Santa Barbara,UC Davis,4,4,4.3,400992515,2018-02-17
106,2,0:53,53,53,UC Davis Deadball Team Rebound.,54,71,-17,0,8.332788020709292e-7,6.861620584071904e-7,UC Santa Barbara,UC Davis,4,4,4.3,400992515,2018-02-17
107,2,0:53,53,53,Garrison Goode missed Free Throw.,54,71,-17,0,8.332788020709292e-7,6.861620584071904e-7,UC Santa Barbara,UC Davis,4,4,4.3,400992515,2018-02-17
108,2,0:53,53,53,Alex Hart Defensive Rebound.,54,71,-17,29,8.332788020709292e-7,6.861620584071904e-7,UC Santa Barbara,UC Davis,4,4,4.3,400992515,2018-02-17
109,2,0:24,24,24,Jarriesse Blackmon Offensive Rebound.,54,71,-17,3,4.169205690799985e-8,3.520481259291991e-8,UC Santa Barbara,UC Davis,4,4,4.3,400992515,2018-02-17
110,2,0:21,21,21,Jarriesse Blackmon Offensive Rebound.,54,71,-17,21,2.9876618703532345e-8,2.5295694897642827e-8,UC Santa Barbara,UC Davis,4,4,4.3,400992515,2018-02-17
111,2,0:00,0,0,End of Game,54,71,-17,0,2.5359790087192304e-148,2.1871378321977182e-148,UC Santa Barbara,UC Davis,4,4,4.3,400992515,2018-02-17
