play_id,half,time_remaining_half,secs_remaining,secs_remaining_absolute,description,home_score,away_score,score_diff,play_length,win_prob,naive_win_prob,home,away,home_time_out_remaining,away_time_out_remaining,home_favored_by,game_id,date
1,1,20:00,2400,2400,PLAY,0,0,0,39,0.13458655151786714,0.5,Samford,Furman,4,4,-11.6,400988813,2018-02-17
2,1,19:21,2361,2361,Daniel Fowler Defensive Rebound.,0,3,-3,11,0.10683582016465443,0.4329446767439369,Samford,Furman,4,4,-11.6,400988813,2018-02-17
3,1,19:10,2350,2350,Eric Adams Defensive Rebound.,0,3,-3,40,0.10690328830533796,0.4325924947332577,Samford,Furman,4,4,-11.6,400988813,2018-02-17
4,1,18:30,2310,2310,Triston Chambers Defensive Rebound.,3,3,0,18,0.13664278523237666,0.5,Samford,Furman,4,4,-11.6,400988813,2018-02-17
5,1,18:12,2292,2292,Daniel Fowler Block.,3,3,0,4,0.1370848045616231,0.5,Samford,Furman,4,4,-11.6,400988813,2018-02-17
6,1,18:08,2288,2288,Matt Rafferty Defensive Rebound.,3,3,0,5,0.1371845062446809,0.5,Samford,Furman,4,4,-11.6,400988813,2018-02-17
7,1,18:03,2283,2283,Eric Adams Defensive Rebound.,3,3,0,30,0.13730989805901306,0.5,Samford,Furman,4,4,-11.6,400988813,2018-02-17
8,1,17:33,2253,2253,Alex Hunter Defensive Rebound.,3,3,0,36,0.1380804455997242,0.5,Samford,Furman,4,4,-11.6,400988813,2018-02-17
9,1,16:57,2217,2217,Eric Adams Offensive Rebound.,3,5,-2,19,0.11752683588744002,0.45193882090682996,Samford,Furman,4,4,-11.6,400988813,2018-02-17
10,1,16:38,2198,2198,Matt Rafferty Offensive Rebound.,5,5,0,23,0.1395778379708944,0.5,Samford,Furman,4,4,-11.6,400988813,2018-02-17
11,1,16:15,2175,2175,Matt Rafferty Defensive Rebound.,5,8,-3,12,0.10828108954378313,0.42675377747695203,Samford,Furman,4,4,-11.6,400988813,2018-02-17
12,1,16:03,2163,2163,Triston Chambers Defensive Rebound.,5,8,-3,8,0.10840123108837234,0.42634282019557657,Samford,Furman,4,4,-11.6,400988813,2018-02-17
13,1,15:55,2155,2155,John Davis III Steal.,5,8,-3,43,0.10848317274099631,0.4260680477365394,Samford,Furman,4,4,-11.6,400988813,2018-02-17
14,1,15:12,2112,2112,Andrew Brown Offensive Rebound.,7,10,-3,6,0.10894761622069248,0.424578415039436,Samford,Furman,4,4,-11.6,400988813,2018-02-17
15,1,15:06,2106,2106,Eric Adams Defensive Rebound.,7,10,-3,15,0.10901553380308635,0.4243687153462514,Samford,Furman,4,4,-11.6,400988813,2018-02-17
16,1,14:51,2091,2091,Devin Sibley made Free Throw.,7,13,-6,28,0.08271049637954049,0.3511382390001378,Samford,Furman,4,4,-11.6,400988813,2018-02-17
17,1,14:23,2063,2063,Jalen Williams Defensive Rebound.,7,13,-6,38,0.0826632442789508,0.34929021142681044,Samford,Furman,4,4,-11.6,400988813,2018-02-17
18,1,13:45,2025,2025,Daniel Fowler Steal.,7,13,-6,15,0.08260973848685507,0.34675096653481463,Samford,Furman,4,4,-11.6,400988813,2018-02-17
19,1,13:30,2010,2010,Jordan Lyons Defensive Rebound.,7,15,-8,11,0.06784610928519226,0.29934132863534474,Samford,Furman,4,4,-11.6,400988813,2018-02-17
20,1,13:19,1999,1999,Daniel Fowler Offensive Rebound.,7,15,-8,22,0.067766018219760707,0.2984180850973697,Samford,Furman,4,4,-11.6,400988813,2018-02-17
21,1,12:57,1977,1977,Justin Coleman made Free Throw.,8,18,-10,0,0.05520133571118756,0.2535693800848024,Samford,Furman,4,4,-11.6,400988813,2018-02-17
22,1,12:57,1977,1977,Justin Coleman made Free Throw.,9,18,-9,34,0.061110265468784265,0.2745420491431513,Samford,Furman,4,4,-11.6,400988813,2018-02-17
23,1,12:23,1943,1943,Matt Rafferty Steal.,9,20,-11,34,0.049402243105049454,0.23026396310655123,Samford,Furman,4,4,-11.6,400988813,2018-02-17
24,1,11:49,1909,1909,Devin Sibley Defensive Rebound.,9,22,-13,39,0.039573506668612576,0.19011457008284863,Samford,Furman,4,4,-11.6,400988813,2018-02-17
25,1,11:10,1870,1870,Jordan Lyons Steal.,9,24,-15,7,0.0313596890126553,0.1541142054167073,Samford,Furman,4,4,-11.6,400988813,2018-02-17
26,1,11:03,1863,1863,Samford Defensive Rebound.,9,24,-15,18,0.03126172945733893,0.1534012859262265,Samford,Furman,4,4,-11.6,400988813,2018-02-17
27,1,10:45,1845,1845,Daniel Fowler Defensive Rebound.,9,24,-15,19,0.031011864092964875,0.15157545182550308,Samford,Furman,4,4,-11.6,400988813,2018-02-17
28,1,10:26,1826,1826,Justin Coleman Steal.,9,24,-15,23,0.030750414971199853,0.14965677222458007,Samford,Furman,4,4,-11.6,400988813,2018-02-17
29,1,10:03,1803,1803,Eric Adams Steal.,12,24,-12,34,0.04269193900669486,0.19710452962949143,Samford,Furman,4,4,-11.6,400988813,2018-02-17
30,1,9:29,1769,1769,Geoff Beans Offensive Rebound.,14,24,-10,38,0.05301135676633958,0.23348193405829293,Samford,Furman,4,4,-11.6,400988813,2018-02-17
31,1,8:51,1731,1731,John Davis III Defensive Rebound.,14,27,-13,45,0.037199860521342394,0.17182511422198402,Samford,Furman,4,4,-11.6,400988813,2018-02-17
32,1,8:06,1686,1686,Demetrius Denzel-Dyson missed Free Throw.,16,30,-14,0,0.03245885971150023,0.1505903424508649,Samford,Furman,4,4,-11.6,400988813,2018-02-17
33,1,8:06,1686,1686,Daniel Fowler Defensive Rebound.,16,30,-14,39,0.03245885971150023,0.1505903424508649,Samford,Furman,4,4,-11.6,400988813,2018-02-17
34,1,7:27,1647,1647,Andrew Brown Offensive Rebound.,19,32,-13,9,0.036070362713767255,0.16311829186837035,Samford,Furman,4,4,-11.6,400988813,2018-02-17
35,1,7:18,1638,1638,Devin Sibley Defensive Rebound.,19,34,-15,31,0.02816385978741825,0.13076029407924133,Samford,Furman,4,4,-11.6,400988813,2018-02-17
36,1,6:47,1607,1607,Clay Mounce Offensive Rebound.,19,34,-15,2,0.027800850137188395,0.1278927810305627,Samford,Furman,4,4,-11.6,400988813,2018-02-17
37,1,6:45,1605,1605,Samford Defensive Rebound.,19,34,-15,103,0.027778111665520373,0.12771045974030662,Samford,Furman,4,4,-11.6,400988813,2018-02-17
38,1,5:02,1502,1502,Demetrius Denzel-Dyson Defensive Rebound.,26,36,-10,9,0.050648950689928036,0.20768185875781714,Samford,Furman,4,4,-11.6,400988813,2018-02-17
39,1,4:53,1493,1493,Matt Rafferty Defensive Rebound.,26,36,-10,67,0.050565591757130005,0.20678479517733842,Samford,Furman,4,4,-11.6,400988813,2018-02-17
40,1,3:46,1426,1426,Devin Sibley Defensive Rebound.,29,40,-11,29,0.04364354429298259,0.17849803035393225,Samford,Furman,4,4,-11.6,400988813,2018-02-17
41,1,3:17,1397,1397,Devin Sibley Defensive Rebound.,29,42,-13,10,0.0330518965099052,0.13849763238439033,Samford,Furman,4,4,-11.6,400988813,2018-02-17
42,1,3:07,1387,1387,Eric Adams Defensive Rebound.,29,42,-13,7,0.032933300085688184,0.1375447432914009,Samford,Furman,4,4,-11.6,400988813,2018-02-17
43,1,3:00,1380,1380,Matt Rafferty Defensive Rebound.,29,42,-13,41,0.03285190803011557,0.13688427204057213,Samford,Furman,4,4,-11.6,400988813,2018-02-17
44,1,2:19,1339,1339,Alex Hunter Defensive Rebound.,29,44,-15,24,0.02447161238932351,0.10317401417573442,Samford,Furman,4,4,-11.6,400988813,2018-02-17
45,1,1:55,1315,1315,Josh Sharkey Steal.,29,44,-15,46,0.02418542754483936,0.10109520461789395,Samford,Furman,4,4,-11.6,400988813,2018-02-17
46,1,1:09,1269,1269,Josh Sharkey missed Free Throw.,31,46,-15,0,0.023580941843011162,0.09695559682507368,Samford,Furman,4,4,-11.6,400988813,2018-02-17
47,1,1:09,1269,1269,Samford Deadball Team Rebound.,31,46,-15,0,0.023580941843011162,0.09695559682507368,Samford,Furman,4,4,-11.6,400988813,2018-02-17
48,1,1:09,1269,1269,Josh Sharkey missed Free Throw.,31,46,-15,0,0.023580941843011162,0.09695559682507368,Samford,Furman,4,4,-11.6,400988813,2018-02-17
49,1,1:09,1269,1269,Devin Sibley Defensive Rebound.,31,46,-15,46,0.023580941843011162,0.09695559682507368,Samford,Furman,4,4,-11.6,400988813,2018-02-17
50,1,0:23,1223,1223,Justin Coleman made Free Throw.,32,48,-16,0,0.019685798306545804,0.08043127195266506,Samford,Furman,4,4,-11.6,400988813,2018-02-17
51,1,0:23,1223,1223,Justin Coleman made Free Throw.,33,48,-15,21,0.022849882906278773,0.09243828196249672,Samford,Furman,4,4,-11.6,400988813,2018-02-17
52,1,0:02,1202,1202,Eric Adams Offensive Rebound.,33,51,-18,2,0.01426897454402834,0.05879553631005698,Samford,Furman,4,4,-11.6,400988813,2018-02-17
53,1,0:00,1200,1200,End of 1st half,33,51,-18,0,0.0142385199219592,0.05862720964835187,Samford,Furman,4,4,-11.6,400988813,2018-02-17
54,2,20:00,1200,1200,PLAY,33,51,-18,17,0.0142385199219592,0.05862720964835187,Samford,Furman,4,4,-11.6,400988813,2018-02-17
55,2,19:43,1183,1183,Matt Rafferty Defensive Rebound.,33,51,-18,138,0.013987934292027486,0.05723877473711447,Samford,Furman,4,4,-11.6,400988813,2018-02-17
56,2,17:25,1045,1045,Justin Coleman made Free Throw.,42,58,-16,0,0.016855682367167356,0.06465011090772003,Samford,Furman,4,4,-11.6,400988813,2018-02-17
57,2,17:25,1045,1045,Justin Coleman missed Free Throw.,42,58,-16,0,0.016855682367167356,0.06465011090772003,Samford,Furman,4,4,-11.6,400988813,2018-02-17
58,2,17:25,1045,1045,Andrew Brown Defensive Rebound.,42,58,-16,10,0.016855682367167356,0.06465011090772003,Samford,Furman,4,4,-11.6,400988813,2018-02-17
59,2,17:15,1035,1035,Jalen Williams Offensive Rebound.,42,58,-16,9,0.01668436707319077,0.06376049463902991,Samford,Furman,4,4,-11.6,400988813,2018-02-17
60,2,17:06,1026,1026,Andrew Brown Defensive Rebound.,42,58,-16,8,0.01652576787473932,0.06294685904040948,Samford,Furman,4,4,-11.6,400988813,2018-02-17
61,2,16:58,1018,1018,Eric Adams Defensive Rebound.,42,58,-16,78,0.016380999531513032,0.06221231347283674,Samford,Furman,4,4,-11.6,400988813,2018-02-17
62,2,15:40,940,940,Alex Thompson Defensive Rebound.,48,61,-13,10,0.025063948755409165,0.08996114382472262,Samford,Furman,4,4,-11.6,400988813,2018-02-17
63,2,15:30,930,930,Daniel Fowler Defensive Rebound.,48,61,-13,23,0.024854928217347683,0.08891994496169393,Samford,Furman,4,4,-11.6,400988813,2018-02-17
64,2,15:07,907,907,Eric Adams made Free Throw.,49,63,-14,0,0.020451400772400444,0.07339301607141178,Samford,Furman,4,4,-11.6,400988813,2018-02-17
65,2,15:07,907,907,Eric Adams made Free Throw.,50,63,-13,50,0.024413108830488882,0.08670247708310094,Samford,Furman,4,4,-11.6,400988813,2018-02-17
66,2,14:17,857,857,Justin Coleman Defensive Rebound.,52,63,-11,30,0.03374079493332217,0.11499298363868579,Samford,Furman,4,4,-11.6,400988813,2018-02-17
67,2,13:47,827,827,Clay Mounce made Free Throw.,54,64,-10,0,0.039708316226774364,0.13199985552607418,Samford,Furman,4,4,-11.6,400988813,2018-02-17
68,2,13:47,827,827,Clay Mounce made Free Throw.,54,65,-11,16,0.03311748707299226,0.11187501628850226,Samford,Furman,4,4,-11.6,400988813,2018-02-17
69,2,13:31,811,811,Matt Rafferty Defensive Rebound.,54,65,-11,19,0.032744717987664033,0.11008116928957927,Samford,Furman,4,4,-11.6,400988813,2018-02-17
70,2,13:12,792,792,Matt Rafferty Offensive Rebound.,54,65,-11,0,0.03225117309595042,0.10777937106809736,Samford,Furman,4,4,-11.6,400988813,2018-02-17
71,2,13:12,792,792,Matt Rafferty missed Free Throw.,54,67,-13,0,0.022189124129743398,0.07600391270519594,Samford,Furman,4,4,-11.6,400988813,2018-02-17
72,2,13:12,792,792,Eric Adams Defensive Rebound.,54,67,-13,79,0.022189124129743398,0.07600391270519594,Samford,Furman,4,4,-11.6,400988813,2018-02-17
73,2,11:53,713,713,Devin Sibley Defensive Rebound.,56,71,-15,6,0.01323866146137518,0.04468001748926874,Samford,Furman,4,4,-11.6,400988813,2018-02-17
74,2,11:47,707,707,Eric Adams Block.,56,71,-15,2,0.013096774257973988,0.044084847707566224,Samford,Furman,4,4,-11.6,400988813,2018-02-17
75,2,11:45,705,705,Demetrius Denzel-Dyson Defensive Rebound.,56,71,-15,36,0.013051201836755594,0.04389299065222885,Samford,Furman,4,4,-11.6,400988813,2018-02-17
76,2,11:09,669,669,Eric Adams missed Free Throw.,58,73,-15,0,0.012332104883268273,0.04082906133841203,Samford,Furman,4,4,-11.6,400988813,2018-02-17
77,2,11:09,669,669,Samford Deadball Team Rebound.,58,73,-15,0,0.012332104883268273,0.04082906133841203,Samford,Furman,4,4,-11.6,400988813,2018-02-17
78,2,11:09,669,669,Eric Adams made Free Throw.,59,73,-14,30,0.015176780742416459,0.0499149866242072,Samford,Furman,4,4,-11.6,400988813,2018-02-17
79,2,10:39,639,639,Demetrius Denzel-Dyson Defensive Rebound.,59,73,-14,12,0.014566485915969457,0.04728773829545534,Samford,Furman,4,4,-11.6,400988813,2018-02-17
80,2,10:27,627,627,Andrew Brown Defensive Rebound.,59,73,-14,10,0.014310223362169314,0.046206662773087014,Samford,Furman,4,4,-11.6,400988813,2018-02-17
81,2,10:17,617,617,Clay Mounce Offensive Rebound.,59,73,-14,37,0.014084450662228992,0.045269479519664715,Samford,Furman,4,4,-11.6,400988813,2018-02-17
82,2,9:40,580,580,Clay Mounce Steal.,59,75,-16,8,0.008401094896415495,0.026791601995718766,Samford,Furman,4,4,-11.6,400988813,2018-02-17
83,2,9:32,572,572,Justin Coleman made Free Throw.,60,77,-17,0,0.006558568947372532,0.02089868271106532,Samford,Furman,4,4,-11.6,400988813,2018-02-17
84,2,9:32,572,572,Justin Coleman made Free Throw.,61,77,-16,35,0.008210381963506146,0.026067367737452395,Samford,Furman,4,4,-11.6,400988813,2018-02-17
85,2,8:57,537,537,Eric Adams Steal.,61,80,-19,16,0.003617327412935193,0.011334737331087422,Samford,Furman,4,4,-11.6,400988813,2018-02-17
86,2,8:41,521,521,Josh Sharkey Defensive Rebound.,63,80,-17,12,0.005497345149891379,0.016980318700548877,Samford,Furman,4,4,-11.6,400988813,2018-02-17
87,2,8:29,509,509,John Davis III Steal.,63,80,-17,9,0.005315940163389869,0.016301709999333055,Samford,Furman,4,4,-11.6,400988813,2018-02-17
88,2,8:20,500,500,Kevion Nolan Offensive Rebound.,63,82,-19,15,0.003197011622958178,0.009790772903304682,Samford,Furman,4,4,-11.6,400988813,2018-02-17
89,2,8:05,485,485,Demetrius Denzel-Dyson Block.,63,82,-19,4,0.0030451195949258397,0.009238087768592316,Samford,Furman,4,4,-11.6,400988813,2018-02-17
90,2,8:01,481,481,Eric Adams Defensive Rebound.,63,82,-19,14,0.003003249974239839,0.009087664103232458,Samford,Furman,4,4,-11.6,400988813,2018-02-17
91,2,7:47,467,467,Justin Coleman Defensive Rebound.,65,82,-17,10,0.004688311116011703,0.01400384725002549,Samford,Furman,4,4,-11.6,400988813,2018-02-17
92,2,7:37,457,457,Justin Coleman made Free Throw.,68,82,-14,11,0.009584350540110217,0.028151301834896017,Samford,Furman,4,4,-11.6,400988813,2018-02-17
93,2,7:26,446,446,Matt Rafferty Offensive Rebound.,68,82,-14,39,0.00921631555149408,0.02686801432133939,Samford,Furman,4,4,-11.6,400988813,2018-02-17
94,2,6:47,407,407,Eric Adams Block.,68,84,-16,2,0.004516116803181143,0.012844463202593368,Samford,Furman,4,4,-11.6,400988813,2018-02-17
95,2,6:45,405,405,Daniel Fowler Offensive Rebound.,68,84,-16,2,0.004471987914849399,0.012696135276701295,Samford,Furman,4,4,-11.6,400988813,2018-02-17
96,2,6:43,403,403,Eric Adams Defensive Rebound.,68,84,-16,8,0.00442858136426126,0.012550167572226736,Samford,Furman,4,4,-11.6,400988813,2018-02-17
97,2,6:35,395,395,Devin Sibley Defensive Rebound.,68,84,-16,13,0.0042608327124522595,0.01198602333225413,Samford,Furman,4,4,-11.6,400988813,2018-02-17
98,2,6:22,382,382,Matt Rafferty Offensive Rebound.,68,84,-16,22,0.004000417071900335,0.011114283062409214,Samford,Furman,4,4,-11.6,400988813,2018-02-17
99,2,6:00,360,360,Kevion Nolan Defensive Rebound.,68,84,-16,7,0.0035604766982050605,0.00967418135844868,Samford,Furman,4,4,-11.6,400988813,2018-02-17
100,2,5:53,353,353,Devin Sibley Block.,68,84,-16,0,0.0034142497354731323,0.009208580992083788,Samford,Furman,4,4,-11.6,400988813,2018-02-17
101,2,5:53,353,353,Samford Offensive Rebound.,68,84,-16,4,0.0034142497354731323,0.009208580992083788,Samford,Furman,4,4,-11.6,400988813,2018-02-17
102,2,5:49,349,349,Furman Defensive Rebound.,68,84,-16,25,0.0033285898424188455,0.008939153563823953,Samford,Furman,4,4,-11.6,400988813,2018-02-17
103,2,5:24,324,324,Alex Thompson Block.,68,84,-16,1,0.0027535897171197276,0.007192021051929641,Samford,Furman,4,4,-11.6,400988813,2018-02-17
104,2,5:23,323,323,Alex Thompson Defensive Rebound.,68,84,-16,22,0.002729186920305687,0.007120090674556025,Samford,Furman,4,4,-11.6,400988813,2018-02-17
105,2,5:01,301,301,Devin Sibley missed Free Throw.,68,86,-18,0,0.0011784901799978655,0.003000717056913595,Samford,Furman,4,4,-11.6,400988813,2018-02-17
106,2,5:01,301,301,Justin Coleman Defensive Rebound.,68,86,-18,80,0.0011784901799978655,0.003000717056913595,Samford,Furman,4,4,-11.6,400988813,2018-02-17
107,2,3:41,221,221,Demetrius Denzel-Dyson Defensive Rebound.,73,89,-16,15,0.0026903721686690903,0.00618040145733435,Samford,Furman,4,4,-11.6,400988813,2018-02-17
108,2,3:26,206,206,Justin Coleman Offensive Rebound.,73,89,-16,8,0.0022770591722944765,0.005121040828418529,Samford,Furman,4,4,-11.6,400988813,2018-02-17
109,2,3:18,198,198,Demetrius Denzel-Dyson made Free Throw.,74,89,-15,0,0.0027219263563531726,0.006043553405456448,Samford,Furman,4,4,-11.6,400988813,2018-02-17
110,2,3:18,198,198,Demetrius Denzel-Dyson made Free Throw.,75,89,-14,21,0.0038206387205253754,0.008471659155741246,Samford,Furman,4,4,-11.6,400988813,2018-02-17
111,2,2:57,177,177,Andrew Brown Offensive Rebound.,75,89,-14,28,0.002201637195067193,0.00472651043423885,Samford,Furman,4,4,-11.6,400988813,2018-02-17
112,2,2:29,149,149,Eric Adams Defensive Rebound.,75,89,-14,47,9.381908104764747e-4,0.0019218125239807587,Samford,Furman,4,4,-11.6,400988813,2018-02-17
113,2,1:42,102,102,Justin Coleman missed Free Throw.,77,92,-15,0,6.779511566351448e-5,1.2714552464122568e-4,Samford,Furman,4,4,-11.6,400988813,2018-02-17
114,2,1:42,102,102,Andrew Brown Defensive Rebound.,77,92,-15,72,6.779511566351448e-5,1.2714552464122568e-4,Samford,Furman,4,4,-11.6,400988813,2018-02-17
115,2,0:30,30,30,Tanner Tapp Steal.,77,94,-17,30,4.2077514512737636e-8,6.736539929388106e-8,Samford,Furman,4,4,-11.6,400988813,2018-02-17
116,2,0:00,0,0,End of Game,79,94,-15,0,3.453641377698078e-131,5.148200222412013e-131,Samford,Furman,4,4,-11.6,400988813,2018-02-17
