play_id,half,time_remaining_half,secs_remaining,secs_remaining_absolute,description,home_score,away_score,score_diff,play_length,win_prob,naive_win_prob,home,away,home_time_out_remaining,away_time_out_remaining,home_favored_by,game_id,date
1,1,20:00,2400,2400,PLAY,0,0,0,15,0.45599561218072154,0.5,Boston College,Notre Dame,4,4,-1.1,400986266,2018-02-17
2,1,19:45,2385,2385,Martinas Geben Block.,0,0,0,2,0.45606133607222343,0.5,Boston College,Notre Dame,4,4,-1.1,400986266,2018-02-17
3,1,19:43,2383,2383,John Mooney Defensive Rebound.,0,0,0,20,0.45607018846180714,0.5,Boston College,Notre Dame,4,4,-1.1,400986266,2018-02-17
4,1,19:23,2363,2363,Martinas Geben Defensive Rebound.,0,0,0,94,0.4561598869012377,0.5,Boston College,Notre Dame,4,4,-1.1,400986266,2018-02-17
5,1,17:49,2269,2269,Rex Pflueger Defensive Rebound.,2,5,-3,11,0.3879105871420358,0.4299359825185363,Boston College,Notre Dame,4,4,-1.1,400986266,2018-02-17
6,1,17:38,2258,2258,Jordan Chatman Defensive Rebound.,2,5,-3,10,0.38760797975611183,0.42956801088553537,Boston College,Notre Dame,4,4,-1.1,400986266,2018-02-17
7,1,17:28,2248,2248,John Mooney Block.,2,5,-3,3,0.38733233820171503,0.4292322756158619,Boston College,Notre Dame,4,4,-1.1,400986266,2018-02-17
8,1,17:25,2245,2245,John Mooney Defensive Rebound.,2,5,-3,79,0.3872495576295143,0.42913134152548055,Boston College,Notre Dame,4,4,-1.1,400986266,2018-02-17
9,1,16:06,2166,2166,Nik Popovic Offensive Rebound.,5,11,-6,2,0.31767446024032187,0.3560075003509742,Boston College,Notre Dame,4,4,-1.1,400986266,2018-02-17
10,1,16:04,2164,2164,Martinas Geben Defensive Rebound.,5,11,-6,43,0.3175630049963448,0.3558789701107078,Boston College,Notre Dame,4,4,-1.1,400986266,2018-02-17
11,1,15:21,2121,2121,Rex Pflueger Defensive Rebound.,5,11,-6,19,0.31515664416677425,0.35309895312593853,Boston College,Notre Dame,4,4,-1.1,400986266,2018-02-17
12,1,15:02,2102,2102,Jordan Chatman Defensive Rebound.,5,11,-6,7,0.3140861297345814,0.3518593725566787,Boston College,Notre Dame,4,4,-1.1,400986266,2018-02-17
13,1,14:55,2095,2095,TJ Gibbs Steal.,5,11,-6,22,0.31369042847058004,0.3514007751085444,Boston College,Notre Dame,4,4,-1.1,400986266,2018-02-17
14,1,14:33,2073,2073,John Mooney Defensive Rebound.,5,13,-8,13,0.2698971340900745,0.3045624751763789,Boston College,Notre Dame,4,4,-1.1,400986266,2018-02-17
15,1,14:20,2060,2060,Ky Bowman Defensive Rebound.,5,13,-8,15,0.26896856218379456,0.3034937562471766,Boston College,Notre Dame,4,4,-1.1,400986266,2018-02-17
16,1,14:05,2045,2045,John Mooney Defensive Rebound.,5,13,-8,30,0.2678931693520396,0.3022552531923849,Boston College,Notre Dame,4,4,-1.1,400986266,2018-02-17
17,1,13:35,2015,2015,Johncarlos Reyes Offensive Rebound.,5,16,-11,47,0.20840444599098287,0.23746868065477894,Boston College,Notre Dame,4,4,-1.1,400986266,2018-02-17
18,1,12:48,1968,1968,Austin Torres Defensive Rebound.,7,18,-11,34,0.20434559966738974,0.23278082377513187,Boston College,Notre Dame,4,4,-1.1,400986266,2018-02-17
19,1,12:14,1934,1934,Matt Farrell Defensive Rebound.,7,21,-14,34,0.1533949090180713,0.17617205574675895,Boston College,Notre Dame,4,4,-1.1,400986266,2018-02-17
20,1,11:40,1900,1900,Ky Bowman made Free Throw.,10,24,-14,74,0.15032716683966038,0.17260069072807785,Boston College,Notre Dame,4,4,-1.1,400986266,2018-02-17
21,1,10:26,1826,1826,Nik Popovic Defensive Rebound.,12,26,-14,17,0.14381654625597273,0.16500142981190294,Boston College,Notre Dame,4,4,-1.1,400986266,2018-02-17
22,1,10:09,1809,1809,Austin Torres Block.,12,26,-14,2,0.142335577930642,0.16327035646146718,Boston College,Notre Dame,4,4,-1.1,400986266,2018-02-17
23,1,10:07,1807,1807,Nikola Djogo Defensive Rebound.,12,26,-14,73,0.14216140417059323,0.16306673266488,Boston College,Notre Dame,4,4,-1.1,400986266,2018-02-17
24,1,8:54,1734,1734,Ky Bowman Defensive Rebound.,14,29,-15,54,0.12221031043767666,0.1403750961064125,Boston College,Notre Dame,4,4,-1.1,400986266,2018-02-17
25,1,8:00,1680,1680,Matt Farrell Defensive Rebound.,17,32,-15,40,0.1174881023798599,0.13484629148612573,Boston College,Notre Dame,4,4,-1.1,400986266,2018-02-17
26,1,7:20,1640,1640,Jordan Chatman Offensive Rebound.,17,34,-17,122,0.09102475195600715,0.10480477697222608,Boston College,Notre Dame,4,4,-1.1,400986266,2018-02-17
27,1,5:18,1518,1518,Steffon Mitchell Steal.,21,39,-18,4,0.0727885046146274,0.08370503226864814,Boston College,Notre Dame,4,4,-1.1,400986266,2018-02-17
28,1,5:14,1514,1514,Nik Popovic Offensive Rebound.,21,39,-18,35,0.0725143252045062,0.08338143615452051,Boston College,Notre Dame,4,4,-1.1,400986266,2018-02-17
29,1,4:39,1479,1479,Nik Popovic Defensive Rebound.,24,39,-15,49,0.10158678607277848,0.11612356919828122,Boston College,Notre Dame,4,4,-1.1,400986266,2018-02-17
30,1,3:50,1430,1430,John Mooney Defensive Rebound.,27,41,-14,56,0.11032556215853168,0.12572684109095467,Boston College,Notre Dame,4,4,-1.1,400986266,2018-02-17
31,1,2:54,1374,1374,Rex Pflueger Defensive Rebound.,27,44,-17,20,0.07174972891902104,0.08209316377372136,Boston College,Notre Dame,4,4,-1.1,400986266,2018-02-17
32,1,2:34,1354,1354,Ky Bowman Steal.,27,44,-17,18,0.07043061127845789,0.08053914174286571,Boston College,Notre Dame,4,4,-1.1,400986266,2018-02-17
33,1,2:16,1336,1336,Steffon Mitchell Block.,27,44,-17,2,0.06925181977881335,0.07915087525184492,Boston College,Notre Dame,4,4,-1.1,400986266,2018-02-17
34,1,2:14,1334,1334,Jordan Chatman Defensive Rebound.,27,44,-17,5,0.06912076861075281,0.07899659355885906,Boston College,Notre Dame,4,4,-1.1,400986266,2018-02-17
35,1,2:09,1329,1329,Martinas Geben Defensive Rebound.,27,44,-17,70,0.06879277824072866,0.07861052985737853,Boston College,Notre Dame,4,4,-1.1,400986266,2018-02-17
36,1,0:59,1259,1259,Jerome Robinson Defensive Rebound.,27,44,-17,18,0.06402151433664591,0.07301182583027342,Boston College,Notre Dame,4,4,-1.1,400986266,2018-02-17
37,1,0:41,1241,1241,Nik Popovic Defensive Rebound.,27,44,-17,41,0.06269969678145598,0.0714681312328467,Boston College,Notre Dame,4,4,-1.1,400986266,2018-02-17
38,1,0:00,1200,1200,End of 1st half,30,46,-16,0,0.0687370051899721,0.07815520091067873,Boston College,Notre Dame,4,4,-1.1,400986266,2018-02-17
39,2,20:00,1200,1200,PLAY,30,46,-16,44,0.0687370051899721,0.07815520091067873,Boston College,Notre Dame,4,4,-1.1,400986266,2018-02-17
40,2,19:16,1156,1156,Martinas Geben Steal.,30,48,-18,81,0.04845065968562984,0.0551595457227587,Boston College,Notre Dame,4,4,-1.1,400986266,2018-02-17
41,2,17:55,1075,1075,John Mooney Defensive Rebound.,30,56,-26,13,0.012046610151871272,0.013742746616813248,Boston College,Notre Dame,4,4,-1.1,400986266,2018-02-17
42,2,17:42,1062,1062,Steffon Mitchell Block.,30,56,-26,2,0.011711772450838523,0.013354328178418218,Boston College,Notre Dame,4,4,-1.1,400986266,2018-02-17
43,2,17:40,1060,1060,Boston College Defensive Rebound.,30,56,-26,18,0.011660190351310728,0.013294522397191456,Boston College,Notre Dame,4,4,-1.1,400986266,2018-02-17
44,2,17:22,1042,1042,Jerome Robinson made Free Throw.,31,56,-25,0,0.013205352712712606,0.01504185612097721,Boston College,Notre Dame,4,4,-1.1,400986266,2018-02-17
45,2,17:22,1042,1042,Jerome Robinson made Free Throw.,32,56,-24,11,0.015572262514501202,0.017732023340676605,Boston College,Notre Dame,4,4,-1.1,400986266,2018-02-17
46,2,17:11,1031,1031,Jerome Robinson Defensive Rebound.,32,56,-24,11,0.01520525369987653,0.01730715406558817,Boston College,Notre Dame,4,4,-1.1,400986266,2018-02-17
47,2,17:00,1020,1020,Ky Bowman Offensive Rebound.,32,56,-24,51,0.0148343436440202,0.0168781316642984,Boston College,Notre Dame,4,4,-1.1,400986266,2018-02-17
48,2,16:09,969,969,Austin Torres Block.,32,56,-24,1,0.01305159495476774,0.014821146543074053,Boston College,Notre Dame,4,4,-1.1,400986266,2018-02-17
49,2,16:08,968,968,Nik Popovic Offensive Rebound.,32,56,-24,12,0.013016036712465468,0.014780196924168978,Boston College,Notre Dame,4,4,-1.1,400986266,2018-02-17
50,2,15:56,956,956,TJ Gibbs made Free Throw.,34,57,-23,0,0.01500749809846284,0.01702824663207623,Boston College,Notre Dame,4,4,-1.1,400986266,2018-02-17
51,2,15:56,956,956,TJ Gibbs missed Free Throw.,34,57,-23,0,0.01500749809846284,0.01702824663207623,Boston College,Notre Dame,4,4,-1.1,400986266,2018-02-17
52,2,15:56,956,956,Nik Popovic Defensive Rebound.,34,57,-23,25,0.01500749809846284,0.01702824663207623,Boston College,Notre Dame,4,4,-1.1,400986266,2018-02-17
53,2,15:31,931,931,Rex Pflueger Steal.,34,57,-23,2,0.01417565610904776,0.01607010718811756,Boston College,Notre Dame,4,4,-1.1,400986266,2018-02-17
54,2,15:29,929,929,Ky Bowman Block.,34,57,-23,0,0.014114980607689512,0.01600021743629283,Boston College,Notre Dame,4,4,-1.1,400986266,2018-02-17
55,2,15:29,929,929,Notre Dame Offensive Rebound.,34,57,-23,10,0.014114980607689512,0.01600021743629283,Boston College,Notre Dame,4,4,-1.1,400986266,2018-02-17
56,2,15:19,919,919,Martinas Geben Offensive Rebound.,34,57,-23,41,0.013822006968009441,0.015662760133357916,Boston College,Notre Dame,4,4,-1.1,400986266,2018-02-17
57,2,14:38,878,878,Steffon Mitchell made Free Throw.,37,57,-20,18,0.021908104319943944,0.024761820460162152,Boston College,Notre Dame,4,4,-1.1,400986266,2018-02-17
58,2,14:20,860,860,John Mooney made Free Throw.,37,58,-21,0,0.017723031080792363,0.02002990905083212,Boston College,Notre Dame,4,4,-1.1,400986266,2018-02-17
59,2,14:20,860,860,John Mooney made Free Throw.,37,59,-22,11,0.014770240491711708,0.016699309271285018,Boston College,Notre Dame,4,4,-1.1,400986266,2018-02-17
60,2,14:09,849,849,Martinas Geben Steal.,37,59,-22,43,0.014461391096735079,0.01634432409500381,Boston College,Notre Dame,4,4,-1.1,400986266,2018-02-17
61,2,13:26,806,806,Nik Popovic Defensive Rebound.,39,61,-22,48,0.013196782157916255,0.014893635292342477,Boston College,Notre Dame,4,4,-1.1,400986266,2018-02-17
62,2,12:38,758,758,Nik Popovic Offensive Rebound.,42,61,-19,2,0.020676673983657152,0.02326615579319733,Boston College,Notre Dame,4,4,-1.1,400986266,2018-02-17
63,2,12:36,756,756,Nik Popovic made Free Throw.,43,61,-18,0,0.024929106980538015,0.028033381856502466,Boston College,Notre Dame,4,4,-1.1,400986266,2018-02-17
64,2,12:36,756,756,Nik Popovic made Free Throw.,44,61,-17,21,0.030193255576726804,0.03393023350941494,Boston College,Notre Dame,4,4,-1.1,400986266,2018-02-17
65,2,12:15,735,735,Ky Bowman Steal.,44,61,-17,3,0.02856895955975765,0.03207995500397437,Boston College,Notre Dame,4,4,-1.1,400986266,2018-02-17
66,2,12:12,732,732,Steffon Mitchell missed Free Throw.,44,61,-17,0,0.028325026856262838,0.03180232734351575,Boston College,Notre Dame,4,4,-1.1,400986266,2018-02-17
67,2,12:12,732,732,Boston College Deadball Team Rebound.,44,61,-17,0,0.028325026856262838,0.03180232734351575,Boston College,Notre Dame,4,4,-1.1,400986266,2018-02-17
68,2,12:12,732,732,Steffon Mitchell made Free Throw.,45,61,-16,11,0.03441171436144904,0.03860655361579739,Boston College,Notre Dame,4,4,-1.1,400986266,2018-02-17
69,2,12:01,721,721,Steffon Mitchell Defensive Rebound.,45,61,-16,40,0.033420979972845724,0.03747946802705088,Boston College,Notre Dame,4,4,-1.1,400986266,2018-02-17
70,2,11:21,681,681,Johncarlos Reyes Defensive Rebound.,47,61,-14,72,0.04562945707682066,0.05099790751925193,Boston College,Notre Dame,4,4,-1.1,400986266,2018-02-17
71,2,10:09,609,609,Matt Farrell made Free Throw.,51,64,-13,0,0.04920536460544888,0.054787606783261014,Boston College,Notre Dame,4,4,-1.1,400986266,2018-02-17
72,2,10:09,609,609,Matt Farrell missed Free Throw.,51,64,-13,0,0.04920536460544888,0.054787606783261014,Boston College,Notre Dame,4,4,-1.1,400986266,2018-02-17
73,2,10:09,609,609,Boston College Defensive Rebound.,51,64,-13,28,0.04920536460544888,0.054787606783261014,Boston College,Notre Dame,4,4,-1.1,400986266,2018-02-17
74,2,9:41,581,581,TJ Gibbs Steal.,51,64,-13,30,0.04617794076597719,0.0513601062941089,Boston College,Notre Dame,4,4,-1.1,400986266,2018-02-17
75,2,9:11,551,551,Boston College Offensive Rebound.,51,66,-15,45,0.027031395302876546,0.030078612782987027,Boston College,Notre Dame,4,4,-1.1,400986266,2018-02-17
76,2,8:26,506,506,Nikola Djogo Defensive Rebound.,53,66,-13,26,0.03731857684047423,0.04136396795473638,Boston College,Notre Dame,4,4,-1.1,400986266,2018-02-17
77,2,8:00,480,480,Jordan Chatman Defensive Rebound.,53,66,-13,55,0.0349412612797903,0.038679100198233236,Boston College,Notre Dame,4,4,-1.1,400986266,2018-02-17
78,2,7:05,425,425,Elijah Burns Defensive Rebound.,55,68,-13,17,0.02820754833949384,0.031126722993487378,Boston College,Notre Dame,4,4,-1.1,400986266,2018-02-17
79,2,6:48,408,408,Nik Popovic Defensive Rebound.,55,68,-13,38,0.026007662670324408,0.028664672413259276,Boston College,Notre Dame,4,4,-1.1,400986266,2018-02-17
80,2,6:10,370,370,Nikola Djogo missed Free Throw.,57,68,-11,0,0.037943057160047935,0.04162267625073828,Boston College,Notre Dame,4,4,-1.1,400986266,2018-02-17
81,2,6:10,370,370,Jordan Chatman Defensive Rebound.,57,68,-11,68,0.037943057160047935,0.04162267625073828,Boston College,Notre Dame,4,4,-1.1,400986266,2018-02-17
82,2,5:02,302,302,Nik Popovic made Free Throw.,60,71,-11,0,0.025767151621378187,0.02809590227467079,Boston College,Notre Dame,4,4,-1.1,400986266,2018-02-17
83,2,5:02,302,302,Nik Popovic made Free Throw.,61,71,-10,82,0.03521608006240758,0.03836516491785377,Boston College,Notre Dame,4,4,-1.1,400986266,2018-02-17
84,2,3:40,220,220,Nik Popovic Offensive Rebound.,64,75,-11,7,0.027197287797098228,0.02936927230045801,Boston College,Notre Dame,4,4,-1.1,400986266,2018-02-17
85,2,3:33,213,213,Ky Bowman missed Free Throw.,64,75,-11,0,0.02592572361860338,0.02797311428174175,Boston College,Notre Dame,4,4,-1.1,400986266,2018-02-17
86,2,3:33,213,213,Boston College Deadball Team Rebound.,64,75,-11,0,0.02592572361860338,0.02797311428174175,Boston College,Notre Dame,4,4,-1.1,400986266,2018-02-17
87,2,3:33,213,213,Ky Bowman made Free Throw.,65,75,-10,49,0.03544468918848299,0.03821431460167106,Boston College,Notre Dame,4,4,-1.1,400986266,2018-02-17
88,2,2:44,164,164,Martinas Geben Defensive Rebound.,65,78,-13,14,0.004453670942205114,0.004777849364869197,Boston College,Notre Dame,4,4,-1.1,400986266,2018-02-17
89,2,2:30,150,150,Matt Farrell made Free Throw.,65,79,-14,0,0.0018597158357911967,0.0019908324784534415,Boston College,Notre Dame,4,4,-1.1,400986266,2018-02-17
90,2,2:30,150,150,Matt Farrell made Free Throw.,65,80,-15,13,0.0011936363439020697,0.001277852112226323,Boston College,Notre Dame,4,4,-1.1,400986266,2018-02-17
91,2,2:17,137,137,Nikola Djogo made Free Throw.,65,81,-16,0,4.412081078480672e-4,4.7131057187491815e-4,Boston College,Notre Dame,4,4,-1.1,400986266,2018-02-17
92,2,2:17,137,137,Nikola Djogo made Free Throw.,65,82,-17,5,2.7340778738267174e-4,2.920650238859782e-4,Boston College,Notre Dame,4,4,-1.1,400986266,2018-02-17
93,2,2:12,132,132,Matt Farrell Defensive Rebound.,65,82,-17,41,2.139127840038642e-4,2.2831076617255464e-4,Boston College,Notre Dame,4,4,-1.1,400986266,2018-02-17
94,2,1:31,91,91,Matt Farrell Defensive Rebound.,65,84,-19,10,4.452648452574895e-6,4.716159547658141e-6,Boston College,Notre Dame,4,4,-1.1,400986266,2018-02-17
95,2,1:21,81,81,Steffon Mitchell Steal.,65,84,-19,49,1.8798852070799587e-6,1.9871881479471574e-6,Boston College,Notre Dame,4,4,-1.1,400986266,2018-02-17
96,2,0:32,32,32,John Mooney Defensive Rebound.,67,84,-17,32,7.968587820451801e-8,8.336017930904014e-8,Boston College,Notre Dame,4,4,-1.1,400986266,2018-02-17
97,2,0:00,0,0,End of Game,67,84,-17,0,2.1058872618519106e-148,2.1871378321977182e-148,Boston College,Notre Dame,4,4,-1.1,400986266,2018-02-17
