play_id,half,time_remaining_half,secs_remaining,secs_remaining_absolute,description,home_score,away_score,score_diff,play_length,win_prob,naive_win_prob,home,away,home_time_out_remaining,away_time_out_remaining,home_favored_by,game_id,date
1,1,20:00,2400,2400,PLAY,0,0,0,37,0.11863839809886913,0.5,Air Force,San Diego State,4,4,-12.5,400991702,2018-02-21
2,1,19:23,2363,2363,Malik Pope Steal.,0,2,-2,9,0.10178127664301864,0.45518936608070915,Air Force,San Diego State,4,4,-12.5,400991702,2018-02-21
3,1,19:14,2354,2354,Trevor Lyons Steal.,0,2,-2,68,0.10188190533789944,0.45499566896610333,Air Force,San Diego State,4,4,-12.5,400991702,2018-02-21
4,1,18:06,2286,2286,Trey Kell Defensive Rebound.,3,5,-2,7,0.10269557506149282,0.45350064852943234,Air Force,San Diego State,4,4,-12.5,400991702,2018-02-21
5,1,17:59,2279,2279,Ryan Swan Defensive Rebound.,3,5,-2,18,0.10278510307056958,0.4533439747504318,Air Force,San Diego State,4,4,-12.5,400991702,2018-02-21
6,1,17:41,2261,2261,Devin Watson Defensive Rebound.,3,5,-2,39,0.10302066371305274,0.4529390880246341,Air Force,San Diego State,4,4,-12.5,400991702,2018-02-21
7,1,17:02,2222,2222,Malik Pope Defensive Rebound.,3,7,-4,49,0.0870124384007475,0.4049800537963451,Air Force,San Diego State,4,4,-12.5,400991702,2018-02-21
8,1,16:13,2173,2173,CJ Siples Steal.,5,7,-2,0,0.10429352283675324,0.4509271804153904,Air Force,San Diego State,4,4,-12.5,400991702,2018-02-21
9,1,16:13,2173,2173,Malik Pope Defensive Rebound.,5,7,-2,53,0.10429352283675324,0.4509271804153904,Air Force,San Diego State,4,4,-12.5,400991702,2018-02-21
10,1,15:20,2120,2120,Ryan Swan Steal.,5,7,-2,6,0.10516339909952686,0.4496933047773432,Air Force,San Diego State,4,4,-12.5,400991702,2018-02-21
11,1,15:14,2114,2114,Ryan Swan Offensive Rebound.,5,7,-2,7,0.10526646843315904,0.449552141969799,Air Force,San Diego State,4,4,-12.5,400991702,2018-02-21
12,1,15:07,2107,2107,Matt Mitchell Defensive Rebound.,5,7,-2,27,0.10538786858098063,0.44938703778548716,Air Force,San Diego State,4,4,-12.5,400991702,2018-02-21
13,1,14:40,2080,2080,CJ Siples Steal.,5,7,-2,58,0.10586758373506977,0.44874582321189277,Air Force,San Diego State,4,4,-12.5,400991702,2018-02-21
14,1,13:42,2022,2022,Ryan Swan Defensive Rebound.,5,7,-2,43,0.10695750039655585,0.44734232206351526,Air Force,San Diego State,4,4,-12.5,400991702,2018-02-21
15,1,12:59,1979,1979,Max Montana Offensive Rebound.,8,9,-1,39,0.11863826673766442,0.47305987930257315,Air Force,San Diego State,4,4,-12.5,400991702,2018-02-21
16,1,12:20,1940,1940,Jeremy Hemsley Defensive Rebound.,8,11,-3,7,0.09843795175493979,0.4183379910358189,Air Force,San Diego State,4,4,-12.5,400991702,2018-02-21
17,1,12:13,1933,1933,Trevor Lyons Defensive Rebound.,8,11,-3,9,0.09854230885596803,0.4180722175415657,Air Force,San Diego State,4,4,-12.5,400991702,2018-02-21
18,1,12:04,1924,1924,Nolan Narain Defensive Rebound.,8,11,-3,12,0.09867790771143609,0.41772947923579473,Air Force,San Diego State,4,4,-12.5,400991702,2018-02-21
19,1,11:52,1912,1912,Ryan Swan Defensive Rebound.,8,11,-3,28,0.09886302949232928,0.41727319654171907,Air Force,San Diego State,4,4,-12.5,400991702,2018-02-21
20,1,11:24,1884,1884,Max Montana Defensive Rebound.,8,11,-3,66,0.09931344355394829,0.41621039799145243,Air Force,San Diego State,4,4,-12.5,400991702,2018-02-21
21,1,10:18,1818,1818,Max Montana Defensive Rebound.,8,13,-5,15,0.08131610665705019,0.358653132346021,Air Force,San Diego State,4,4,-12.5,400991702,2018-02-21
22,1,10:03,1803,1803,Sid Tomes Defensive Rebound.,8,13,-5,18,0.08142344090741555,0.3577359639553854,Air Force,San Diego State,4,4,-12.5,400991702,2018-02-21
23,1,9:45,1785,1785,Malik Pope Defensive Rebound.,8,13,-5,10,0.08155456875340698,0.356626713684953,Air Force,San Diego State,4,4,-12.5,400991702,2018-02-21
24,1,9:35,1775,1775,San Diego State Offensive Rebound.,8,13,-5,3,0.08162815279211275,0.3560056889426246,Air Force,San Diego State,4,4,-12.5,400991702,2018-02-21
25,1,9:32,1772,1772,Caleb Morris Defensive Rebound.,8,13,-5,20,0.08165029397171572,0.35581864667824903,Air Force,San Diego State,4,4,-12.5,400991702,2018-02-21
26,1,9:12,1752,1752,San Diego State Defensive Rebound.,8,13,-5,65,0.08179822047056298,0.3545621583992352,Air Force,San Diego State,4,4,-12.5,400991702,2018-02-21
27,1,8:07,1687,1687,Caleb Morris Defensive Rebound.,11,15,-4,30,0.09208771900200449,0.37894086470726446,Air Force,San Diego State,4,4,-12.5,400991702,2018-02-21
28,1,7:37,1657,1657,Devin Watson Steal.,11,15,-4,3,0.09250982519321532,0.3773275243156414,Air Force,San Diego State,4,4,-12.5,400991702,2018-02-21
29,1,7:34,1654,1654,CJ Siples Block.,11,15,-4,0,0.09255562795684992,0.3771695649459359,Air Force,San Diego State,4,4,-12.5,400991702,2018-02-21
30,1,7:34,1654,1654,Keaton Van Soelen Defensive Rebound.,11,15,-4,40,0.09255562795684992,0.3771695649459359,Air Force,San Diego State,4,4,-12.5,400991702,2018-02-21
31,1,6:54,1614,1614,Air Force Defensive Rebound.,13,15,-2,22,0.11714050082635237,0.43654426444487016,Air Force,San Diego State,4,4,-12.5,400991702,2018-02-21
32,1,6:32,1592,1592,Jalen McDaniels Defensive Rebound.,13,15,-2,14,0.1178698690078459,0.4359540931918966,Air Force,San Diego State,4,4,-12.5,400991702,2018-02-21
33,1,6:18,1578,1578,Keaton Van Soelen Block.,13,15,-2,1,0.11834389696378159,0.43557747011861675,Air Force,San Diego State,4,4,-12.5,400991702,2018-02-21
34,1,6:17,1577,1577,San Diego State Offensive Rebound.,13,15,-2,13,0.11837799782976578,0.4355504868097514,Air Force,San Diego State,4,4,-12.5,400991702,2018-02-21
35,1,6:04,1564,1564,Ryan Swan Defensive Rebound.,13,15,-2,6,0.11882375436459883,0.43519825304482407,Air Force,San Diego State,4,4,-12.5,400991702,2018-02-21
36,1,5:58,1558,1558,Jalen McDaniels Defensive Rebound.,13,15,-2,18,0.11903079974814794,0.4350345692278751,Air Force,San Diego State,4,4,-12.5,400991702,2018-02-21
37,1,5:40,1540,1540,Keaton Van Soelen Defensive Rebound.,13,15,-2,16,0.11965534853851899,0.4345378537685399,Air Force,San Diego State,4,4,-12.5,400991702,2018-02-21
38,1,5:24,1524,1524,Caleb Morris Defensive Rebound.,13,15,-2,63,0.1202126513130883,0.4340872362695896,Air Force,San Diego State,4,4,-12.5,400991702,2018-02-21
39,1,4:21,1461,1461,Ryan Manning Defensive Rebound.,15,15,0,15,0.15483562904093978,0.5,Air Force,San Diego State,4,4,-12.5,400991702,2018-02-21
40,1,4:06,1446,1446,Jalen McDaniels Defensive Rebound.,15,15,0,65,0.1557055113965846,0.5,Air Force,San Diego State,4,4,-12.5,400991702,2018-02-21
41,1,3:01,1381,1381,Ryan Swan Defensive Rebound.,18,17,1,13,0.17955526127355068,0.5353374663325001,Air Force,San Diego State,4,4,-12.5,400991702,2018-02-21
42,1,2:48,1368,1368,San Diego State Defensive Rebound.,18,17,1,23,0.18056955389974425,0.535535220003971,Air Force,San Diego State,4,4,-12.5,400991702,2018-02-21
43,1,2:25,1345,1345,Sid Tomes Defensive Rebound.,18,17,1,22,0.1823897529498463,0.5358861104097971,Air Force,San Diego State,4,4,-12.5,400991702,2018-02-21
44,1,2:03,1323,1323,Jordan Schakel made Free Throw.,21,21,0,11,0.16334183632795507,0.5,Air Force,San Diego State,4,4,-12.5,400991702,2018-02-21
45,1,1:52,1312,1312,Malik Pope Block.,21,21,0,0,0.1640612774079456,0.5,Air Force,San Diego State,4,4,-12.5,400991702,2018-02-21
46,1,1:52,1312,1312,Air Force Offensive Rebound.,21,21,0,14,0.1640612774079456,0.5,Air Force,San Diego State,4,4,-12.5,400991702,2018-02-21
47,1,1:38,1298,1298,Max Montana Defensive Rebound.,21,21,0,10,0.1649829421511922,0.5,Air Force,San Diego State,4,4,-12.5,400991702,2018-02-21
48,1,1:28,1288,1288,Max Montana made Free Throw.,21,22,-1,0,0.14625728293528234,0.4632041037434332,Air Force,San Diego State,4,4,-12.5,400991702,2018-02-21
49,1,1:28,1288,1288,Max Montana made Free Throw.,21,23,-2,30,0.12878855555237026,0.42680461553122595,Air Force,San Diego State,4,4,-12.5,400991702,2018-02-21
50,1,0:58,1258,1258,Trey Kell Defensive Rebound.,21,23,-2,11,0.12993532595573143,0.4257713055938554,Air Force,San Diego State,4,4,-12.5,400991702,2018-02-21
51,1,0:47,1247,1247,Lavelle Scottie Defensive Rebound.,21,23,-2,39,0.13034690406707075,0.4253697022006389,Air Force,San Diego State,4,4,-12.5,400991702,2018-02-21
52,1,0:08,1208,1208,Malik Pope made Free Throw.,23,26,-3,8,0.11515426832005904,0.3868324106993999,Air Force,San Diego State,4,4,-12.5,400991702,2018-02-21
53,1,0:00,1200,1200,End of 1st half,23,26,-3,0,0.11533259055205344,0.38634786325026177,Air Force,San Diego State,4,4,-12.5,400991702,2018-02-21
54,2,20:00,1200,1200,PLAY,23,26,-3,43,0.11533259055205344,0.38634786325026177,Air Force,San Diego State,4,4,-12.5,400991702,2018-02-21
55,2,19:17,1157,1157,Trey Kell Defensive Rebound.,23,29,-6,5,0.07578817607687847,0.2795992233255732,Air Force,San Diego State,4,4,-12.5,400991702,2018-02-21
56,2,19:12,1152,1152,Jalen McDaniels Offensive Rebound.,23,29,-6,17,0.07578375729528858,0.27911832063313974,Air Force,San Diego State,4,4,-12.5,400991702,2018-02-21
57,2,18:55,1135,1135,Matt Mitchell Steal.,23,31,-8,11,0.05624025151755916,0.2182473451263344,Air Force,San Diego State,4,4,-12.5,400991702,2018-02-21
58,2,18:44,1124,1124,Trevor Lyons Defensive Rebound.,23,31,-8,24,0.056140252668279524,0.21705758210508844,Air Force,San Diego State,4,4,-12.5,400991702,2018-02-21
59,2,18:20,1100,1100,Ryan Swan Offensive Rebound.,23,31,-8,71,0.05591395134019146,0.21444888508935445,Air Force,San Diego State,4,4,-12.5,400991702,2018-02-21
60,2,17:09,1029,1029,Malik Pope Defensive Rebound.,25,37,-12,58,0.028844968258436104,0.11692505125192322,Air Force,San Diego State,4,4,-12.5,400991702,2018-02-21
61,2,16:11,971,971,Keaton Van Soelen Defensive Rebound.,28,39,-11,60,0.03269938614170973,0.12775813799393898,Air Force,San Diego State,4,4,-12.5,400991702,2018-02-21
62,2,15:11,911,911,Matt Mitchell Defensive Rebound.,28,41,-13,105,0.022130979576673128,0.08707385223565267,Air Force,San Diego State,4,4,-12.5,400991702,2018-02-21
63,2,13:26,806,806,Devin Watson made Free Throw.,34,46,-12,18,0.02458903894764463,0.09225182739553327,Air Force,San Diego State,4,4,-12.5,400991702,2018-02-21
64,2,13:08,788,788,Jordan Schakel Defensive Rebound.,34,46,-12,8,0.02418766780434734,0.09016682117453735,Air Force,San Diego State,4,4,-12.5,400991702,2018-02-21
65,2,13:00,780,780,Jeremy Hemsley missed Free Throw.,34,48,-14,0,0.016415558534682826,0.06232893931576482,Air Force,San Diego State,4,4,-12.5,400991702,2018-02-21
66,2,13:00,780,780,Caleb Morris Defensive Rebound.,34,48,-14,27,0.016415558534682826,0.06232893931576482,Air Force,San Diego State,4,4,-12.5,400991702,2018-02-21
67,2,12:33,753,753,Max Montana Defensive Rebound.,34,48,-14,8,0.01578732686556119,0.05928095554428733,Air Force,San Diego State,4,4,-12.5,400991702,2018-02-21
68,2,12:25,745,745,Caleb Morris Steal.,34,48,-14,28,0.015580269521602899,0.05829863476547637,Air Force,San Diego State,4,4,-12.5,400991702,2018-02-21
69,2,11:57,717,717,Nolan Narain missed Free Throw.,36,48,-12,0,0.022092147275896225,0.0800049685177043,Air Force,San Diego State,4,4,-12.5,400991702,2018-02-21
70,2,11:57,717,717,San Diego State Deadball Team Rebound.,36,48,-12,1,0.022092147275896225,0.0800049685177043,Air Force,San Diego State,4,4,-12.5,400991702,2018-02-21
71,2,11:56,716,716,Nolan Narain missed Free Throw.,36,48,-12,0,0.02206219349920491,0.07986124810477152,Air Force,San Diego State,4,4,-12.5,400991702,2018-02-21
72,2,11:56,716,716,Keaton Van Soelen Defensive Rebound.,36,48,-12,43,0.02206219349920491,0.07986124810477152,Air Force,San Diego State,4,4,-12.5,400991702,2018-02-21
73,2,11:13,673,673,Trevor Lyons Defensive Rebound.,36,48,-12,134,0.020985786868222573,0.07454221767693892,Air Force,San Diego State,4,4,-12.5,400991702,2018-02-21
74,2,8:59,539,539,Jalen McDaniels Steal.,42,55,-13,62,0.013497249992155458,0.04516981362420552,Air Force,San Diego State,4,4,-12.5,400991702,2018-02-21
75,2,7:57,477,477,Jordan Schakel Defensive Rebound.,44,57,-13,21,0.011907092125322151,0.03835191607424412,Air Force,San Diego State,4,4,-12.5,400991702,2018-02-21
76,2,7:36,456,456,Devin Watson missed Free Throw.,44,57,-13,0,0.011283509218495868,0.035832151617948234,Air Force,San Diego State,4,4,-12.5,400991702,2018-02-21
77,2,7:36,456,456,Caleb Morris Defensive Rebound.,44,57,-13,26,0.011283509218495868,0.035832151617948234,Air Force,San Diego State,4,4,-12.5,400991702,2018-02-21
78,2,7:10,430,430,Jordan Schakel Steal.,44,57,-13,26,0.010258564858935285,0.0319432852413676,Air Force,San Diego State,4,4,-12.5,400991702,2018-02-21
79,2,6:44,404,404,Caleb Morris Offensive Rebound.,44,59,-15,21,0.005381441852689513,0.016511147854543398,Air Force,San Diego State,4,4,-12.5,400991702,2018-02-21
80,2,6:23,383,383,Jordan Schakel Defensive Rebound.,44,59,-15,16,0.004907036124476242,0.014741657399014249,Air Force,San Diego State,4,4,-12.5,400991702,2018-02-21
81,2,6:07,367,367,Caleb Morris Defensive Rebound.,44,59,-15,19,0.004553833780015513,0.013448889665277207,Air Force,San Diego State,4,4,-12.5,400991702,2018-02-21
82,2,5:48,348,348,Jeremy Hemsley Steal.,44,59,-15,43,0.004108119447066582,0.01187629147604123,Air Force,San Diego State,4,4,-12.5,400991702,2018-02-21
83,2,5:05,305,305,Ryan Swan Defensive Rebound.,46,61,-15,26,0.0029435567746872475,0.00807546383782982,Air Force,San Diego State,4,4,-12.5,400991702,2018-02-21
84,2,4:39,279,279,Jalen McDaniels Defensive Rebound.,46,61,-15,15,0.0028998799357271227,0.007692082684667534,Air Force,San Diego State,4,4,-12.5,400991702,2018-02-21
85,2,4:24,264,264,Matt Mitchell made Free Throw.,46,62,-16,0,0.0022783237902605172,0.005932006982645246,Air Force,San Diego State,4,4,-12.5,400991702,2018-02-21
86,2,4:24,264,264,Matt Mitchell missed Free Throw.,46,62,-16,0,0.0022783237902605172,0.005932006982645246,Air Force,San Diego State,4,4,-12.5,400991702,2018-02-21
87,2,4:24,264,264,Trevor Lyons Defensive Rebound.,46,62,-16,35,0.0022783237902605172,0.005932006982645246,Air Force,San Diego State,4,4,-12.5,400991702,2018-02-21
88,2,3:49,229,229,CJ Siples Defensive Rebound.,49,62,-13,58,0.006656785127061887,0.01640740608727813,Air Force,San Diego State,4,4,-12.5,400991702,2018-02-21
89,2,2:51,171,171,Max Montana Offensive Rebound.,52,62,-10,46,0.008442646307243592,0.018873823906892375,Air Force,San Diego State,4,4,-12.5,400991702,2018-02-21
90,2,2:05,125,125,Ryan Swan Block.,55,64,-9,2,0.004683186359082487,0.0096331034038857,Air Force,San Diego State,4,4,-12.5,400991702,2018-02-21
91,2,2:03,123,123,Trevor Lyons Defensive Rebound.,55,64,-9,5,0.004438281950908357,0.00909472080975822,Air Force,San Diego State,4,4,-12.5,400991702,2018-02-21
92,2,1:58,118,118,Malik Pope Defensive Rebound.,55,64,-9,27,0.0038596069028385997,0.007832975567251974,Air Force,San Diego State,4,4,-12.5,400991702,2018-02-21
93,2,1:31,91,91,Malik Pope made Free Throw.,55,65,-10,0,8.175591269002174e-4,0.0015701608708438971,Air Force,San Diego State,4,4,-12.5,400991702,2018-02-21
94,2,1:31,91,91,Malik Pope made Free Throw.,55,66,-11,20,4.288947509071441e-4,8.24007659745086e-4,Air Force,San Diego State,4,4,-12.5,400991702,2018-02-21
95,2,1:11,71,71,Jalen McDaniels Steal.,55,66,-11,26,1.5957855270675713e-4,2.929737804101386e-4,Air Force,San Diego State,4,4,-12.5,400991702,2018-02-21
96,2,0:45,45,45,CJ Siples Steal.,55,66,-11,3,3.614143341063693e-5,6.232981437197322e-5,Air Force,San Diego State,4,4,-12.5,400991702,2018-02-21
97,2,0:42,42,42,CJ Siples made Free Throw.,56,66,-10,0,7.361268460667219e-5,1.2600409312896397e-4,Air Force,San Diego State,4,4,-12.5,400991702,2018-02-21
98,2,0:42,42,42,CJ Siples missed Free Throw.,56,66,-10,0,7.361268460667219e-5,1.2600409312896397e-4,Air Force,San Diego State,4,4,-12.5,400991702,2018-02-21
99,2,0:42,42,42,Jalen McDaniels Defensive Rebound.,56,66,-10,5,7.361268460667219e-5,1.2600409312896397e-4,Air Force,San Diego State,4,4,-12.5,400991702,2018-02-21
100,2,0:37,37,37,Trey Kell missed Free Throw.,56,66,-10,0,5.518314438015653e-5,9.327851918780032e-5,Air Force,San Diego State,4,4,-12.5,400991702,2018-02-21
101,2,0:37,37,37,San Diego State Deadball Team Rebound.,56,66,-10,0,5.518314438015653e-5,9.327851918780032e-5,Air Force,San Diego State,4,4,-12.5,400991702,2018-02-21
102,2,0:37,37,37,Trey Kell made Free Throw.,56,67,-11,4,2.181740783070516e-5,3.6879782723043786e-5,Air Force,San Diego State,4,4,-12.5,400991702,2018-02-21
103,2,0:33,33,33,Malik Pope Block.,56,67,-11,3,1.6811322858370283e-5,2.813034856195501e-5,Air Force,San Diego State,4,4,-12.5,400991702,2018-02-21
104,2,0:30,30,30,Sid Tomes Offensive Rebound.,56,67,-11,3,1.3782449958807848e-5,2.288584170431084e-5,Air Force,San Diego State,4,4,-12.5,400991702,2018-02-21
105,2,0:27,27,27,Jalen McDaniels Defensive Rebound.,56,67,-11,27,1.1271647288653744e-5,1.8572739180347442e-5,Air Force,San Diego State,4,4,-12.5,400991702,2018-02-21
106,2,0:00,0,0,End of Game,56,67,-11,0,1.855171376956776e-96,2.852423339163565e-96,Air Force,San Diego State,4,4,-12.5,400991702,2018-02-21
