play_id,half,time_remaining_half,secs_remaining,secs_remaining_absolute,description,home_score,away_score,score_diff,play_length,win_prob,naive_win_prob,home,away,home_time_out_remaining,away_time_out_remaining,home_favored_by,game_id,date
1,1,20:00,2400,2400,PLAY,0,0,0,51,0.9696844551676428,0.5,Davidson,Fordham,4,4,21.6,400989796,2018-02-21
2,1,19:09,2349,2349,Brenton Petty Offensive Rebound.,2,0,2,154,0.9741228276503283,0.5451124007901187,Davidson,Fordham,4,4,21.6,400989796,2018-02-21
3,1,16:35,2195,2195,Kellan Grady Defensive Rebound.,7,3,4,15,0.9775809710062979,0.596223883198557,Davidson,Fordham,4,4,21.6,400989796,2018-02-21
4,1,16:20,2180,2180,Kellan Grady Offensive Rebound.,7,3,4,16,0.9774960649984786,0.5968953817854274,Davidson,Fordham,4,4,21.6,400989796,2018-02-21
5,1,16:04,2164,2164,Prokop Slanina Defensive Rebound.,7,3,4,19,0.977402417211772,0.5976133733505369,Davidson,Fordham,4,4,21.6,400989796,2018-02-21
6,1,15:45,2145,2145,Peyton Aldridge Defensive Rebound.,7,3,4,11,0.9772873568557567,0.59846998418417,Davidson,Fordham,4,4,21.6,400989796,2018-02-21
7,1,15:34,2134,2134,Brenton Petty Defensive Rebound.,7,3,4,88,0.9772188892098079,0.5989682617058022,Davidson,Fordham,4,4,21.6,400989796,2018-02-21
8,1,14:06,2046,2046,Will Magarity Offensive Rebound.,9,6,3,29,0.9741146507025776,0.5777566424693911,Davidson,Fordham,4,4,21.6,400989796,2018-02-21
9,1,13:37,2017,2017,Will Magarity Defensive Rebound.,12,6,6,64,0.9808281106054211,0.6537885663217173,Davidson,Fordham,4,4,21.6,400989796,2018-02-21
10,1,12:33,1953,1953,Joseph Chartouny Steal.,14,9,5,25,0.9783455885661716,0.6332005520031984,Davidson,Fordham,4,4,21.6,400989796,2018-02-21
11,1,12:08,1928,1928,Kellan Grady Defensive Rebound.,14,9,5,29,0.9781868062112333,0.634705738680748,Davidson,Fordham,4,4,21.6,400989796,2018-02-21
12,1,11:39,1899,1899,Davidson Defensive Rebound.,16,9,7,16,0.9823315652883005,0.6865453575648589,Davidson,Fordham,4,4,21.6,400989796,2018-02-21
13,1,11:23,1883,1883,Prokop Slanina Block.,16,9,7,2,0.9822701358984254,0.687798526454322,Davidson,Fordham,4,4,21.6,400989796,2018-02-21
14,1,11:21,1881,1881,Peyton Aldridge Offensive Rebound.,16,9,7,6,0.982262275869447,0.6879550535289438,Davidson,Fordham,4,4,21.6,400989796,2018-02-21
15,1,11:15,1875,1875,Prokop Slanina Defensive Rebound.,16,9,7,20,0.9822384651281076,0.6884245649873151,Davidson,Fordham,4,4,21.6,400989796,2018-02-21
16,1,10:55,1855,1855,Cavit Havsa Offensive Rebound.,16,9,7,59,0.982156739293979,0.6899899647557876,Davidson,Fordham,4,4,21.6,400989796,2018-02-21
17,1,9:56,1796,1796,Peyton Aldridge Defensive Rebound.,18,11,7,10,0.9818984576078884,0.6946411611838633,Davidson,Fordham,4,4,21.6,400989796,2018-02-21
18,1,9:46,1786,1786,Ivan Raut Defensive Rebound.,18,11,7,13,0.9818527587248354,0.6954390127589951,Davidson,Fordham,4,4,21.6,400989796,2018-02-21
19,1,9:33,1773,1773,Peyton Aldridge Defensive Rebound.,18,11,7,28,0.9817927716766988,0.6964821449619643,Davidson,Fordham,4,4,21.6,400989796,2018-02-21
20,1,9:05,1745,1745,Peyton Aldridge Defensive Rebound.,20,11,9,101,0.9855237591846986,0.7468297033816698,Davidson,Fordham,4,4,21.6,400989796,2018-02-21
21,1,7:24,1644,1644,Prokop Slanina made Free Throw.,25,17,8,18,0.9833495745316037,0.7325528397130457,Davidson,Fordham,4,4,21.6,400989796,2018-02-21
22,1,7:06,1626,1626,KiShawn Pritchett Offensive Rebound.,25,17,8,53,0.9832674221341011,0.7341042432179223,Davidson,Fordham,4,4,21.6,400989796,2018-02-21
23,1,6:13,1573,1573,Peyton Aldridge made Free Throw.,28,17,11,13,0.9884204532809666,0.8066268084500137,Davidson,Fordham,4,4,21.6,400989796,2018-02-21
24,1,6:00,1560,1560,Peyton Aldridge Defensive Rebound.,28,17,11,33,0.9883979730625834,0.807856474926493,Davidson,Fordham,4,4,21.6,400989796,2018-02-21
25,1,5:27,1527,1527,Will Magarity Defensive Rebound.,31,17,14,46,0.9921349181571638,0.8645880731534847,Davidson,Fordham,4,4,21.6,400989796,2018-02-21
26,1,4:41,1481,1481,Peyton Aldridge Defensive Rebound.,33,17,16,11,0.9940062106433104,0.8968737606418832,Davidson,Fordham,4,4,21.6,400989796,2018-02-21
27,1,4:30,1470,1470,Will Magarity missed Free Throw.,33,17,16,0,0.9940224065871132,0.8979028898522176,Davidson,Fordham,4,4,21.6,400989796,2018-02-21
28,1,4:30,1470,1470,Prokop Slanina Defensive Rebound.,33,17,16,26,0.9940224065871132,0.8979028898522176,Davidson,Fordham,4,4,21.6,400989796,2018-02-21
29,1,4:04,1444,1444,Kellan Grady Defensive Rebound.,33,17,16,9,0.9940674130360773,0.9003960337011253,Davidson,Fordham,4,4,21.6,400989796,2018-02-21
30,1,3:55,1435,1435,Kellan Grady missed Free Throw.,33,17,16,0,0.9940824829770663,0.9012438839233686,Davidson,Fordham,4,4,21.6,400989796,2018-02-21
31,1,3:55,1435,1435,Will Magarity Offensive Rebound.,33,17,16,5,0.9940824829770663,0.9012438839233686,Davidson,Fordham,4,4,21.6,400989796,2018-02-21
32,1,3:50,1430,1430,Prokop Slanina Defensive Rebound.,33,17,16,25,0.9940902642849743,0.9017056348408231,Davidson,Fordham,4,4,21.6,400989796,2018-02-21
33,1,3:25,1405,1405,Will Magarity Defensive Rebound.,33,17,16,34,0.9941239183022279,0.9039307922760254,Davidson,Fordham,4,4,21.6,400989796,2018-02-21
34,1,2:51,1371,1371,Will Magarity Defensive Rebound.,35,17,18,14,0.9955994180184521,0.9282128907545814,Davidson,Fordham,4,4,21.6,400989796,2018-02-21
35,1,2:37,1357,1357,Joseph Chartouny Defensive Rebound.,35,17,18,32,0.9956171193697775,0.9292332605628675,Davidson,Fordham,4,4,21.6,400989796,2018-02-21
36,1,2:05,1325,1325,KiShawn Pritchett Defensive Rebound.,35,17,18,56,0.9956583631133976,0.9315467071506148,Davidson,Fordham,4,4,21.6,400989796,2018-02-21
37,1,1:09,1269,1269,Cavit Havsa made Free Throw.,37,18,19,0,0.9963328807089483,0.9440959116054306,Davidson,Fordham,4,4,21.6,400989796,2018-02-21
38,1,1:09,1269,1269,Cavit Havsa made Free Throw.,37,19,18,12,0.9957471630370824,0.9357052377109998,Davidson,Fordham,4,4,21.6,400989796,2018-02-21
39,1,0:57,1257,1257,Oskar Michelsen made Free Throw.,38,19,19,0,0.9963566985857608,0.9449603034241032,Davidson,Fordham,4,4,21.6,400989796,2018-02-21
40,1,0:57,1257,1257,Oskar Michelsen made Free Throw.,39,19,20,53,0.9968614512876985,0.9522443579327156,Davidson,Fordham,4,4,21.6,400989796,2018-02-21
41,1,0:04,1204,1204,Joseph Chartouny Steal.,39,22,17,2,0.9952294065769537,0.9318934587631523,Davidson,Fordham,4,4,21.6,400989796,2018-02-21
42,1,0:02,1202,1202,Joseph Chartouny made Free Throw.,39,25,14,2,0.9924570566470804,0.8963072666799103,Davidson,Fordham,4,4,21.6,400989796,2018-02-21
43,1,0:00,1200,1200,End of 1st half,39,25,14,0,0.9924625453039341,0.8965272355199047,Davidson,Fordham,4,4,21.6,400989796,2018-02-21
44,2,20:00,1200,1200,PLAY,39,25,14,83,0.9924625453039341,0.8965272355199047,Davidson,Fordham,4,4,21.6,400989796,2018-02-21
45,2,18:37,1117,1117,Oskar Michelsen Defensive Rebound.,43,30,13,38,0.9913896079714317,0.8901194292960042,Davidson,Fordham,4,4,21.6,400989796,2018-02-21
46,2,17:59,1079,1079,Peyton Aldridge Defensive Rebound.,45,30,15,17,0.9938429997758884,0.9213157558325628,Davidson,Fordham,4,4,21.6,400989796,2018-02-21
47,2,17:42,1062,1062,Joseph Chartouny Defensive Rebound.,45,30,15,76,0.9938921392660466,0.9228841221663405,Davidson,Fordham,4,4,21.6,400989796,2018-02-21
48,2,16:26,986,986,Cavit Havsa Offensive Rebound.,47,32,15,20,0.9941783251070879,0.9304573349739653,Davidson,Fordham,4,4,21.6,400989796,2018-02-21
49,2,16:06,966,966,Oskar Michelsen Defensive Rebound.,47,32,15,13,0.9942769936407538,0.9326555113797842,Davidson,Fordham,4,4,21.6,400989796,2018-02-21
50,2,15:53,953,953,Kellan Grady made Free Throw.,48,32,16,0,0.9952503921056718,0.944093800798001,Davidson,Fordham,4,4,21.6,400989796,2018-02-21
51,2,15:53,953,953,Kellan Grady made Free Throw.,49,32,17,21,0.996016455113158,0.952718917427611,Davidson,Fordham,4,4,21.6,400989796,2018-02-21
52,2,15:32,932,932,Peyton Aldridge Defensive Rebound.,49,32,17,18,0.9960935100977691,0.954330291002876,Davidson,Fordham,4,4,21.6,400989796,2018-02-21
53,2,15:14,914,914,Kellan Grady made Free Throw.,52,32,20,24,0.9977570898451699,0.973655019535368,Davidson,Fordham,4,4,21.6,400989796,2018-02-21
54,2,14:50,890,890,Kellan Grady Defensive Rebound.,52,32,20,36,0.9978125816835256,0.9747277288885803,Davidson,Fordham,4,4,21.6,400989796,2018-02-21
55,2,14:14,854,854,Will Magarity Defensive Rebound.,54,32,22,11,0.998546021696748,0.9834940460749033,Davidson,Fordham,4,4,21.6,400989796,2018-02-21
56,2,14:03,843,843,Joseph Chartouny Steal.,54,32,22,3,0.9985665962553504,0.983850692585049,Davidson,Fordham,4,4,21.6,400989796,2018-02-21
57,2,14:00,840,840,Prokop Slanina missed Free Throw.,54,32,22,0,0.9985723287981072,0.9839487831441096,Davidson,Fordham,4,4,21.6,400989796,2018-02-21
58,2,14:00,840,840,Fordham Deadball Team Rebound.,54,32,22,0,0.9985723287981072,0.9839487831441096,Davidson,Fordham,4,4,21.6,400989796,2018-02-21
59,2,14:00,840,840,Prokop Slanina made Free Throw.,54,33,21,21,0.9982791260915476,0.9807103383259156,Davidson,Fordham,4,4,21.6,400989796,2018-02-21
60,2,13:39,819,819,Joseph Chartouny Defensive Rebound.,54,33,21,47,0.9983263942937017,0.9815149556975084,Davidson,Fordham,4,4,21.6,400989796,2018-02-21
61,2,12:52,772,772,Jon Axel Gudmundsson Defensive Rebound.,57,35,22,50,0.9987265275778265,0.9863924038289992,Davidson,Fordham,4,4,21.6,400989796,2018-02-21
62,2,12:02,722,722,Perris Hicks made Free Throw.,59,36,23,0,0.9990853244509887,0.9906399430251026,Davidson,Fordham,4,4,21.6,400989796,2018-02-21
63,2,12:02,722,722,Perris Hicks made Free Throw.,59,37,22,50,0.9988800322111412,0.988560849475746,Davidson,Fordham,4,4,21.6,400989796,2018-02-21
64,2,11:12,672,672,Peyton Aldridge Defensive Rebound.,61,37,24,17,0.9993432936387584,0.9935746601075459,Davidson,Fordham,4,4,21.6,400989796,2018-02-21
65,2,10:55,655,655,Kellan Grady made Free Throw.,62,37,25,0,0.9994889491585587,0.9950718338098914,Davidson,Fordham,4,4,21.6,400989796,2018-02-21
66,2,10:55,655,655,Kellan Grady made Free Throw.,63,37,26,33,0.9995866672645827,0.9960107781781726,Davidson,Fordham,4,4,21.6,400989796,2018-02-21
67,2,10:22,622,622,Will Tavares Steal.,63,37,26,94,0.9996221892880256,0.9964660718021079,Davidson,Fordham,4,4,21.6,400989796,2018-02-21
68,2,8:48,528,528,Will Magarity Steal.,65,39,26,18,0.9997511533911907,0.9979095710972462,Davidson,Fordham,4,4,21.6,400989796,2018-02-21
69,2,8:30,510,510,David Pekarek Block.,65,39,26,2,0.9997692417237208,0.9981027871759202,Davidson,Fordham,4,4,21.6,400989796,2018-02-21
70,2,8:28,508,508,KiShawn Pritchett Offensive Rebound.,65,39,26,8,0.9997710756978124,0.9981223382083957,Davidson,Fordham,4,4,21.6,400989796,2018-02-21
71,2,8:20,500,500,Cavit Havsa Steal.,65,39,26,2,0.9997782444601506,0.9981984105385034,Davidson,Fordham,4,4,21.6,400989796,2018-02-21
72,2,8:18,498,498,Will Magarity Block.,65,39,26,1,0.9997800124409152,0.9982170529134436,Davidson,Fordham,4,4,21.6,400989796,2018-02-21
73,2,8:17,497,497,Carter Collins Defensive Rebound.,65,39,26,19,0.9997808950950726,0.9982263379938631,Davidson,Fordham,4,4,21.6,400989796,2018-02-21
74,2,7:58,478,478,Carter Collins missed Free Throw.,67,39,28,0,0.9998768879875528,0.9990258345029531,Davidson,Fordham,4,4,21.6,400989796,2018-02-21
75,2,7:58,478,478,Joseph Chartouny Defensive Rebound.,67,39,28,25,0.9998768879875528,0.9990258345029531,Davidson,Fordham,4,4,21.6,400989796,2018-02-21
76,2,7:33,453,453,Jon Axel Gudmundsson Defensive Rebound.,67,39,28,52,0.9998940474381017,0.9991890375797078,Davidson,Fordham,4,4,21.6,400989796,2018-02-21
77,2,6:41,401,401,Peyton Aldridge Defensive Rebound.,69,39,30,16,0.9999612479969655,0.9997273342913401,Davidson,Fordham,4,4,21.6,400989796,2018-02-21
78,2,6:25,385,385,Will Magarity made Free Throw.,70,39,31,0,0.9999746663420909,0.9998269197112802,Davidson,Fordham,4,4,21.6,400989796,2018-02-21
79,2,6:25,385,385,Will Magarity missed Free Throw.,70,39,31,0,0.9999746663420909,0.9998269197112802,Davidson,Fordham,4,4,21.6,400989796,2018-02-21
80,2,6:25,385,385,David Pekarek Defensive Rebound.,70,39,31,24,0.9999746663420909,0.9998269197112802,Davidson,Fordham,4,4,21.6,400989796,2018-02-21
81,2,6:01,361,361,Jon Axel Gudmundsson Steal.,70,39,31,85,0.9999801901521996,0.9998708699304424,Davidson,Fordham,4,4,21.6,400989796,2018-02-21
82,2,4:36,276,276,Joseph Chartouny Steal.,74,44,30,20,0.9999886796624229,0.9999388215407711,Davidson,Fordham,4,4,21.6,400989796,2018-02-21
83,2,4:16,256,256,Peyton Aldridge Defensive Rebound.,74,44,30,12,0.9999859259821197,0.9999273499917825,Davidson,Fordham,4,4,21.6,400989796,2018-02-21
84,2,4:04,244,244,Joseph Chartouny Steal.,74,44,30,39,0.9999842423256594,0.9999209401085555,Davidson,Fordham,4,4,21.6,400989796,2018-02-21
85,2,3:25,205,205,Cavit Havsa Offensive Rebound.,74,46,28,6,0.9999788852101298,0.9999042682915302,Davidson,Fordham,4,4,21.6,400989796,2018-02-21
86,2,3:19,199,199,Malcolm Wynter Defensive Rebound.,74,46,28,14,0.9999828925357835,0.9999237608224459,Davidson,Fordham,4,4,21.6,400989796,2018-02-21
87,2,3:05,185,185,Ivan Raut Steal.,74,46,28,30,0.9999915288109286,0.9999638086619165,Davidson,Fordham,4,4,21.6,400989796,2018-02-21
88,2,2:35,155,155,Joseph Chartouny Defensive Rebound.,74,48,26,7,0.9999965691356189,0.9999866745576128,Davidson,Fordham,4,4,21.6,400989796,2018-02-21
89,2,2:28,148,148,Joseph Chartouny made Free Throw.,74,49,25,0,0.99999649983233,0.9999867162325428,Davidson,Fordham,4,4,21.6,400989796,2018-02-21
90,2,2:28,148,148,Joseph Chartouny made Free Throw.,74,50,24,19,0.9999945152743868,0.9999791845927606,Davidson,Fordham,4,4,21.6,400989796,2018-02-21
91,2,2:09,129,129,Cavit Havsa Steal.,74,50,24,19,0.9999983638157253,0.9999941799692925,Davidson,Fordham,4,4,21.6,400989796,2018-02-21
92,2,1:50,110,110,Cavit Havsa Offensive Rebound.,74,50,24,0,0.9999996267069587,0.9999987595883075,Davidson,Fordham,4,4,21.6,400989796,2018-02-21
93,2,1:50,110,110,Oskar Michelsen Defensive Rebound.,74,50,24,59,0.9999996267069587,0.9999987595883075,Davidson,Fordham,4,4,21.6,400989796,2018-02-21
94,2,0:51,51,51,Chris Downing Offensive Rebound.,76,52,24,21,0.9999999994218064,0.9999999984787848,Davidson,Fordham,4,4,21.6,400989796,2018-02-21
95,2,0:30,30,30,Bates Jones Defensive Rebound.,76,52,24,30,0.9999999999687494,0.9999999999249345,Davidson,Fordham,4,4,21.6,400989796,2018-02-21
96,2,0:00,0,0,End of Game,76,52,24,0,1,1,Davidson,Fordham,4,4,21.6,400989796,2018-02-21
