play_id,half,time_remaining_half,secs_remaining,secs_remaining_absolute,description,home_score,away_score,score_diff,play_length,win_prob,naive_win_prob,home,away,home_time_out_remaining,away_time_out_remaining,home_favored_by,game_id,date
1,1,20:00,2400,2400,PLAY,0,0,0,14,0.39337110780909695,0.5,Loyola (MD),Lehigh,4,4,-2.7,400992053,2018-02-21
2,1,19:46,2386,2386,Pat Andree Defensive Rebound.,0,0,0,10,0.39351587068622074,0.5,Loyola (MD),Lehigh,4,4,-2.7,400992053,2018-02-21
3,1,19:36,2376,2376,Andrew Kostecka Defensive Rebound.,0,0,0,29,0.3936207735419604,0.5,Loyola (MD),Lehigh,4,4,-2.7,400992053,2018-02-21
4,1,19:07,2347,2347,Andrew Kostecka Defensive Rebound.,2,0,2,49,0.4378981984517775,0.5451557187753678,Loyola (MD),Lehigh,4,4,-2.7,400992053,2018-02-21
5,1,18:18,2298,2298,Matt Staubi Steal.,2,2,0,29,0.3944840192020194,0.5,Loyola (MD),Lehigh,4,4,-2.7,400992053,2018-02-21
6,1,17:49,2269,2269,KaVaughn Scott Defensive Rebound.,4,2,2,5,0.44053420269957955,0.5468806166740243,Loyola (MD),Lehigh,4,4,-2.7,400992053,2018-02-21
7,1,17:44,2264,2264,James Karnik Defensive Rebound.,4,2,2,8,0.4407083830448697,0.5469932384002621,Loyola (MD),Lehigh,4,4,-2.7,400992053,2018-02-21
8,1,17:36,2256,2256,Cam Gregory Defensive Rebound.,4,2,2,34,0.44098832406097227,0.5471738642773869,Loyola (MD),Lehigh,4,4,-2.7,400992053,2018-02-21
9,1,17:02,2222,2222,Marques Wilson Offensive Rebound.,4,2,2,34,0.44219490019417945,0.5479468560005873,Loyola (MD),Lehigh,4,4,-2.7,400992053,2018-02-21
10,1,16:28,2188,2188,Pat Andree Defensive Rebound.,4,5,-1,13,0.3727225524181712,0.47557840604397134,Loyola (MD),Lehigh,4,4,-2.7,400992053,2018-02-21
11,1,16:15,2175,2175,James Karnik Offensive Rebound.,4,5,-1,27,0.3727508850802126,0.4754274683183452,Loyola (MD),Lehigh,4,4,-2.7,400992053,2018-02-21
12,1,15:48,2148,2148,James Karnik Defensive Rebound.,4,7,-3,45,0.32752128378896195,0.4258270432854022,Loyola (MD),Lehigh,4,4,-2.7,400992053,2018-02-21
13,1,15:03,2103,2103,Kahron Ross Steal.,4,9,-5,61,0.28360074657472983,0.37546916565776634,Loyola (MD),Lehigh,4,4,-2.7,400992053,2018-02-21
14,1,14:02,2042,2042,Cam Gregory made Free Throw.,7,14,-7,0,0.24102504935331165,0.3245280413844166,Loyola (MD),Lehigh,4,4,-2.7,400992053,2018-02-21
15,1,14:02,2042,2042,Cam Gregory missed Free Throw.,7,14,-7,0,0.24102504935331165,0.3245280413844166,Loyola (MD),Lehigh,4,4,-2.7,400992053,2018-02-21
16,1,14:02,2042,2042,Pat Andree Defensive Rebound.,7,14,-7,29,0.24102504935331165,0.3245280413844166,Loyola (MD),Lehigh,4,4,-2.7,400992053,2018-02-21
17,1,13:33,2013,2013,Andre Walker Defensive Rebound.,7,14,-7,94,0.23953635219973032,0.32233006754087934,Loyola (MD),Lehigh,4,4,-2.7,400992053,2018-02-21
18,1,11:59,1919,1919,Cam Gregory Defensive Rebound.,12,17,-5,11,0.2767762667261081,0.3647502471366143,Loyola (MD),Lehigh,4,4,-2.7,400992053,2018-02-21
19,1,11:48,1908,1908,Pat Andree Defensive Rebound.,12,17,-5,11,0.2763605066461393,0.36408668131123595,Loyola (MD),Lehigh,4,4,-2.7,400992053,2018-02-21
20,1,11:37,1897,1897,Cam Gregory Defensive Rebound.,12,17,-5,24,0.27594732598885147,0.3634241390534989,Loyola (MD),Lehigh,4,4,-2.7,400992053,2018-02-21
21,1,11:13,1873,1873,Cam Gregory Offensive Rebound.,12,17,-5,25,0.27505252434881855,0.36197983189497507,Loyola (MD),Lehigh,4,4,-2.7,400992053,2018-02-21
22,1,10:48,1848,1848,Cam Gregory Defensive Rebound.,14,17,-3,8,0.32202875728152575,0.4148411543563198,Loyola (MD),Lehigh,4,4,-2.7,400992053,2018-02-21
23,1,10:40,1840,1840,Kyle Leufroy Steal.,14,17,-3,24,0.3218869360892349,0.41453549642681625,Loyola (MD),Lehigh,4,4,-2.7,400992053,2018-02-21
24,1,10:16,1816,1816,Brent Holcombe Offensive Rebound.,14,19,-5,6,0.2729393659780211,0.35853117487810005,Loyola (MD),Lehigh,4,4,-2.7,400992053,2018-02-21
25,1,10:10,1810,1810,Lehigh Deadball Team Rebound.,14,19,-5,68,0.27271601066093104,0.35816470978401005,Loyola (MD),Lehigh,4,4,-2.7,400992053,2018-02-21
26,1,9:02,1742,1742,Brent Holcombe Defensive Rebound.,16,21,-5,23,0.2701348631560641,0.3539271258862631,Loyola (MD),Lehigh,4,4,-2.7,400992053,2018-02-21
27,1,8:39,1719,1719,James Karnik Offensive Rebound.,16,21,-5,6,0.26922970999875984,0.35244708618493154,Loyola (MD),Lehigh,4,4,-2.7,400992053,2018-02-21
28,1,8:33,1713,1713,Chuck Champion Defensive Rebound.,16,21,-5,24,0.26898997402000974,0.35205614248818606,Loyola (MD),Lehigh,4,4,-2.7,400992053,2018-02-21
29,1,8:09,1689,1689,Caleb Bennett Block.,16,21,-5,1,0.26801408906918006,0.35047025935868686,Loyola (MD),Lehigh,4,4,-2.7,400992053,2018-02-21
30,1,8:08,1688,1688,James Karnik Defensive Rebound.,16,21,-5,10,0.2679730562124358,0.35040363531810376,Loyola (MD),Lehigh,4,4,-2.7,400992053,2018-02-21
31,1,7:58,1678,1678,Isaiah Hart Defensive Rebound.,16,21,-5,34,0.26756927922957663,0.349743364213726,Loyola (MD),Lehigh,4,4,-2.7,400992053,2018-02-21
32,1,7:24,1644,1644,Chuck Champion Offensive Rebound.,16,21,-5,21,0.2662714533497183,0.34756531916638184,Loyola (MD),Lehigh,4,4,-2.7,400992053,2018-02-21
33,1,7:03,1623,1623,Chuck Champion Steal.,18,21,-3,27,0.31793077762535127,0.40580786135576086,Loyola (MD),Lehigh,4,4,-2.7,400992053,2018-02-21
34,1,6:36,1596,1596,Chuck Champion Steal.,20,21,-1,51,0.3756463800813923,0.467898941093653,Loyola (MD),Lehigh,4,4,-2.7,400992053,2018-02-21
35,1,5:45,1545,1545,Jordan Cohen Defensive Rebound.,22,23,-1,8,0.37611730882329064,0.4671978236092534,Loyola (MD),Lehigh,4,4,-2.7,400992053,2018-02-21
36,1,5:37,1537,1537,Chuck Champion Defensive Rebound.,22,23,-1,25,0.37619085364120064,0.46708501995283763,Loyola (MD),Lehigh,4,4,-2.7,400992053,2018-02-21
37,1,5:12,1512,1512,Cam Gregory Defensive Rebound.,24,23,1,23,0.4407315593753859,0.53327559679856,Loyola (MD),Lehigh,4,4,-2.7,400992053,2018-02-21
38,1,4:49,1489,1489,Jordan Cohen Steal.,24,23,1,79,0.44162004004032657,0.5336210360573875,Loyola (MD),Lehigh,4,4,-2.7,400992053,2018-02-21
39,1,3:30,1410,1410,Loyola (MD) Deadball Team Rebound.,27,29,-2,74,0.34496616763076143,0.43055544338689355,Loyola (MD),Lehigh,4,4,-2.7,400992053,2018-02-21
40,1,2:16,1336,1336,Kahron Ross made Free Throw.,29,33,-4,0,0.2826030359784768,0.3595315950149979,Loyola (MD),Lehigh,4,4,-2.7,400992053,2018-02-21
41,1,2:16,1336,1336,Kahron Ross made Free Throw.,29,34,-5,28,0.25427594582755036,0.32700836133475975,Loyola (MD),Lehigh,4,4,-2.7,400992053,2018-02-21
42,1,1:48,1308,1308,Isaiah Hart made Free Throw.,30,34,-4,0,0.2817484867296379,0.3578972599362232,Loyola (MD),Lehigh,4,4,-2.7,400992053,2018-02-21
43,1,1:48,1308,1308,Isaiah Hart missed Free Throw.,30,34,-4,0,0.2817484867296379,0.3578972599362232,Loyola (MD),Lehigh,4,4,-2.7,400992053,2018-02-21
44,1,1:48,1308,1308,Pat Andree Defensive Rebound.,30,34,-4,14,0.2817484867296379,0.3578972599362232,Loyola (MD),Lehigh,4,4,-2.7,400992053,2018-02-21
45,1,1:34,1294,1294,Andrew Kostecka Block.,30,34,-4,0,0.2812963520467629,0.3570509589584564,Loyola (MD),Lehigh,4,4,-2.7,400992053,2018-02-21
46,1,1:34,1294,1294,Lehigh Offensive Rebound.,30,34,-4,2,0.2812963520467629,0.3570509589584564,Loyola (MD),Lehigh,4,4,-2.7,400992053,2018-02-21
47,1,1:32,1292,1292,Cam Gregory Defensive Rebound.,30,34,-4,29,0.2812300140844727,0.35692805510249276,Loyola (MD),Lehigh,4,4,-2.7,400992053,2018-02-21
48,1,1:03,1263,1263,Kyle Leufroy made Free Throw.,33,35,-2,0,0.3441093261191729,0.4259495034028035,Loyola (MD),Lehigh,4,4,-2.7,400992053,2018-02-21
49,1,1:03,1263,1263,Kyle Leufroy made Free Throw.,33,36,-3,63,0.31126048878424833,0.38993276526181136,Loyola (MD),Lehigh,4,4,-2.7,400992053,2018-02-21
50,1,0:00,1200,1200,End of 1st half,35,38,-3,0,0.3094214178109938,0.38634786325026177,Loyola (MD),Lehigh,4,4,-2.7,400992053,2018-02-21
51,2,20:00,1200,1200,PLAY,35,38,-3,28,0.3094214178109938,0.38634786325026177,Loyola (MD),Lehigh,4,4,-2.7,400992053,2018-02-21
52,2,19:32,1172,1172,Lance Tejada Offensive Rebound.,35,38,-3,12,0.3085496567053198,0.3847073139520436,Loyola (MD),Lehigh,4,4,-2.7,400992053,2018-02-21
53,2,19:20,1160,1160,Andrew Kostecka Defensive Rebound.,35,38,-3,43,0.308190825184909,0.38402307915424205,Loyola (MD),Lehigh,4,4,-2.7,400992053,2018-02-21
54,2,18:37,1117,1117,James Karnik Offensive Rebound.,37,38,-1,4,0.37925957297208945,0.4598565592368034,Loyola (MD),Lehigh,4,4,-2.7,400992053,2018-02-21
55,2,18:33,1113,1113,Andrew Kostecka Block.,37,38,-1,0,0.3792785713185645,0.45977704469918423,Loyola (MD),Lehigh,4,4,-2.7,400992053,2018-02-21
56,2,18:33,1113,1113,Andre Walker Defensive Rebound.,37,38,-1,5,0.3792785713185645,0.45977704469918423,Loyola (MD),Lehigh,4,4,-2.7,400992053,2018-02-21
57,2,18:28,1108,1108,Andre Walker made Free Throw.,40,38,2,15,0.4981035165907863,0.5801243760510574,Loyola (MD),Lehigh,4,4,-2.7,400992053,2018-02-21
58,2,18:13,1093,1093,Andrew Kostecka Steal.,40,38,2,4,0.49908955480511163,0.5807181607564679,Loyola (MD),Lehigh,4,4,-2.7,400992053,2018-02-21
59,2,18:09,1089,1089,Cam Gregory Offensive Rebound.,40,38,2,2,0.4993548694520467,0.5808785792082427,Loyola (MD),Lehigh,4,4,-2.7,400992053,2018-02-21
60,2,18:07,1087,1087,Marques Wilson Defensive Rebound.,40,38,2,30,0.49948796600632467,0.5809591718557734,Loyola (MD),Lehigh,4,4,-2.7,400992053,2018-02-21
61,2,17:37,1057,1057,Pat Andree Defensive Rebound.,40,40,0,90,0.41928151980597855,0.5,Loyola (MD),Lehigh,4,4,-2.7,400992053,2018-02-21
62,2,16:07,967,967,KaVaughn Scott Offensive Rebound.,43,44,-1,3,0.37957098497798464,0.45633683095870664,Loyola (MD),Lehigh,4,4,-2.7,400992053,2018-02-21
63,2,16:04,964,964,KaVaughn Scott missed Free Throw.,43,44,-1,0,0.37956547690853837,0.4562512599366847,Loyola (MD),Lehigh,4,4,-2.7,400992053,2018-02-21
64,2,16:04,964,964,Loyola (MD) Deadball Team Rebound.,43,44,-1,0,0.37956547690853837,0.4562512599366847,Loyola (MD),Lehigh,4,4,-2.7,400992053,2018-02-21
65,2,16:04,964,964,KaVaughn Scott missed Free Throw.,43,44,-1,0,0.37956547690853837,0.4562512599366847,Loyola (MD),Lehigh,4,4,-2.7,400992053,2018-02-21
66,2,16:04,964,964,Pat Andree Defensive Rebound.,43,44,-1,27,0.37956547690853837,0.4562512599366847,Loyola (MD),Lehigh,4,4,-2.7,400992053,2018-02-21
67,2,15:37,937,937,Lance Tejada Steal.,43,46,-3,29,0.29982844340100817,0.36936920576650306,Loyola (MD),Lehigh,4,4,-2.7,400992053,2018-02-21
68,2,15:08,908,908,Andrew Kostecka Defensive Rebound.,43,46,-3,16,0.29869208793933166,0.3674678204841126,Loyola (MD),Lehigh,4,4,-2.7,400992053,2018-02-21
69,2,14:52,892,892,KaVaughn Scott Offensive Rebound.,43,46,-3,3,0.29810826242371424,0.3664811040790334,Loyola (MD),Lehigh,4,4,-2.7,400992053,2018-02-21
70,2,14:49,889,889,James Karnik Defensive Rebound.,43,46,-3,9,0.2980002667047996,0.3662984617561544,Loyola (MD),Lehigh,4,4,-2.7,400992053,2018-02-21
71,2,14:40,880,880,Lehigh Deadball Team Rebound.,43,46,-3,7,0.29767692926166994,0.36575219406396603,Loyola (MD),Lehigh,4,4,-2.7,400992053,2018-02-21
72,2,14:33,873,873,Andrew Kostecka Block.,43,46,-3,0,0.29742461714481355,0.36532705642957347,Loyola (MD),Lehigh,4,4,-2.7,400992053,2018-02-21
73,2,14:33,873,873,Andre Walker Defensive Rebound.,43,46,-3,5,0.29742461714481355,0.36532705642957347,Loyola (MD),Lehigh,4,4,-2.7,400992053,2018-02-21
74,2,14:28,868,868,Andrew Kostecka made Free Throw.,46,46,0,25,0.42388906143122185,0.5,Loyola (MD),Lehigh,4,4,-2.7,400992053,2018-02-21
75,2,14:03,843,843,Sam Norton Defensive Rebound.,46,46,0,10,0.4244372703996043,0.5,Loyola (MD),Lehigh,4,4,-2.7,400992053,2018-02-21
76,2,13:53,833,833,Pat Andree Defensive Rebound.,46,46,0,26,0.42466010772119994,0.5,Loyola (MD),Lehigh,4,4,-2.7,400992053,2018-02-21
77,2,13:27,807,807,Pat Andree Steal.,46,46,0,2,0.4252579623823509,0.5,Loyola (MD),Lehigh,4,4,-2.7,400992053,2018-02-21
78,2,13:25,805,805,Marques Wilson Offensive Rebound.,46,46,0,9,0.4253053914663216,0.5,Loyola (MD),Lehigh,4,4,-2.7,400992053,2018-02-21
79,2,13:16,796,796,Pat Andree Offensive Rebound.,46,46,0,36,0.4255219451752682,0.5,Loyola (MD),Lehigh,4,4,-2.7,400992053,2018-02-21
80,2,12:40,760,760,Andrew Kostecka Defensive Rebound.,48,49,-1,14,0.3792473741471129,0.45105743721121183,Loyola (MD),Lehigh,4,4,-2.7,400992053,2018-02-21
81,2,12:26,746,746,Pat Andree Defensive Rebound.,48,49,-1,20,0.3791190337563402,0.45052249575519476,Loyola (MD),Lehigh,4,4,-2.7,400992053,2018-02-21
82,2,12:06,726,726,Kahron Ross made Free Throw.,48,52,-4,16,0.24968804407500453,0.3083142204833604,Loyola (MD),Lehigh,4,4,-2.7,400992053,2018-02-21
83,2,11:50,710,710,Lehigh Defensive Rebound.,48,52,-4,19,0.24808369388717683,0.30606919364638374,Loyola (MD),Lehigh,4,4,-2.7,400992053,2018-02-21
84,2,11:31,691,691,James Karnik missed Free Throw.,48,52,-4,0,0.24641478212326842,0.3036899033261831,Loyola (MD),Lehigh,4,4,-2.7,400992053,2018-02-21
85,2,11:31,691,691,Lehigh Deadball Team Rebound.,48,52,-4,0,0.24641478212326842,0.3036899033261831,Loyola (MD),Lehigh,4,4,-2.7,400992053,2018-02-21
86,2,11:31,691,691,James Karnik made Free Throw.,48,53,-5,30,0.2099423613934053,0.2616838604725507,Loyola (MD),Lehigh,4,4,-2.7,400992053,2018-02-21
87,2,11:01,661,661,Marques Wilson Defensive Rebound.,48,53,-5,18,0.20716582529362076,0.25777661382013,Loyola (MD),Lehigh,4,4,-2.7,400992053,2018-02-21
88,2,10:43,643,643,Brent Holcombe Defensive Rebound.,48,53,-5,11,0.20551888054679687,0.25545371989978677,Loyola (MD),Lehigh,4,4,-2.7,400992053,2018-02-21
89,2,10:32,632,632,Marques Wilson Defensive Rebound.,48,53,-5,99,0.20446631517110622,0.2539766026765349,Loyola (MD),Lehigh,4,4,-2.7,400992053,2018-02-21
90,2,8:53,533,533,James Karnik Defensive Rebound.,50,58,-8,43,0.10377260300216769,0.1313631279087374,Loyola (MD),Lehigh,4,4,-2.7,400992053,2018-02-21
91,2,8:10,490,490,Andrew Kostecka made Free Throw.,51,60,-9,0,0.07830686598900295,0.09929866933735897,Loyola (MD),Lehigh,4,4,-2.7,400992053,2018-02-21
92,2,8:10,490,490,Andrew Kostecka made Free Throw.,52,60,-8,30,0.09791822905489954,0.12346305100822526,Loyola (MD),Lehigh,4,4,-2.7,400992053,2018-02-21
93,2,7:40,460,460,Isaiah Hart made Free Throw.,53,62,-9,0,0.0741380730515423,0.09371583020213575,Loyola (MD),Lehigh,4,4,-2.7,400992053,2018-02-21
94,2,7:40,460,460,Isaiah Hart made Free Throw.,54,62,-8,68,0.0934114088022763,0.11743316605644505,Loyola (MD),Lehigh,4,4,-2.7,400992053,2018-02-21
95,2,6:32,392,392,Kyle Leufroy missed Free Throw.,57,62,-5,0,0.16437203218309684,0.20033650512769802,Loyola (MD),Lehigh,4,4,-2.7,400992053,2018-02-21
96,2,6:32,392,392,Lehigh Deadball Team Rebound.,57,62,-5,0,0.16437203218309684,0.20033650512769802,Loyola (MD),Lehigh,4,4,-2.7,400992053,2018-02-21
97,2,6:32,392,392,Kyle Leufroy made Free Throw.,57,63,-6,16,0.12978177157736637,0.15962364126561188,Loyola (MD),Lehigh,4,4,-2.7,400992053,2018-02-21
98,2,6:16,376,376,Jordan Cohen Defensive Rebound.,57,63,-6,14,0.1262157550284592,0.15488680551794864,Loyola (MD),Lehigh,4,4,-2.7,400992053,2018-02-21
99,2,6:02,362,362,Chuck Champion Defensive Rebound.,57,63,-6,8,0.1229070017840153,0.1505123453224983,Loyola (MD),Lehigh,4,4,-2.7,400992053,2018-02-21
100,2,5:54,354,354,Chuck Champion made Free Throw.,58,63,-5,0,0.15547900563463732,0.18851242377467634,Loyola (MD),Lehigh,4,4,-2.7,400992053,2018-02-21
101,2,5:54,354,354,Chuck Champion made Free Throw.,59,63,-4,21,0.19776567785155427,0.2372593658416972,Loyola (MD),Lehigh,4,4,-2.7,400992053,2018-02-21
102,2,5:33,333,333,Chuck Champion Defensive Rebound.,59,63,-4,27,0.1919540681924475,0.22963361708396582,Loyola (MD),Lehigh,4,4,-2.7,400992053,2018-02-21
103,2,5:06,306,306,Cam Gregory Offensive Rebound.,59,63,-4,28,0.18241631565936714,0.21743591595911038,Loyola (MD),Lehigh,4,4,-2.7,400992053,2018-02-21
104,2,4:38,278,278,Lehigh Offensive Rebound.,62,63,-1,70,0.3692875754559037,0.419749122395724,Loyola (MD),Lehigh,4,4,-2.7,400992053,2018-02-21
105,2,3:28,208,208,Jordan Cohen Offensive Rebound.,62,66,-4,176,0.1826328661066094,0.212720991808339,Loyola (MD),Lehigh,4,4,-2.7,400992053,2018-02-21
106,2,0:32,32,32,Kahron Ross Steal.,69,75,-6,3,0.002832888317383881,0.0031632888503844337,Loyola (MD),Lehigh,4,4,-2.7,400992053,2018-02-21
107,2,0:29,29,29,Kahron Ross made Free Throw.,69,76,-7,0,9.551947855219961e-4,0.0010650647808638,Loyola (MD),Lehigh,4,4,-2.7,400992053,2018-02-21
108,2,0:29,29,29,Kahron Ross missed Free Throw.,69,76,-7,0,9.551947855219961e-4,0.0010650647808638,Loyola (MD),Lehigh,4,4,-2.7,400992053,2018-02-21
109,2,0:29,29,29,Cam Gregory Defensive Rebound.,69,76,-7,7,9.551947855219961e-4,0.0010650647808638,Loyola (MD),Lehigh,4,4,-2.7,400992053,2018-02-21
110,2,0:22,22,22,Andre Walker missed Free Throw.,71,76,-5,0,0.0053926320719365995,0.005986519317341805,Loyola (MD),Lehigh,4,4,-2.7,400992053,2018-02-21
111,2,0:22,22,22,James Karnik Defensive Rebound.,71,76,-5,2,0.0053926320719365995,0.005986519317341805,Loyola (MD),Lehigh,4,4,-2.7,400992053,2018-02-21
112,2,0:20,20,20,Jordan Cohen made Free Throw.,71,77,-6,0,0.0018015337747817972,0.00199847754229347,Loyola (MD),Lehigh,4,4,-2.7,400992053,2018-02-21
113,2,0:20,20,20,Jordan Cohen made Free Throw.,71,78,-7,6,6.403371093897592e-4,7.104291421599877e-4,Loyola (MD),Lehigh,4,4,-2.7,400992053,2018-02-21
114,2,0:14,14,14,Cam Gregory Offensive Rebound.,71,78,-7,3,4.839007677388713e-4,5.350425085883905e-4,Loyola (MD),Lehigh,4,4,-2.7,400992053,2018-02-21
115,2,0:11,11,11,Cam Gregory Offensive Rebound.,71,78,-7,4,4.189149658853511e-4,4.623897448740618e-4,Loyola (MD),Lehigh,4,4,-2.7,400992053,2018-02-21
116,2,0:07,7,7,Marques Wilson Steal.,71,78,-7,0,3.443677004634746e-4,3.7922442266265113e-4,Loyola (MD),Lehigh,4,4,-2.7,400992053,2018-02-21
117,2,0:07,7,7,Kyle Leufroy made Free Throw.,71,79,-8,0,1.117938393234352e-4,1.2311245365010233e-4,Loyola (MD),Lehigh,4,4,-2.7,400992053,2018-02-21
118,2,0:07,7,7,Kyle Leufroy made Free Throw.,71,80,-9,7,3.628650148966651e-5,3.9960649133547726e-5,Loyola (MD),Lehigh,4,4,-2.7,400992053,2018-02-21
119,2,0:00,0,0,End of Game,74,80,-6,0,6.987259989014863e-53,7.667648073722e-53,Loyola (MD),Lehigh,4,4,-2.7,400992053,2018-02-21
