play_id,half,time_remaining_half,secs_remaining,secs_remaining_absolute,description,home_score,away_score,score_diff,play_length,win_prob,naive_win_prob,home,away,home_time_out_remaining,away_time_out_remaining,home_favored_by,game_id,date
1,1,20:00,2400,2400,PLAY,0,0,0,68,0.6441895308109816,0.5,Tulsa,UCF,4,4,3.7,400988125,2018-02-21
2,1,18:52,2332,2332,UCF Offensive Rebound.,2,0,2,40,0.6839224074567095,0.5454821952070623,Tulsa,UCF,4,4,3.7,400988125,2018-02-21
3,1,18:12,2292,2292,Sterling Taplin Offensive Rebound.,2,0,2,47,0.6841267655158421,0.546365429477102,Tulsa,UCF,4,4,3.7,400988125,2018-02-21
4,1,17:25,2245,2245,Chad Brown made Free Throw.,4,5,-1,89,0.6197371887012567,0.4762349092179088,Tulsa,UCF,4,4,3.7,400988125,2018-02-21
5,1,15:56,2156,2156,Ceasar DeJesus Steal.,10,11,-1,74,0.6171915398846374,0.47520608923907626,Tulsa,UCF,4,4,3.7,400988125,2018-02-21
6,1,14:42,2082,2082,Lawson Korita Steal.,13,13,0,25,0.6389560810928593,0.5,Tulsa,UCF,4,4,3.7,400988125,2018-02-21
7,1,14:17,2057,2057,Curran Scott Defensive Rebound.,13,13,0,17,0.6384598748350474,0.5,Tulsa,UCF,4,4,3.7,400988125,2018-02-21
8,1,14:00,2040,2040,Ceasar DeJesus Steal.,13,13,0,70,0.6381157987143329,0.5,Tulsa,UCF,4,4,3.7,400988125,2018-02-21
9,1,12:50,1970,1970,A.J. Davis Defensive Rebound.,13,13,0,39,0.636644159987075,0.5,Tulsa,UCF,4,4,3.7,400988125,2018-02-21
10,1,12:11,1931,1931,Dayon Griffin Defensive Rebound.,13,16,-3,16,0.5562907653878171,0.41799608653618564,Tulsa,UCF,4,4,3.7,400988125,2018-02-21
11,1,11:55,1915,1915,Curran Scott Defensive Rebound.,13,16,-3,76,0.5552892765291451,0.4173871906663713,Tulsa,UCF,4,4,3.7,400988125,2018-02-21
12,1,10:39,1839,1839,DaQuan Jeffries Offensive Rebound.,13,19,-6,2,0.46432361867405336,0.33385309277804714,Tulsa,UCF,4,4,3.7,400988125,2018-02-21
13,1,10:37,1837,1837,DaQuan Jeffries missed Free Throw.,13,19,-6,0,0.46411451402034687,0.33371280287546284,Tulsa,UCF,4,4,3.7,400988125,2018-02-21
14,1,10:37,1837,1837,Tulsa Deadball Team Rebound.,13,19,-6,0,0.46411451402034687,0.33371280287546284,Tulsa,UCF,4,4,3.7,400988125,2018-02-21
15,1,10:37,1837,1837,DaQuan Jeffries made Free Throw.,14,19,-5,79,0.4928631935822086,0.3598074313454117,Tulsa,UCF,4,4,3.7,400988125,2018-02-21
16,1,9:18,1758,1758,Geno Artison Defensive Rebound.,16,22,-6,14,0.4556802827412956,0.32808290616499564,Tulsa,UCF,4,4,3.7,400988125,2018-02-21
17,1,9:04,1744,1744,UCF Defensive Rebound.,16,22,-6,21,0.45414216726142487,0.3270590101854904,Tulsa,UCF,4,4,3.7,400988125,2018-02-21
18,1,8:43,1723,1723,Rokas Ulvydas Offensive Rebound.,16,22,-6,52,0.45180514885165757,0.3255029093904553,Tulsa,UCF,4,4,3.7,400988125,2018-02-21
19,1,7:51,1671,1671,Sterling Taplin made Free Throw.,19,24,-5,0,0.47679104971537756,0.349287175877029,Tulsa,UCF,4,4,3.7,400988125,2018-02-21
20,1,7:51,1671,1671,Sterling Taplin made Free Throw.,20,24,-4,69,0.507882405055797,0.37807211639726745,Tulsa,UCF,4,4,3.7,400988125,2018-02-21
21,1,6:42,1602,1602,Geno Artison Steal.,23,26,-3,23,0.5339578424706863,0.4049789242133671,Tulsa,UCF,4,4,3.7,400988125,2018-02-21
22,1,6:19,1579,1579,Dayon Griffin Steal.,23,26,-3,0,0.5322861968483886,0.40407094570437413,Tulsa,UCF,4,4,3.7,400988125,2018-02-21
23,1,6:19,1579,1579,Myles Douglas missed Free Throw.,23,28,-5,0,0.46762136495056217,0.3435414180970822,Tulsa,UCF,4,4,3.7,400988125,2018-02-21
24,1,6:19,1579,1579,Junior Etou Defensive Rebound.,23,28,-5,19,0.46762136495056217,0.3435414180970822,Tulsa,UCF,4,4,3.7,400988125,2018-02-21
25,1,6:00,1560,1560,Dayon Griffin Steal.,23,28,-5,69,0.46570353377235985,0.34236070467534185,Tulsa,UCF,4,4,3.7,400988125,2018-02-21
26,1,4:51,1491,1491,Elijah Joiner Defensive Rebound.,23,28,-5,11,0.4584682147479267,0.33786541159068595,Tulsa,UCF,4,4,3.7,400988125,2018-02-21
27,1,4:40,1480,1480,DaQuan Jeffries made Free Throw.,26,28,-2,32,0.5583242635757181,0.4327853885613132,Tulsa,UCF,4,4,3.7,400988125,2018-02-21
28,1,4:08,1448,1448,Lawson Korita made Free Throw.,30,28,2,20,0.6846726975980824,0.5682388887188476,Tulsa,UCF,4,4,3.7,400988125,2018-02-21
29,1,3:48,1428,1428,B.J. Taylor Offensive Rebound.,30,28,2,9,0.6846699080755784,0.5688837750981199,Tulsa,UCF,4,4,3.7,400988125,2018-02-21
30,1,3:39,1419,1419,Lawson Korita Defensive Rebound.,30,28,2,39,0.6846585135812571,0.5691661099158384,Tulsa,UCF,4,4,3.7,400988125,2018-02-21
31,1,3:00,1380,1380,Sterling Taplin Defensive Rebound.,32,28,4,18,0.7423257109866289,0.6379756398313415,Tulsa,UCF,4,4,3.7,400988125,2018-02-21
32,1,2:42,1362,1362,DaQuan Jeffries missed Free Throw.,32,28,4,0,0.742690539344553,0.6389918544859001,Tulsa,UCF,4,4,3.7,400988125,2018-02-21
33,1,2:42,1362,1362,Tulsa Deadball Team Rebound.,32,28,4,0,0.742690539344553,0.6389918544859001,Tulsa,UCF,4,4,3.7,400988125,2018-02-21
34,1,2:42,1362,1362,DaQuan Jeffries made Free Throw.,33,28,5,25,0.769013234929905,0.6712268110299909,Tulsa,UCF,4,4,3.7,400988125,2018-02-21
35,1,2:17,1337,1337,A.J. Davis Offensive Rebound.,33,28,5,110,0.7697581373820738,0.6729231786427121,Tulsa,UCF,4,4,3.7,400988125,2018-02-21
36,1,0:27,1227,1227,Sterling Taplin Defensive Rebound.,35,32,3,25,0.7162179394673147,0.6120323015312853,Tulsa,UCF,4,4,3.7,400988125,2018-02-21
37,1,0:02,1202,1202,Junior Etou Offensive Rebound.,35,32,3,2,0.7167859455444597,0.6135317766038629,Tulsa,UCF,4,4,3.7,400988125,2018-02-21
38,1,0:00,1200,1200,End of 1st half,35,32,3,0,0.7168321223465388,0.6136521367497382,Tulsa,UCF,4,4,3.7,400988125,2018-02-21
39,2,20:00,1200,1200,PLAY,35,32,3,21,0.7168321223465388,0.6136521367497382,Tulsa,UCF,4,4,3.7,400988125,2018-02-21
40,2,19:39,1179,1179,B.J. Taylor Defensive Rebound.,35,32,3,30,0.7172978708658717,0.6148892324745647,Tulsa,UCF,4,4,3.7,400988125,2018-02-21
41,2,19:09,1149,1149,Martins Igbanu Defensive Rebound.,35,32,3,31,0.7179225678712928,0.6165983867646192,Tulsa,UCF,4,4,3.7,400988125,2018-02-21
42,2,18:38,1118,1118,Martins Igbanu Offensive Rebound.,35,32,3,1,0.7185556819467226,0.6183429323797338,Tulsa,UCF,4,4,3.7,400988125,2018-02-21
43,2,18:37,1117,1117,Dayon Griffin Defensive Rebound.,35,32,3,9,0.7185763774598356,0.6183994829545421,Tulsa,UCF,4,4,3.7,400988125,2018-02-21
44,2,18:28,1108,1108,Martins Igbanu Defensive Rebound.,35,32,3,36,0.7187642978322255,0.6189103970633331,Tulsa,UCF,4,4,3.7,400988125,2018-02-21
45,2,17:52,1072,1072,Lawson Korita Offensive Rebound.,35,35,0,39,0.6102702963809784,0.5,Tulsa,UCF,4,4,3.7,400988125,2018-02-21
46,2,17:13,1033,1033,B.J. Taylor Defensive Rebound.,38,38,0,9,0.6089712805381201,0.5,Tulsa,UCF,4,4,3.7,400988125,2018-02-21
47,2,17:04,1024,1024,A.J. Davis Offensive Rebound.,38,38,0,26,0.6086670929212384,0.5,Tulsa,UCF,4,4,3.7,400988125,2018-02-21
48,2,16:38,998,998,Lawson Korita Defensive Rebound.,38,38,0,27,0.6077763682374258,0.5,Tulsa,UCF,4,4,3.7,400988125,2018-02-21
49,2,16:11,971,971,A.J. Davis Defensive Rebound.,38,38,0,13,0.6068290599115825,0.5,Tulsa,UCF,4,4,3.7,400988125,2018-02-21
50,2,15:58,958,958,Junior Etou Steal.,38,38,0,10,0.6063749661930468,0.5,Tulsa,UCF,4,4,3.7,400988125,2018-02-21
51,2,15:48,948,948,Rokas Ulvydas Defensive Rebound.,38,38,0,44,0.6060384955489365,0.5,Tulsa,UCF,4,4,3.7,400988125,2018-02-21
52,2,15:04,904,904,B.J. Taylor Steal.,38,38,0,3,0.6046580001706154,0.5,Tulsa,UCF,4,4,3.7,400988125,2018-02-21
53,2,15:01,901,901,B.J. Taylor missed Free Throw.,38,38,0,0,0.6045681263606055,0.5,Tulsa,UCF,4,4,3.7,400988125,2018-02-21
54,2,15:01,901,901,UCF Deadball Team Rebound.,38,38,0,0,0.6045681263606055,0.5,Tulsa,UCF,4,4,3.7,400988125,2018-02-21
55,2,15:01,901,901,B.J. Taylor made Free Throw.,38,39,-1,21,0.5604232723369398,0.4547105273113308,Tulsa,UCF,4,4,3.7,400988125,2018-02-21
56,2,14:40,880,880,Junior Etou made Free Throw.,39,39,0,0,0.6039470149816155,0.5,Tulsa,UCF,4,4,3.7,400988125,2018-02-21
57,2,14:40,880,880,Junior Etou made Free Throw.,40,39,1,29,0.6468983129769211,0.5457453588490483,Tulsa,UCF,4,4,3.7,400988125,2018-02-21
58,2,14:11,851,851,A.J. Davis missed Free Throw.,40,39,1,0,0.6466726367269449,0.5463819146846853,Tulsa,UCF,4,4,3.7,400988125,2018-02-21
59,2,14:11,851,851,UCF Deadball Team Rebound.,40,39,1,0,0.6466726367269449,0.5463819146846853,Tulsa,UCF,4,4,3.7,400988125,2018-02-21
60,2,14:11,851,851,A.J. Davis made Free Throw.,40,40,0,95,0.6030961572387574,0.5,Tulsa,UCF,4,4,3.7,400988125,2018-02-21
61,2,12:36,756,756,UCF Defensive Rebound.,42,45,-3,27,0.4537561012505735,0.35640829079365965,Tulsa,UCF,4,4,3.7,400988125,2018-02-21
62,2,12:09,729,729,DaQuan Jeffries Block.,42,45,-3,3,0.44932690564591804,0.3533334847258194,Tulsa,UCF,4,4,3.7,400988125,2018-02-21
63,2,12:06,726,726,Curran Scott Defensive Rebound.,42,45,-3,5,0.4488053535818993,0.3529700812536586,Tulsa,UCF,4,4,3.7,400988125,2018-02-21
64,2,12:01,721,721,DaQuan Jeffries made Free Throw.,45,45,0,18,0.5986053517657771,0.5,Tulsa,UCF,4,4,3.7,400988125,2018-02-21
65,2,11:43,703,703,Jaleel Wheeler Defensive Rebound.,45,45,0,46,0.5978859408936681,0.5,Tulsa,UCF,4,4,3.7,400988125,2018-02-21
66,2,10:57,657,657,Chad Brown Offensive Rebound.,48,45,3,3,0.7360266482977108,0.6538797858828062,Tulsa,UCF,4,4,3.7,400988125,2018-02-21
67,2,10:54,654,654,A.J. Davis Offensive Rebound.,48,45,3,15,0.7361675434154008,0.6541530202589837,Tulsa,UCF,4,4,3.7,400988125,2018-02-21
68,2,10:39,639,639,B.J. Taylor made Free Throw.,48,46,2,0,0.6932527667304433,0.6056369644339262,Tulsa,UCF,4,4,3.7,400988125,2018-02-21
69,2,10:39,639,639,B.J. Taylor missed Free Throw.,48,46,2,0,0.6932527667304433,0.6056369644339262,Tulsa,UCF,4,4,3.7,400988125,2018-02-21
70,2,10:39,639,639,Junior Etou Defensive Rebound.,48,46,2,34,0.6932527667304433,0.6056369644339262,Tulsa,UCF,4,4,3.7,400988125,2018-02-21
71,2,10:05,605,605,Jaleel Wheeler Defensive Rebound.,51,46,5,58,0.8144695390830299,0.750027950115316,Tulsa,UCF,4,4,3.7,400988125,2018-02-21
72,2,9:07,547,547,Dayon Griffin Defensive Rebound.,51,48,3,17,0.7440103071247313,0.6677368883745747,Tulsa,UCF,4,4,3.7,400988125,2018-02-21
73,2,8:50,530,530,DaQuan Jeffries Block.,51,48,3,1,0.7456793199039611,0.6704889822604763,Tulsa,UCF,4,4,3.7,400988125,2018-02-21
74,2,8:49,529,529,Jaleel Wheeler Defensive Rebound.,51,48,3,13,0.7457661059794422,0.670636362491879,Tulsa,UCF,4,4,3.7,400988125,2018-02-21
75,2,8:36,516,516,Dayon Griffin Defensive Rebound.,51,48,3,18,0.746817638763488,0.6724552629689952,Tulsa,UCF,4,4,3.7,400988125,2018-02-21
76,2,8:18,498,498,Chad Brown Offensive Rebound.,51,48,3,1,0.748158861676694,0.6748315143603757,Tulsa,UCF,4,4,3.7,400988125,2018-02-21
77,2,8:17,497,497,Chad Brown made Free Throw.,51,49,2,0,0.6996514923241379,0.6194345202090245,Tulsa,UCF,4,4,3.7,400988125,2018-02-21
78,2,8:17,497,497,Chad Brown made Free Throw.,51,50,1,30,0.6461284838985025,0.560594308445744,Tulsa,UCF,4,4,3.7,400988125,2018-02-21
79,2,7:47,467,467,Terrell Allen Offensive Rebound.,53,50,3,48,0.7507830470231289,0.679344803103687,Tulsa,UCF,4,4,3.7,400988125,2018-02-21
80,2,6:59,419,419,Ceasar DeJesus Offensive Rebound.,55,53,2,63,0.7054361122652315,0.6303417528028668,Tulsa,UCF,4,4,3.7,400988125,2018-02-21
81,2,5:56,356,356,Junior Etou Defensive Rebound.,57,53,4,26,0.8151081529697861,0.762087681061209,Tulsa,UCF,4,4,3.7,400988125,2018-02-21
82,2,5:30,330,330,DaQuan Jeffries Offensive Rebound.,57,53,4,20,0.8216007186897085,0.7715890697085747,Tulsa,UCF,4,4,3.7,400988125,2018-02-21
83,2,5:10,310,310,Junior Etou Steal.,59,53,6,21,0.9009191581237084,0.8704858504417667,Tulsa,UCF,4,4,3.7,400988125,2018-02-21
84,2,4:49,289,289,Ceasar DeJesus Defensive Rebound.,59,53,6,7,0.90405725413493,0.8753481445485279,Tulsa,UCF,4,4,3.7,400988125,2018-02-21
85,2,4:42,282,282,Corey Henderson Jr. Defensive Rebound.,59,53,6,72,0.9036146862761019,0.8750873018033312,Tulsa,UCF,4,4,3.7,400988125,2018-02-21
86,2,3:30,210,210,Junior Etou Offensive Rebound.,59,53,6,1,0.9013536933874832,0.8755582480431149,Tulsa,UCF,4,4,3.7,400988125,2018-02-21
87,2,3:29,209,209,Junior Etou made Free Throw.,60,53,7,0,0.9271566733223011,0.9074553005989344,Tulsa,UCF,4,4,3.7,400988125,2018-02-21
88,2,3:29,209,209,Junior Etou made Free Throw.,61,53,8,102,0.9463406930439104,0.9314442223490006,Tulsa,UCF,4,4,3.7,400988125,2018-02-21
89,2,1:47,107,107,B.J. Taylor made Free Throw.,65,56,9,0,0.9955335955809683,0.9945294770817675,Tulsa,UCF,4,4,3.7,400988125,2018-02-21
90,2,1:47,107,107,B.J. Taylor made Free Throw.,65,57,8,8,0.9920657115015079,0.9902895622656068,Tulsa,UCF,4,4,3.7,400988125,2018-02-21
91,2,1:39,99,99,Martins Igbanu Steal.,65,57,8,0,0.9938338461347559,0.9924889483374048,Tulsa,UCF,4,4,3.7,400988125,2018-02-21
92,2,1:39,99,99,B.J. Taylor made Free Throw.,65,58,7,0,0.9887047637897338,0.9862566336532477,Tulsa,UCF,4,4,3.7,400988125,2018-02-21
93,2,1:39,99,99,B.J. Taylor made Free Throw.,65,59,6,10,0.9793976916356895,0.974983386562986,Tulsa,UCF,4,4,3.7,400988125,2018-02-21
94,2,1:29,89,89,Junior Etou made Free Throw.,66,59,7,0,0.9916170193437769,0.9898598823548096,Tulsa,UCF,4,4,3.7,400988125,2018-02-21
95,2,1:29,89,89,Junior Etou made Free Throw.,67,59,8,6,0.995625465835474,0.9947040426640813,Tulsa,UCF,4,4,3.7,400988125,2018-02-21
96,2,1:23,83,83,Elijah Joiner Defensive Rebound.,67,59,8,35,0.996465626704188,0.9957374500398825,Tulsa,UCF,4,4,3.7,400988125,2018-02-21
97,2,0:48,48,48,Tulsa Offensive Rebound.,67,59,8,3,0.9991482041906952,0.9989970310881261,Tulsa,UCF,4,4,3.7,400988125,2018-02-21
98,2,0:45,45,45,DaQuan Jeffries made Free Throw.,68,59,9,0,0.9996915952648848,0.999637622409992,Tulsa,UCF,4,4,3.7,400988125,2018-02-21
99,2,0:45,45,45,DaQuan Jeffries made Free Throw.,69,59,10,10,0.9998720908759142,0.9998497011897334,Tulsa,UCF,4,4,3.7,400988125,2018-02-21
100,2,0:35,35,35,Junior Etou missed Free Throw.,69,61,8,0,0.9995362801123587,0.9994591760349223,Tulsa,UCF,4,4,3.7,400988125,2018-02-21
101,2,0:35,35,35,Tulsa Deadball Team Rebound.,69,61,8,0,0.9995362801123587,0.9994591760349223,Tulsa,UCF,4,4,3.7,400988125,2018-02-21
102,2,0:35,35,35,Junior Etou made Free Throw.,70,61,9,8,0.9998188493743363,0.9997887189925966,Tulsa,UCF,4,4,3.7,400988125,2018-02-21
103,2,0:27,27,27,DaQuan Jeffries Defensive Rebound.,70,61,9,27,0.9998838988423271,0.9998654051407512,Tulsa,UCF,4,4,3.7,400988125,2018-02-21
104,2,0:00,0,0,End of Game,70,61,9,0,1,1,Tulsa,UCF,4,4,3.7,400988125,2018-02-21
