play_id,half,time_remaining_half,secs_remaining,secs_remaining_absolute,description,home_score,away_score,score_diff,play_length,win_prob,naive_win_prob,home,away,home_time_out_remaining,away_time_out_remaining,home_favored_by,game_id,date
1,1,20:00,2400,2400,PLAY,0,0,0,80,0.6659343140835554,0.5,Missouri State,Bradley,4,4,4.3,400989752,2018-02-21
2,1,18:40,2320,2320,Donte Thomas Defensive Rebound.,2,0,2,12,0.7042466932950792,0.545745316074961,Missouri State,Bradley,4,4,4.3,400989752,2018-02-21
3,1,18:28,2308,2308,Alize Johnson Defensive Rebound.,2,0,2,17,0.7042795334027125,0.5460100625768887,Missouri State,Bradley,4,4,4.3,400989752,2018-02-21
4,1,18:11,2291,2291,Nate Kennell Steal.,2,0,2,3,0.7043235440871523,0.546387725577138,Missouri State,Bradley,4,4,4.3,400989752,2018-02-21
5,1,18:08,2288,2288,Donte Thomas missed Free Throw.,2,2,0,0,0.6641072182885653,0.5,Missouri State,Bradley,4,4,4.3,400989752,2018-02-21
6,1,18:08,2288,2288,Obediah Church Defensive Rebound.,2,2,0,49,0.6641072182885653,0.5,Missouri State,Bradley,4,4,4.3,400989752,2018-02-21
7,1,17:19,2239,2239,Donte Thomas Defensive Rebound.,4,5,-1,8,0.6415949746293426,0.4761662960837432,Missouri State,Bradley,4,4,4.3,400989752,2018-02-21
8,1,17:11,2231,2231,Alize Johnson Defensive Rebound.,4,5,-1,22,0.6413569184996034,0.4760746105198335,Missouri State,Bradley,4,4,4.3,400989752,2018-02-21
9,1,16:49,2209,2209,Elijah Childs Steal.,4,5,-1,10,0.6406931815563714,0.4758213927712275,Missouri State,Bradley,4,4,4.3,400989752,2018-02-21
10,1,16:39,2199,2199,Obediah Church Defensive Rebound.,4,5,-1,28,0.6403870679642216,0.4757058251469711,Missouri State,Bradley,4,4,4.3,400989752,2018-02-21
11,1,16:11,2171,2171,Darrell Brown Steal.,4,5,-1,32,0.6395152133810786,0.4753809576830629,Missouri State,Bradley,4,4,4.3,400989752,2018-02-21
12,1,15:39,2139,2139,Missouri State Offensive Rebound.,4,8,-4,59,0.5667631300653035,0.40125844918001197,Missouri State,Bradley,4,4,4.3,400989752,2018-02-21
13,1,14:40,2080,2080,Bradley Defensive Rebound.,7,10,-3,41,0.5877319622172908,0.42345428846603644,Missouri State,Bradley,4,4,4.3,400989752,2018-02-21
14,1,13:59,2039,2039,Tanveer Bhullar Offensive Rebound.,7,10,-3,7,0.5852754728775538,0.4219917616539418,Missouri State,Bradley,4,4,4.3,400989752,2018-02-21
15,1,13:52,2032,2032,Alize Johnson Offensive Rebound.,7,10,-3,3,0.5848491105947651,0.4217393468488051,Missouri State,Bradley,4,4,4.3,400989752,2018-02-21
16,1,13:49,2029,2029,Koch Bar Block.,7,10,-3,2,0.5846657543937186,0.421630914253344,Missouri State,Bradley,4,4,4.3,400989752,2018-02-21
17,1,13:47,2027,2027,Mustafa Lawrence Offensive Rebound.,7,10,-3,36,0.5845433064678901,0.42155853994472375,Missouri State,Bradley,4,4,4.3,400989752,2018-02-21
18,1,13:11,1991,1991,Bradley Offensive Rebound.,9,10,-1,27,0.6333881451523797,0.47321121992794035,Missouri State,Bradley,4,4,4.3,400989752,2018-02-21
19,1,12:44,1964,1964,Koch Bar Defensive Rebound.,9,12,-3,23,0.5805985693763603,0.4192413207664321,Missouri State,Bradley,4,4,4.3,400989752,2018-02-21
20,1,12:21,1941,1941,Alize Johnson Defensive Rebound.,9,12,-3,58,0.5791151974292365,0.41837587232911627,Missouri State,Bradley,4,4,4.3,400989752,2018-02-21
21,1,11:23,1883,1883,Koch Bar Defensive Rebound.,12,12,0,14,0.6551981575341955,0.5,Missouri State,Bradley,4,4,4.3,400989752,2018-02-21
22,1,11:09,1869,1869,Dwayne Lautier-Ogunleye made Free Throw.,12,13,-1,0,0.6287246219927041,0.4716392614896913,Missouri State,Bradley,4,4,4.3,400989752,2018-02-21
23,1,11:09,1869,1869,Dwayne Lautier-Ogunleye missed Free Throw.,12,13,-1,0,0.6287246219927041,0.4716392614896913,Missouri State,Bradley,4,4,4.3,400989752,2018-02-21
24,1,11:09,1869,1869,J.T. Miller Defensive Rebound.,12,13,-1,45,0.6287246219927041,0.4716392614896913,Missouri State,Bradley,4,4,4.3,400989752,2018-02-21
25,1,10:24,1824,1824,Donte Thomas Defensive Rebound.,14,13,1,33,0.6793508629771098,0.5289489319960612,Missouri State,Bradley,4,4,4.3,400989752,2018-02-21
26,1,9:51,1791,1791,Darrell Brown made Free Throw.,14,14,0,0,0.6526596544721049,0.5,Missouri State,Bradley,4,4,4.3,400989752,2018-02-21
27,1,9:51,1791,1791,Darrell Brown made Free Throw.,14,15,-1,64,0.6255251308084275,0.4706129440261165,Missouri State,Bradley,4,4,4.3,400989752,2018-02-21
28,1,8:47,1727,1727,Jarred Dixon Defensive Rebound.,17,18,-1,8,0.6227705932893992,0.4697354962294323,Missouri State,Bradley,4,4,4.3,400989752,2018-02-21
29,1,8:39,1719,1719,Darrell Brown Defensive Rebound.,17,18,-1,9,0.6224179934647808,0.46962245884383996,Missouri State,Bradley,4,4,4.3,400989752,2018-02-21
30,1,8:30,1710,1710,Darrell Brown made Free Throw.,17,19,-2,0,0.5928964954319018,0.4392147477409531,Missouri State,Bradley,4,4,4.3,400989752,2018-02-21
31,1,8:30,1710,1710,Darrell Brown made Free Throw.,17,20,-3,32,0.5631060753418455,0.4093811263522718,Missouri State,Bradley,4,4,4.3,400989752,2018-02-21
32,1,7:58,1678,1678,Alize Johnson Defensive Rebound.,20,20,0,32,0.6493198952593819,0.5,Missouri State,Bradley,4,4,4.3,400989752,2018-02-21
33,1,7:26,1646,1646,Obediah Church Defensive Rebound.,23,20,3,22,0.7289189630640528,0.5932753351738675,Missouri State,Bradley,4,4,4.3,400989752,2018-02-21
34,1,7:04,1624,1624,Elijah Childs Defensive Rebound.,23,20,3,39,0.7290154977444882,0.5941525359751224,Missouri State,Bradley,4,4,4.3,400989752,2018-02-21
35,1,6:25,1585,1585,Ryan Kreklow made Free Throw.,25,23,2,0,0.7028893120621748,0.5642339869763727,Missouri State,Bradley,4,4,4.3,400989752,2018-02-21
36,1,6:25,1585,1585,Ryan Kreklow made Free Throw.,24,23,1,65,0.6752248984062764,0.5322506132922464,Missouri State,Bradley,4,4,4.3,400989752,2018-02-21
37,1,5:20,1520,1520,Alize Johnson Defensive Rebound.,28,26,2,13,0.7023520741268232,0.5660270289131002,Missouri State,Bradley,4,4,4.3,400989752,2018-02-21
38,1,5:07,1507,1507,Ryan Stipanovich Defensive Rebound.,28,26,2,48,0.7022556254205125,0.5664034965428087,Missouri State,Bradley,4,4,4.3,400989752,2018-02-21
39,1,4:19,1459,1459,Alize Johnson Defensive Rebound.,30,29,1,30,0.672633579060325,0.5340969650295512,Missouri State,Bradley,4,4,4.3,400989752,2018-02-21
40,1,3:49,1429,1429,Alize Johnson Defensive Rebound.,33,29,4,7,0.7564421953229565,0.6351416489944107,Missouri State,Bradley,4,4,4.3,400989752,2018-02-21
41,1,3:42,1422,1422,Luqman Lundy Defensive Rebound.,33,29,4,12,0.756573032014193,0.6355579396282618,Missouri State,Bradley,4,4,4.3,400989752,2018-02-21
42,1,3:30,1410,1410,Luqman Lundy made Free Throw.,33,30,3,0,0.7301428398493155,0.6033343962643749,Missouri State,Bradley,4,4,4.3,400989752,2018-02-21
43,1,3:30,1410,1410,Luqman Lundy missed Free Throw.,33,30,3,0,0.7301428398493155,0.6033343962643749,Missouri State,Bradley,4,4,4.3,400989752,2018-02-21
44,1,3:30,1410,1410,Alize Johnson Defensive Rebound.,33,30,3,18,0.7301428398493155,0.6033343962643749,Missouri State,Bradley,4,4,4.3,400989752,2018-02-21
45,1,3:12,1392,1392,Dwayne Lautier-Ogunleye Steal.,33,30,3,17,0.7302426949764677,0.6041366819283165,Missouri State,Bradley,4,4,4.3,400989752,2018-02-21
46,1,2:55,1375,1375,Tanveer Bhullar Offensive Rebound.,33,32,1,71,0.67092175157041,0.5354287883717018,Missouri State,Bradley,4,4,4.3,400989752,2018-02-21
47,1,1:44,1304,1304,Tanveer Bhullar Offensive Rebound.,35,34,1,3,0.6693417015466677,0.5365313143147273,Missouri State,Bradley,4,4,4.3,400989752,2018-02-21
48,1,1:41,1301,1301,Donte Thomas Defensive Rebound.,35,34,1,11,0.6692757979652029,0.536580236450934,Missouri State,Bradley,4,4,4.3,400989752,2018-02-21
49,1,1:30,1290,1290,Jarrid Rhodes Defensive Rebound.,35,34,1,74,0.6690361089194804,0.5367623052103427,Missouri State,Bradley,4,4,4.3,400989752,2018-02-21
50,1,0:16,1216,1216,Jarred Dixon Offensive Rebound.,38,36,2,6,0.700575812941241,0.5758425958806035,Missouri State,Bradley,4,4,4.3,400989752,2018-02-21
51,1,0:10,1210,1210,Donte Thomas Steal.,38,36,2,2,0.7005844564064384,0.5760926513825614,Missouri State,Bradley,4,4,4.3,400989752,2018-02-21
52,1,0:08,1208,1208,Dwayne Lautier-Ogunleye Offensive Rebound.,38,36,2,3,0.7005880609632475,0.5761767157152726,Missouri State,Bradley,4,4,4.3,400989752,2018-02-21
53,1,0:05,1205,1205,Dwayne Lautier-Ogunleye made Free Throw.,38,37,1,0,0.6673708530662665,0.5383757965642224,Missouri State,Bradley,4,4,4.3,400989752,2018-02-21
54,1,0:05,1205,1205,Dwayne Lautier-Ogunleye made Free Throw.,38,38,0,5,0.6323965841443644,0.5,Missouri State,Bradley,4,4,4.3,400989752,2018-02-21
55,1,0:00,1200,1200,End of 1st half,41,38,3,0,0.7319203238144043,0.6136521367497382,Missouri State,Bradley,4,4,4.3,400989752,2018-02-21
56,2,20:00,1200,1200,PLAY,41,38,3,12,0.7319203238144043,0.6136521367497382,Missouri State,Bradley,4,4,4.3,400989752,2018-02-21
57,2,19:48,1188,1188,Obediah Church Block.,41,38,3,0,0.7321280859256236,0.6143645221151861,Missouri State,Bradley,4,4,4.3,400989752,2018-02-21
58,2,19:48,1188,1188,Bradley Offensive Rebound.,41,38,3,10,0.7321280859256236,0.6143645221151861,Missouri State,Bradley,4,4,4.3,400989752,2018-02-21
59,2,19:38,1178,1178,Obediah Church Steal.,41,38,3,18,0.7322938453477421,0.6149470985222362,Missouri State,Bradley,4,4,4.3,400989752,2018-02-21
60,2,19:20,1160,1160,Koch Bar Block.,41,38,3,1,0.7325799796182464,0.615976920845758,Missouri State,Bradley,4,4,4.3,400989752,2018-02-21
61,2,19:19,1159,1159,Donte Thomas Defensive Rebound.,41,38,3,71,0.7325955420776774,0.6160336028714933,Missouri State,Bradley,4,4,4.3,400989752,2018-02-21
62,2,18:08,1088,1088,Koch Bar Defensive Rebound.,43,43,0,8,0.6280222395197509,0.5,Missouri State,Bradley,4,4,4.3,400989752,2018-02-21
63,2,18:00,1080,1080,Alize Johnson Defensive Rebound.,43,43,0,6,0.6277222059830261,0.5,Missouri State,Bradley,4,4,4.3,400989752,2018-02-21
64,2,17:54,1074,1074,Missouri State Deadball Team Rebound.,43,43,0,14,0.6274966107464339,0.5,Missouri State,Bradley,4,4,4.3,400989752,2018-02-21
65,2,17:40,1060,1060,J.T. Miller Offensive Rebound.,43,43,0,2,0.6269679691743139,0.5,Missouri State,Bradley,4,4,4.3,400989752,2018-02-21
66,2,17:38,1058,1058,Koch Bar Defensive Rebound.,43,43,0,33,0.6268921598165816,0.5,Missouri State,Bradley,4,4,4.3,400989752,2018-02-21
67,2,17:05,1025,1025,Nate Kennell Defensive Rebound.,43,45,-2,10,0.5438266782876214,0.41635623410537237,Missouri State,Bradley,4,4,4.3,400989752,2018-02-21
68,2,16:55,1015,1015,Missouri State Defensive Rebound.,43,45,-2,102,0.5429263556558677,0.4158777399261193,Missouri State,Bradley,4,4,4.3,400989752,2018-02-21
69,2,15:13,913,913,J.T. Miller Steal.,48,48,0,26,0.6213163832718878,0.5,Missouri State,Bradley,4,4,4.3,400989752,2018-02-21
70,2,14:47,887,887,Dwayne Lautier-Ogunleye Offensive Rebound.,50,48,2,4,0.7020606614292193,0.5904361868834226,Missouri State,Bradley,4,4,4.3,400989752,2018-02-21
71,2,14:43,883,883,Obediah Church Defensive Rebound.,50,48,2,33,0.702086887057986,0.5906048255469906,Missouri State,Bradley,4,4,4.3,400989752,2018-02-21
72,2,14:10,850,850,Obediah Church Defensive Rebound.,50,48,2,38,0.702324729764382,0.5920164495216145,Missouri State,Bradley,4,4,4.3,400989752,2018-02-21
73,2,13:32,812,812,Ryan Stipanovich Defensive Rebound.,53,50,3,12,0.7408036222933975,0.6386834005158117,Missouri State,Bradley,4,4,4.3,400989752,2018-02-21
74,2,13:20,800,800,Koch Bar made Free Throw.,53,51,2,0,0.7028828032247247,0.5944573424666182,Missouri State,Bradley,4,4,4.3,400989752,2018-02-21
75,2,13:20,800,800,Koch Bar made Free Throw.,53,52,1,24,0.6614700317777961,0.5476577457383023,Missouri State,Bradley,4,4,4.3,400989752,2018-02-21
76,2,12:56,776,776,Tanveer Bhullar Offensive Rebound.,53,52,1,54,0.6612570786225294,0.5483891338405344,Missouri State,Bradley,4,4,4.3,400989752,2018-02-21
77,2,12:02,722,722,Elijah Childs Defensive Rebound.,55,52,3,10,0.7451172421967658,0.6475013034810102,Missouri State,Bradley,4,4,4.3,400989752,2018-02-21
78,2,11:52,712,712,Tanveer Bhullar Block.,55,52,3,1,0.7456776748199657,0.6486201363855859,Missouri State,Bradley,4,4,4.3,400989752,2018-02-21
79,2,11:51,711,711,Bradley Offensive Rebound.,55,52,3,19,0.7457306411557459,0.6487277586411788,Missouri State,Bradley,4,4,4.3,400989752,2018-02-21
80,2,11:32,692,692,J.T. Miller Defensive Rebound.,55,52,3,35,0.7466513381701336,0.6506545181763175,Missouri State,Bradley,4,4,4.3,400989752,2018-02-21
81,2,10:57,657,657,Elijah Childs made Free Throw.,57,53,4,0,0.7859343586807567,0.7001858790337311,Missouri State,Bradley,4,4,4.3,400989752,2018-02-21
82,2,10:57,657,657,Elijah Childs missed Free Throw.,57,53,4,0,0.7859343586807567,0.7001858790337311,Missouri State,Bradley,4,4,4.3,400989752,2018-02-21
83,2,10:57,657,657,Bradley Offensive Rebound.,57,53,4,9,0.7859343586807567,0.7001858790337311,Missouri State,Bradley,4,4,4.3,400989752,2018-02-21
84,2,10:48,648,648,Tanveer Bhullar Steal.,57,53,4,47,0.7864674324092586,0.7012046614371327,Missouri State,Bradley,4,4,4.3,400989752,2018-02-21
85,2,10:01,601,601,Dwayne Lautier-Ogunleye Offensive Rebound.,59,53,6,39,0.8537284878426895,0.789633395009347,Missouri State,Bradley,4,4,4.3,400989752,2018-02-21
86,2,9:22,562,562,Koch Bar made Free Throw.,61,54,7,0,0.8842503536069489,0.8321199765472083,Missouri State,Bradley,4,4,4.3,400989752,2018-02-21
87,2,9:22,562,562,Koch Bar made Free Throw.,61,55,6,25,0.8587122504876517,0.7977114442185979,Missouri State,Bradley,4,4,4.3,400989752,2018-02-21
88,2,8:57,537,537,Dwayne Lautier-Ogunleye Defensive Rebound.,61,55,6,8,0.8626362607357201,0.8039394029647587,Missouri State,Bradley,4,4,4.3,400989752,2018-02-21
89,2,8:49,529,529,Dwayne Lautier-Ogunleye made Free Throw.,61,58,3,28,0.7568269974923422,0.670636362491879,Missouri State,Bradley,4,4,4.3,400989752,2018-02-21
90,2,8:21,501,501,Bradley Defensive Rebound.,61,58,3,66,0.7587617430187299,0.6744360519610074,Missouri State,Bradley,4,4,4.3,400989752,2018-02-21
91,2,7:15,435,435,Donte Thomas Steal.,61,63,-2,48,0.4698313091211415,0.3726722220950867,Missouri State,Bradley,4,4,4.3,400989752,2018-02-21
92,2,6:27,387,387,Alize Johnson Defensive Rebound.,63,65,-2,10,0.45660675717969773,0.36416408824472424,Missouri State,Bradley,4,4,4.3,400989752,2018-02-21
93,2,6:17,377,377,Dwayne Lautier-Ogunleye Defensive Rebound.,63,65,-2,24,0.4538074643611964,0.3624318553768429,Missouri State,Bradley,4,4,4.3,400989752,2018-02-21
94,2,5:53,353,353,Koch Bar made Free Throw.,63,66,-3,0,0.37584019695131016,0.29375957777098777,Missouri State,Bradley,4,4,4.3,400989752,2018-02-21
95,2,5:53,353,353,Koch Bar made Free Throw.,63,67,-4,38,0.31010244558058203,0.23692872785848748,Missouri State,Bradley,4,4,4.3,400989752,2018-02-21
96,2,5:15,315,315,Dwayne Lautier-Ogunleye Steal.,63,67,-4,4,0.288584608981179,0.2217023488886947,Missouri State,Bradley,4,4,4.3,400989752,2018-02-21
97,2,5:11,311,311,Jarred Dixon Defensive Rebound.,63,67,-4,4,0.285867200702134,0.21973251630381896,Missouri State,Bradley,4,4,4.3,400989752,2018-02-21
98,2,5:07,307,307,Obediah Church made Free Throw.,66,67,-1,28,0.5075694968473339,0.4207794554872231,Missouri State,Bradley,4,4,4.3,400989752,2018-02-21
99,2,4:39,279,279,Mustafa Lawrence Defensive Rebound.,66,67,-1,9,0.5033118241953507,0.419703795035817,Missouri State,Bradley,4,4,4.3,400989752,2018-02-21
100,2,4:30,270,270,Mustafa Lawrence made Free Throw.,67,67,0,0,0.5825317444123889,0.5,Missouri State,Bradley,4,4,4.3,400989752,2018-02-21
101,2,4:30,270,270,Mustafa Lawrence made Free Throw.,68,67,1,18,0.65814616852277,0.5797795817773203,Missouri State,Bradley,4,4,4.3,400989752,2018-02-21
102,2,4:12,252,252,Donte Thomas missed Free Throw.,68,69,-1,0,0.5020845319636835,0.42151656045265656,Missouri State,Bradley,4,4,4.3,400989752,2018-02-21
103,2,4:12,252,252,Jarred Dixon Defensive Rebound.,68,69,-1,38,0.5020845319636835,0.42151656045265656,Missouri State,Bradley,4,4,4.3,400989752,2018-02-21
104,2,3:34,214,214,Bradley Offensive Rebound.,71,69,2,16,0.7210037691418408,0.6555572346425879,Missouri State,Bradley,4,4,4.3,400989752,2018-02-21
105,2,3:18,198,198,Obediah Church Defensive Rebound.,71,69,2,12,0.7265678450544295,0.6638190777825296,Missouri State,Bradley,4,4,4.3,400989752,2018-02-21
106,2,3:06,186,186,Dwayne Lautier-Ogunleye Defensive Rebound.,71,69,2,21,0.7341920426380683,0.6739910669078389,Missouri State,Bradley,4,4,4.3,400989752,2018-02-21
107,2,2:45,165,165,Darrell Brown missed Free Throw.,71,69,2,0,0.7490254970790752,0.6935671718614876,Missouri State,Bradley,4,4,4.3,400989752,2018-02-21
108,2,2:45,165,165,Bradley Deadball Team Rebound.,71,69,2,0,0.7490254970790752,0.6935671718614876,Missouri State,Bradley,4,4,4.3,400989752,2018-02-21
109,2,2:45,165,165,Darrell Brown made Free Throw.,71,70,1,15,0.6648530423491137,0.6007101058532888,Missouri State,Bradley,4,4,4.3,400989752,2018-02-21
110,2,2:30,150,150,Alize Johnson made Free Throw.,72,70,2,0,0.7604247328474205,0.7085129581674886,Missouri State,Bradley,4,4,4.3,400989752,2018-02-21
111,2,2:30,150,150,Alize Johnson made Free Throw.,73,70,3,17,0.8318919866751332,0.7912140867068809,Missouri State,Bradley,4,4,4.3,400989752,2018-02-21
112,2,2:13,133,133,Donte Thomas Offensive Rebound.,73,70,3,27,0.8489186280095526,0.813173443298663,Missouri State,Bradley,4,4,4.3,400989752,2018-02-21
113,2,1:46,106,106,Donte Thomas Defensive Rebound.,73,72,1,29,0.6938332779221725,0.6415259981485077,Missouri State,Bradley,4,4,4.3,400989752,2018-02-21
114,2,1:17,77,77,Jarrid Rhodes made Free Throw.,74,74,0,0,0.5532571458277831,0.5,Missouri State,Bradley,4,4,4.3,400989752,2018-02-21
115,2,1:17,77,77,Jarrid Rhodes made Free Throw.,75,74,1,27,0.7158129461212124,0.670389335164585,Missouri State,Bradley,4,4,4.3,400989752,2018-02-21
116,2,0:50,50,50,Nate Kennell made Free Throw.,75,75,0,0,0.5477869351348315,0.5,Missouri State,Bradley,4,4,4.3,400989752,2018-02-21
117,2,0:50,50,50,Nate Kennell made Free Throw.,75,76,-1,16,0.3407655545043162,0.2990936666093559,Missouri State,Bradley,4,4,4.3,400989752,2018-02-21
118,2,0:34,34,34,Donte Thomas Steal.,75,76,-1,5,0.31681796340971763,0.27960847021847124,Missouri State,Bradley,4,4,4.3,400989752,2018-02-21
119,2,0:29,29,29,Darrell Brown made Free Throw.,75,77,-2,0,0.14408593838003583,0.12397336836133516,Missouri State,Bradley,4,4,4.3,400989752,2018-02-21
120,2,0:29,29,29,Darrell Brown made Free Throw.,75,78,-3,11,0.05955656779667475,0.050546416987812696,Missouri State,Bradley,4,4,4.3,400989752,2018-02-21
121,2,0:18,18,18,Darrell Brown Defensive Rebound.,75,78,-3,3,0.04820391617733702,0.041223768443689454,Missouri State,Bradley,4,4,4.3,400989752,2018-02-21
122,2,0:15,15,15,Darrell Brown made Free Throw.,75,79,-4,0,0.016049765289095057,0.013695735787999078,Missouri State,Bradley,4,4,4.3,400989752,2018-02-21
123,2,0:15,15,15,Darrell Brown made Free Throw.,75,80,-5,6,0.0055681916413047655,0.004744089117163323,Missouri State,Bradley,4,4,4.3,400989752,2018-02-21
124,2,0:09,9,9,Obediah Church Offensive Rebound.,75,80,-5,8,0.004497322784202125,0.003852258741356231,Missouri State,Bradley,4,4,4.3,400989752,2018-02-21
125,2,0:01,1,1,Darrell Brown made Free Throw.,78,81,-3,0,0.03362794529469838,0.029136972928700006,Missouri State,Bradley,4,4,4.3,400989752,2018-02-21
126,2,0:01,1,1,Darrell Brown made Free Throw.,78,82,-4,1,0.010698270159071882,0.00924024840272953,Missouri State,Bradley,4,4,4.3,400989752,2018-02-21
127,2,0:00,0,0,End of Game,78,82,-4,0,2.0927191537967848e-35,1.8048513878454153e-35,Missouri State,Bradley,4,4,4.3,400989752,2018-02-21
