play_id,half,time_remaining_half,secs_remaining,secs_remaining_absolute,description,home_score,away_score,score_diff,play_length,win_prob,naive_win_prob,home,away,home_time_out_remaining,away_time_out_remaining,home_favored_by,game_id,date
1,1,20:00,2400,2400,PLAY,0,0,0,40,0.4049132236700604,0.5,Eastern Washington,Montana,4,4,-2.4,400991340,2018-02-15
2,1,19:20,2360,2360,Cody Benzel Defensive Rebound.,2,0,2,44,0.4493035481728733,0.5448750795359576,Eastern Washington,Montana,4,4,-2.4,400991340,2018-02-15
3,1,18:36,2316,2316,Jack Perry Defensive Rebound.,4,0,4,28,0.4965100061792236,0.5909029385104733,Eastern Washington,Montana,4,4,-2.4,400991340,2018-02-15
4,1,18:08,2288,2288,Mason Peatling Block.,4,0,4,2,0.4980639059227615,0.5921142012291807,Eastern Washington,Montana,4,4,-2.4,400991340,2018-02-15
5,1,18:06,2286,2286,Bogdan Bliznyuk Defensive Rebound.,4,0,4,12,0.49817591149577467,0.5922012763456961,Eastern Washington,Montana,4,4,-2.4,400991340,2018-02-15
6,1,17:54,2274,2274,Ahmaad Rorie made Free Throw.,4,1,3,0,0.4754178454005171,0.5698972479600887,Eastern Washington,Montana,4,4,-2.4,400991340,2018-02-15
7,1,17:54,2274,2274,Ahmaad Rorie made Free Throw.,4,2,2,30,0.4520927645130968,0.5467682100997949,Eastern Washington,Montana,4,4,-2.4,400991340,2018-02-15
8,1,17:24,2244,2244,Jamar Akoh Block.,4,2,2,0,0.4531065091314626,0.5474457454180928,Eastern Washington,Montana,4,4,-2.4,400991340,2018-02-15
9,1,17:24,2244,2244,Montana Defensive Rebound.,4,2,2,9,0.4531065091314626,0.5474457454180928,Eastern Washington,Montana,4,4,-2.4,400991340,2018-02-15
10,1,17:15,2235,2235,Cody Benzel Defensive Rebound.,4,2,2,8,0.4534144839903713,0.5476503503565374,Eastern Washington,Montana,4,4,-2.4,400991340,2018-02-15
11,1,17:07,2227,2227,Jamar Akoh Defensive Rebound.,4,2,2,28,0.4536896937790268,0.5478326863301047,Eastern Washington,Montana,4,4,-2.4,400991340,2018-02-15
12,1,16:39,2199,2199,Fabijan Krslovic Steal.,4,4,0,32,0.4070069874175574,0.5,Eastern Washington,Montana,4,4,-2.4,400991340,2018-02-15
13,1,16:07,2167,2167,Bobby Moorehead Defensive Rebound.,4,7,-3,8,0.33827447044457737,0.4264799494336897,Eastern Washington,Montana,4,4,-2.4,400991340,2018-02-15
14,1,15:59,2159,2159,Mason Peatling Defensive Rebound.,4,7,-3,39,0.3381142048035353,0.42620552068115225,Eastern Washington,Montana,4,4,-2.4,400991340,2018-02-15
15,1,15:20,2120,2120,Mason Peatling Defensive Rebound.,7,7,0,18,0.40797826540413307,0.5,Eastern Washington,Montana,4,4,-2.4,400991340,2018-02-15
16,1,15:02,2102,2102,Bobby Moorehead Defensive Rebound.,7,7,0,112,0.40821135891811633,0.5,Eastern Washington,Montana,4,4,-2.4,400991340,2018-02-15
17,1,13:10,1990,1990,Bogdan Bliznyuk Defensive Rebound.,11,12,-1,77,0.3840737144064464,0.47319864580812543,Eastern Washington,Montana,4,4,-2.4,400991340,2018-02-15
18,1,11:53,1913,1913,Bogdan Bliznyuk Defensive Rebound.,15,15,0,98,0.4109002549147785,0.5,Eastern Washington,Montana,4,4,-2.4,400991340,2018-02-15
19,1,10:15,1815,1815,Bogdan Bliznyuk Defensive Rebound.,19,15,4,13,0.5279423823422262,0.6143437562294083,Eastern Washington,Montana,4,4,-2.4,400991340,2018-02-15
20,1,10:02,1802,1802,Benas Griciunas missed Free Throw.,21,15,6,0,0.5865563721182419,0.6687563666720667,Eastern Washington,Montana,4,4,-2.4,400991340,2018-02-15
21,1,10:02,1802,1802,Ahmaad Rorie Defensive Rebound.,21,15,6,16,0.5865563721182419,0.6687563666720667,Eastern Washington,Montana,4,4,-2.4,400991340,2018-02-15
22,1,9:46,1786,1786,Fabijan Krslovic made Free Throw.,21,18,3,29,0.5005412188533636,0.5875531627941487,Eastern Washington,Montana,4,4,-2.4,400991340,2018-02-15
23,1,9:17,1757,1757,Bobby Moorehead Defensive Rebound.,21,18,3,20,0.5022423977404474,0.5887013591254293,Eastern Washington,Montana,4,4,-2.4,400991340,2018-02-15
24,1,8:57,1737,1737,Mason Peatling Defensive Rebound.,21,18,3,44,0.5034360962378898,0.5895077768274464,Eastern Washington,Montana,4,4,-2.4,400991340,2018-02-15
25,1,8:13,1693,1693,Jacob Davison Defensive Rebound.,23,18,5,11,0.567298865399729,0.6492629197141043,Eastern Washington,Montana,4,4,-2.4,400991340,2018-02-15
26,1,8:02,1682,1682,Bobby Moorehead Defensive Rebound.,23,18,5,43,0.5682877038419512,0.6499937939172042,Eastern Washington,Montana,4,4,-2.4,400991340,2018-02-15
27,1,7:19,1639,1639,Ahmaad Rorie made Free Throw.,25,22,3,0,0.509466027394823,0.5935559014896915,Eastern Washington,Montana,4,4,-2.4,400991340,2018-02-15
28,1,7:19,1639,1639,Ahmaad Rorie made Free Throw.,25,23,2,52,0.4779244362907963,0.5627810774110841,Eastern Washington,Montana,4,4,-2.4,400991340,2018-02-15
29,1,6:27,1587,1587,Fabijan Krslovic Steal.,25,25,0,39,0.41664174240431234,0.5,Eastern Washington,Montana,4,4,-2.4,400991340,2018-02-15
30,1,5:48,1548,1548,Jacob Davison Offensive Rebound.,25,25,0,37,0.41744042656989067,0.5,Eastern Washington,Montana,4,4,-2.4,400991340,2018-02-15
31,1,5:11,1511,1511,Michael Oguine Defensive Rebound.,28,27,1,21,0.45096515928137887,0.5332903173132736,Eastern Washington,Montana,4,4,-2.4,400991340,2018-02-15
32,1,4:50,1490,1490,Jack Perry Defensive Rebound.,28,27,1,35,0.45172430218359233,0.5336056972695123,Eastern Washington,Montana,4,4,-2.4,400991340,2018-02-15
33,1,4:15,1455,1455,Sayeed Pridgett Defensive Rebound.,28,27,1,23,0.45301870381932113,0.5341629450265009,Eastern Washington,Montana,4,4,-2.4,400991340,2018-02-15
34,1,3:52,1432,1432,Cody Benzel Defensive Rebound.,28,27,1,30,0.45388302238233547,0.5345425095218204,Eastern Washington,Montana,4,4,-2.4,400991340,2018-02-15
35,1,3:22,1402,1402,Benas Griciunas Offensive Rebound.,28,27,1,44,0.45500315348380144,0.5350155762619505,Eastern Washington,Montana,4,4,-2.4,400991340,2018-02-15
36,1,2:38,1358,1358,Sir Washington Defensive Rebound.,30,27,3,96,0.528006807415573,0.6056295918672308,Eastern Washington,Montana,4,4,-2.4,400991340,2018-02-15
37,1,1:02,1262,1262,Sayeed Pridgett missed Free Throw.,34,32,2,0,0.49762773807692134,0.5740859282471864,Eastern Washington,Montana,4,4,-2.4,400991340,2018-02-15
38,1,1:02,1262,1262,Sir Washington Defensive Rebound.,34,32,2,47,0.49762773807692134,0.5740859282471864,Eastern Washington,Montana,4,4,-2.4,400991340,2018-02-15
39,1,0:15,1215,1215,Ty Gibson Steal.,34,32,2,14,0.5005471220806764,0.575883899224916,Eastern Washington,Montana,4,4,-2.4,400991340,2018-02-15
40,1,0:01,1201,1201,Mason Peatling made Free Throw.,35,32,3,0,0.539915611663332,0.6135920191128087,Eastern Washington,Montana,4,4,-2.4,400991340,2018-02-15
41,1,0:01,1201,1201,Mason Peatling missed Free Throw.,35,32,3,0,0.539915611663332,0.6135920191128087,Eastern Washington,Montana,4,4,-2.4,400991340,2018-02-15
42,1,0:01,1201,1201,Michael Oguine Defensive Rebound.,35,32,3,1,0.539915611663332,0.6135920191128087,Eastern Washington,Montana,4,4,-2.4,400991340,2018-02-15
43,1,0:00,1200,1200,End of 1st half,35,32,3,0,0.5400011627336982,0.6136521367497382,Eastern Washington,Montana,4,4,-2.4,400991340,2018-02-15
44,2,20:00,1200,1200,PLAY,35,32,3,46,0.5400011627336982,0.6136521367497382,Eastern Washington,Montana,4,4,-2.4,400991340,2018-02-15
45,2,19:14,1154,1154,Jamar Akoh Defensive Rebound.,35,32,3,7,0.5438215047776663,0.6163164090746837,Eastern Washington,Montana,4,4,-2.4,400991340,2018-02-15
46,2,19:07,1147,1147,Mason Peatling Steal.,35,32,3,24,0.5443904576665651,0.6167110001977051,Eastern Washington,Montana,4,4,-2.4,400991340,2018-02-15
47,2,18:43,1123,1123,Mason Peatling Offensive Rebound.,35,32,3,73,0.5463372013954834,0.6180606880965851,Eastern Washington,Montana,4,4,-2.4,400991340,2018-02-15
48,2,17:30,1050,1050,Jack Perry Steal.,39,34,5,3,0.6326997800478572,0.6969284000228988,Eastern Washington,Montana,4,4,-2.4,400991340,2018-02-15
49,2,17:27,1047,1047,Bobby Moorehead Defensive Rebound.,39,34,5,9,0.6330780187129373,0.6972145550826057,Eastern Washington,Montana,4,4,-2.4,400991340,2018-02-15
50,2,17:18,1038,1038,Ty Gibson Defensive Rebound.,39,34,5,18,0.6342283970667556,0.6980866392368743,Eastern Washington,Montana,4,4,-2.4,400991340,2018-02-15
51,2,17:00,1020,1020,Jamar Akoh Steal.,39,34,5,21,0.636607299763806,0.6998986896790245,Eastern Washington,Montana,4,4,-2.4,400991340,2018-02-15
52,2,16:39,999,999,Fabijan Krslovic Offensive Rebound.,39,34,5,30,0.6395348162303005,0.7021446930793132,Eastern Washington,Montana,4,4,-2.4,400991340,2018-02-15
53,2,16:09,969,969,Michael Oguine Defensive Rebound.,39,36,3,19,0.5605203513322105,0.6282218417162766,Eastern Washington,Montana,4,4,-2.4,400991340,2018-02-15
54,2,15:50,950,950,Ty Gibson Steal.,39,36,3,24,0.562518226434843,0.6297013367018819,Eastern Washington,Montana,4,4,-2.4,400991340,2018-02-15
55,2,15:26,926,926,Ahmaad Rorie Steal.,39,36,3,8,0.5648026275119236,0.631375481824851,Eastern Washington,Montana,4,4,-2.4,400991340,2018-02-15
56,2,15:18,918,918,Sir Washington Defensive Rebound.,39,36,3,39,0.565519603012051,0.6318976206665436,Eastern Washington,Montana,4,4,-2.4,400991340,2018-02-15
57,2,14:39,879,879,Sir Washington Defensive Rebound.,42,36,6,13,0.6959065205816973,0.750539264133525,Eastern Washington,Montana,4,4,-2.4,400991340,2018-02-15
58,2,14:26,866,866,Sir Washington Offensive Rebound.,42,36,6,2,0.6975681286466578,0.7518161050556492,Eastern Washington,Montana,4,4,-2.4,400991340,2018-02-15
59,2,14:24,864,864,Sir Washington made Free Throw.,43,36,7,0,0.7353347577809983,0.78487054540409,Eastern Washington,Montana,4,4,-2.4,400991340,2018-02-15
60,2,14:24,864,864,Sir Washington made Free Throw.,44,36,8,20,0.7697246406321996,0.8144480591911482,Eastern Washington,Montana,4,4,-2.4,400991340,2018-02-15
61,2,14:04,844,844,Sir Washington Defensive Rebound.,44,36,8,28,0.7725614760057117,0.816626005069095,Eastern Washington,Montana,4,4,-2.4,400991340,2018-02-15
62,2,13:36,816,816,Jamar Akoh Steal.,44,36,8,38,0.7768093107355175,0.8199029777442649,Eastern Washington,Montana,4,4,-2.4,400991340,2018-02-15
63,2,12:58,778,778,Timmy Falls Steal.,44,38,6,0,0.710589357312055,0.7619509669278784,Eastern Washington,Montana,4,4,-2.4,400991340,2018-02-15
64,2,12:58,778,778,Timmy Falls made Free Throw.,44,41,3,25,0.5784820979905994,0.6414591185820087,Eastern Washington,Montana,4,4,-2.4,400991340,2018-02-15
65,2,12:33,753,753,Jamar Akoh Defensive Rebound.,44,41,3,12,0.5816748717946965,0.6439069352831082,Eastern Washington,Montana,4,4,-2.4,400991340,2018-02-15
66,2,12:21,741,741,Jesse Hunt Block.,44,41,3,1,0.5833881772123954,0.6452322730632508,Eastern Washington,Montana,4,4,-2.4,400991340,2018-02-15
67,2,12:20,740,740,Jesse Hunt Defensive Rebound.,44,41,3,27,0.5835367758523382,0.6453475517677537,Eastern Washington,Montana,4,4,-2.4,400991340,2018-02-15
68,2,11:53,713,713,Bobby Moorehead Steal.,44,41,3,5,0.587620782505048,0.6485117855566495,Eastern Washington,Montana,4,4,-2.4,400991340,2018-02-15
69,2,11:48,708,708,Ty Gibson Steal.,44,41,3,57,0.588319364936047,0.6490464074759237,Eastern Washington,Montana,4,4,-2.4,400991340,2018-02-15
70,2,10:51,651,651,Sir Washington made Free Throw.,48,43,5,0,0.6926174098584209,0.743504662859933,Eastern Washington,Montana,4,4,-2.4,400991340,2018-02-15
71,2,10:51,651,651,Sir Washington made Free Throw.,49,43,6,14,0.735991541805226,0.7819587052183863,Eastern Washington,Montana,4,4,-2.4,400991340,2018-02-15
72,2,10:37,637,637,Sir Washington Defensive Rebound.,49,43,6,24,0.7385256820411412,0.7839303499304162,Eastern Washington,Montana,4,4,-2.4,400991340,2018-02-15
73,2,10:13,613,613,Bobby Moorehead Defensive Rebound.,49,43,6,58,0.7432086314768075,0.7875929677495651,Eastern Washington,Montana,4,4,-2.4,400991340,2018-02-15
74,2,9:15,555,555,Sayeed Pridgett Offensive Rebound.,52,45,7,1,0.7978443623355406,0.8338749493286487,Eastern Washington,Montana,4,4,-2.4,400991340,2018-02-15
75,2,9:14,554,554,Sayeed Pridgett made Free Throw.,52,48,4,0,0.6643305046340402,0.7156484800087413,Eastern Washington,Montana,4,4,-2.4,400991340,2018-02-15
76,2,9:14,554,554,Fabijan Krslovic Defensive Rebound.,52,48,4,0,0.6643305046340402,0.7156484800087413,Eastern Washington,Montana,4,4,-2.4,400991340,2018-02-15
77,2,9:14,554,554,Benas Griciunas Defensive Rebound.,52,48,4,69,0.6643305046340402,0.7156484800087413,Eastern Washington,Montana,4,4,-2.4,400991340,2018-02-15
78,2,8:05,485,485,Sayeed Pridgett Steal.,52,48,4,30,0.6799055823637361,0.7279486870058446,Eastern Washington,Montana,4,4,-2.4,400991340,2018-02-15
79,2,7:35,455,455,Benas Griciunas made Free Throw.,53,50,3,0,0.6304495185709454,0.6815000937345844,Eastern Washington,Montana,4,4,-2.4,400991340,2018-02-15
80,2,7:35,455,455,Benas Griciunas made Free Throw.,54,50,4,9,0.6873380802200441,0.7338475954508777,Eastern Washington,Montana,4,4,-2.4,400991340,2018-02-15
81,2,7:26,446,446,Jamar Akoh made Free Throw.,54,51,3,0,0.6327670237815279,0.6833470333217594,Eastern Washington,Montana,4,4,-2.4,400991340,2018-02-15
82,2,7:26,446,446,Jamar Akoh missed Free Throw.,54,51,3,0,0.6327670237815279,0.6833470333217594,Eastern Washington,Montana,4,4,-2.4,400991340,2018-02-15
83,2,7:26,446,446,Bogdan Bliznyuk Defensive Rebound.,54,51,3,88,0.6327670237815279,0.6833470333217594,Eastern Washington,Montana,4,4,-2.4,400991340,2018-02-15
84,2,5:58,358,358,Sir Washington made Free Throw.,60,53,7,0,0.8609805483837597,0.8840224073434487,Eastern Washington,Montana,4,4,-2.4,400991340,2018-02-15
85,2,5:58,358,358,Sir Washington missed Free Throw.,60,53,7,0,0.8609805483837597,0.8840224073434487,Eastern Washington,Montana,4,4,-2.4,400991340,2018-02-15
86,2,5:58,358,358,Sayeed Pridgett Defensive Rebound.,60,53,7,14,0.8609805483837597,0.8840224073434487,Eastern Washington,Montana,4,4,-2.4,400991340,2018-02-15
87,2,5:44,344,344,Fabijan Krslovic made Free Throw.,60,54,6,0,0.8286281829557133,0.8557370186852965,Eastern Washington,Montana,4,4,-2.4,400991340,2018-02-15
88,2,5:44,344,344,Fabijan Krslovic made Free Throw.,60,55,5,47,0.7823161408259725,0.8151163786431718,Eastern Washington,Montana,4,4,-2.4,400991340,2018-02-15
89,2,4:57,297,297,Timmy Falls Steal.,60,55,5,0,0.8063246762866206,0.8346629864408582,Eastern Washington,Montana,4,4,-2.4,400991340,2018-02-15
90,2,4:57,297,297,Timmy Falls missed Free Throw.,60,55,5,0,0.8063246762866206,0.8346629864408582,Eastern Washington,Montana,4,4,-2.4,400991340,2018-02-15
91,2,4:57,297,297,Jacob Davison Defensive Rebound.,60,55,5,23,0.8063246762866206,0.8346629864408582,Eastern Washington,Montana,4,4,-2.4,400991340,2018-02-15
92,2,4:34,274,274,Bogdan Bliznyuk Offensive Rebound.,60,55,5,2,0.8065342728273194,0.8340510148749116,Eastern Washington,Montana,4,4,-2.4,400991340,2018-02-15
93,2,4:32,272,272,Sayeed Pridgett Defensive Rebound.,60,55,5,5,0.8062156123199774,0.8336984162854664,Eastern Washington,Montana,4,4,-2.4,400991340,2018-02-15
94,2,4:27,267,267,Sayeed Pridgett made Free Throw.,60,56,4,0,0.7500351490705894,0.7831294418503905,Eastern Washington,Montana,4,4,-2.4,400991340,2018-02-15
95,2,4:27,267,267,Sayeed Pridgett made Free Throw.,60,57,3,31,0.6852058621174024,0.7237216522104692,Eastern Washington,Montana,4,4,-2.4,400991340,2018-02-15
96,2,3:56,236,236,Jacob Davison Defensive Rebound.,62,57,5,22,0.8012219287094577,0.8279253729841266,Eastern Washington,Montana,4,4,-2.4,400991340,2018-02-15
97,2,3:34,214,214,Bogdan Bliznyuk Block.,64,57,7,2,0.8891140621811933,0.9048618181463935,Eastern Washington,Montana,4,4,-2.4,400991340,2018-02-15
98,2,3:32,212,212,Sayeed Pridgett Offensive Rebound.,64,57,7,0,0.8902751326459556,0.9058238805952479,Eastern Washington,Montana,4,4,-2.4,400991340,2018-02-15
99,2,3:32,212,212,Sayeed Pridgett made Free Throw.,64,58,6,0,0.8544790494701479,0.874384619818114,Eastern Washington,Montana,4,4,-2.4,400991340,2018-02-15
100,2,3:32,212,212,Sayeed Pridgett made Free Throw.,64,59,5,32,0.8095038138607153,0.834368960086105,Eastern Washington,Montana,4,4,-2.4,400991340,2018-02-15
101,2,3:00,180,180,Bogdan Bliznyuk Steal.,67,59,8,37,0.9451327509002729,0.952846239766277,Eastern Washington,Montana,4,4,-2.4,400991340,2018-02-15
102,2,2:23,143,143,Michael Oguine Offensive Rebound.,67,59,8,31,0.972117936294286,0.9758217179156347,Eastern Washington,Montana,4,4,-2.4,400991340,2018-02-15
103,2,1:52,112,112,Jamar Akoh Offensive Rebound.,69,61,8,17,0.9871286184494394,0.9887273099830783,Eastern Washington,Montana,4,4,-2.4,400991340,2018-02-15
104,2,1:35,95,95,Bogdan Bliznyuk made Free Throw.,70,61,9,0,0.9960210252509029,0.9964944730893435,Eastern Washington,Montana,4,4,-2.4,400991340,2018-02-15
105,2,1:35,95,95,Bogdan Bliznyuk made Free Throw.,71,61,10,19,0.9978721459075119,0.9981257481939155,Eastern Washington,Montana,4,4,-2.4,400991340,2018-02-15
106,2,1:16,76,76,Bobby Moorehead Defensive Rebound.,71,61,10,11,0.9991148376877904,0.9992139967743623,Eastern Washington,Montana,4,4,-2.4,400991340,2018-02-15
107,2,1:05,65,65,Ahmaad Rorie Offensive Rebound.,71,61,10,8,0.9994947176173107,0.9995491138548979,Eastern Washington,Montana,4,4,-2.4,400991340,2018-02-15
108,2,0:57,57,57,Montana Offensive Rebound.,71,61,10,0,0.9996708423544405,0.9997052025149883,Eastern Washington,Montana,4,4,-2.4,400991340,2018-02-15
109,2,0:57,57,57,Fabijan Krslovic missed Free Throw.,71,61,10,0,0.9996708423544405,0.9997052025149883,Eastern Washington,Montana,4,4,-2.4,400991340,2018-02-15
110,2,0:57,57,57,Montana Deadball Team Rebound.,71,61,10,0,0.9996708423544405,0.9997052025149883,Eastern Washington,Montana,4,4,-2.4,400991340,2018-02-15
111,2,0:57,57,57,Fabijan Krslovic made Free Throw.,71,62,9,10,0.9992582467105083,0.9993356483475078,Eastern Washington,Montana,4,4,-2.4,400991340,2018-02-15
112,2,0:47,47,47,Jacob Davison made Free Throw.,72,62,10,0,0.9998124791195526,0.9998312677872547,Eastern Washington,Montana,4,4,-2.4,400991340,2018-02-15
113,2,0:47,47,47,Jacob Davison made Free Throw.,73,62,11,15,0.999921327302627,0.9999292106912068,Eastern Washington,Montana,4,4,-2.4,400991340,2018-02-15
114,2,0:32,32,32,Sir Washington missed Free Throw.,73,62,11,0,0.9999710168673813,0.9999737316713603,Eastern Washington,Montana,4,4,-2.4,400991340,2018-02-15
115,2,0:32,32,32,Bobby Moorehead Defensive Rebound.,73,62,11,12,0.9999710168673813,0.9999737316713603,Eastern Washington,Montana,4,4,-2.4,400991340,2018-02-15
116,2,0:20,20,20,Jack Perry missed Free Throw.,73,65,8,0,0.999723243859217,0.999747662872159,Eastern Washington,Montana,4,4,-2.4,400991340,2018-02-15
117,2,0:20,20,20,Eastern Washington Deadball Team Rebound.,73,65,8,0,0.999723243859217,0.999747662872159,Eastern Washington,Montana,4,4,-2.4,400991340,2018-02-15
118,2,0:20,20,20,Jack Perry made Free Throw.,74,65,9,20,0.9999017265643486,0.999910398931701,Eastern Washington,Montana,4,4,-2.4,400991340,2018-02-15
119,2,0:00,0,0,End of Game,74,65,9,0,1,1,Eastern Washington,Montana,4,4,-2.4,400991340,2018-02-15
