play_id,half,time_remaining_half,secs_remaining,secs_remaining_absolute,description,home_score,away_score,score_diff,play_length,win_prob,naive_win_prob,home,away,home_time_out_remaining,away_time_out_remaining,home_favored_by,game_id,date
1,1,20:00,2400,2400,PLAY,0,0,0,24,0.18603759322712954,0.5,Rice,Marshall,4,4,-9.2,400992662,2018-02-15
2,1,19:36,2376,2376,Bishop Mency Defensive Rebound.,0,0,0,11,0.18657797408315577,0.5,Rice,Marshall,4,4,-9.2,400992662,2018-02-15
3,1,19:25,2365,2365,C.J. Burks Defensive Rebound.,0,0,0,13,0.1868312853605938,0.5,Rice,Marshall,4,4,-9.2,400992662,2018-02-15
4,1,19:12,2352,2352,Ako Adams Steal.,0,0,0,35,0.18713533525463055,0.5,Rice,Marshall,4,4,-9.2,400992662,2018-02-15
5,1,18:37,2317,2317,Jon Elmore Defensive Rebound.,0,0,0,10,0.1879799054565783,0.5,Rice,Marshall,4,4,-9.2,400992662,2018-02-15
6,1,18:27,2307,2307,Malik Osborne Defensive Rebound.,0,0,0,51,0.1882283715686974,0.5,Rice,Marshall,4,4,-9.2,400992662,2018-02-15
7,1,17:36,2256,2256,Ajdin Penava Defensive Rebound.,3,3,0,7,0.18954740848738458,0.5,Rice,Marshall,4,4,-9.2,400992662,2018-02-15
8,1,17:29,2249,2249,Malik Osborne Defensive Rebound.,3,3,0,11,0.18973544194245193,0.5,Rice,Marshall,4,4,-9.2,400992662,2018-02-15
9,1,17:18,2238,2238,Ajdin Penava Steal.,3,3,0,74,0.19003444236726294,0.5,Rice,Marshall,4,4,-9.2,400992662,2018-02-15
10,1,16:04,2164,2164,Jon Elmore Defensive Rebound.,6,7,-1,6,0.17727752122853713,0.47529945885834446,Rice,Marshall,4,4,-9.2,400992662,2018-02-15
11,1,15:58,2158,2158,Connor Cashaw Steal.,6,7,-1,2,0.1774072454866501,0.4752294550065752,Rice,Marshall,4,4,-9.2,400992662,2018-02-15
12,1,15:56,2156,2156,C.J. Burks Defensive Rebound.,6,7,-1,50,0.17745073622922303,0.47520608923907626,Rice,Marshall,4,4,-9.2,400992662,2018-02-15
13,1,15:06,2106,2106,Connor Cashaw Offensive Rebound.,9,11,-2,7,0.1641546473979574,0.4493634144301274,Rice,Marshall,4,4,-9.2,400992662,2018-02-15
14,1,14:59,2099,2099,Connor Cashaw missed Free Throw.,9,11,-2,0,0.16426188094312405,0.4491977869424719,Rice,Marshall,4,4,-9.2,400992662,2018-02-15
15,1,14:59,2099,2099,Rice Deadball Team Rebound.,9,11,-2,0,0.16426188094312405,0.4491977869424719,Rice,Marshall,4,4,-9.2,400992662,2018-02-15
16,1,14:59,2099,2099,Connor Cashaw made Free Throw.,10,11,-1,48,0.17874153171716742,0.4745329960623789,Rice,Marshall,4,4,-9.2,400992662,2018-02-15
17,1,14:11,2051,2051,Ajdin Penava Steal.,10,13,-3,5,0.15115582160695934,0.4224225767233421,Rice,Marshall,4,4,-9.2,400992662,2018-02-15
18,1,14:06,2046,2046,Ajdin Penava made Free Throw.,10,14,-4,0,0.13827011437377942,0.39697279440654404,Rice,Marshall,4,4,-9.2,400992662,2018-02-15
19,1,14:06,2046,2046,Ajdin Penava made Free Throw.,10,15,-5,5,0.12628021103161918,0.3722402143529424,Rice,Marshall,4,4,-9.2,400992662,2018-02-15
20,1,14:01,2041,2041,Jarrod West Steal.,10,15,-5,2,0.12626558718188235,0.3719534733804674,Rice,Marshall,4,4,-9.2,400992662,2018-02-15
21,1,13:59,2039,2039,Rondale Watson Offensive Rebound.,10,15,-5,41,0.12625979471349835,0.3718386079144089,Rice,Marshall,4,4,-9.2,400992662,2018-02-15
22,1,13:18,1998,1998,Ajdin Penava Offensive Rebound.,12,17,-5,5,0.12614739358226648,0.36946154224233035,Rice,Marshall,4,4,-9.2,400992662,2018-02-15
23,1,13:13,1993,1993,Miles Lester Defensive Rebound.,12,17,-5,112,0.12613440404938714,0.3691686098893783,Rice,Marshall,4,4,-9.2,400992662,2018-02-15
24,1,11:21,1881,1881,Austin Meyer Defensive Rebound.,18,22,-4,9,0.13886276413711962,0.3889428984272638,Rice,Marshall,4,4,-9.2,400992662,2018-02-15
25,1,11:12,1872,1872,Austin Meyer Offensive Rebound.,18,22,-4,17,0.13891033069209763,0.3884971832858312,Rice,Marshall,4,4,-9.2,400992662,2018-02-15
26,1,10:55,1855,1855,Connor Cashaw Offensive Rebound.,18,22,-4,72,0.13900521345084374,0.3876540173449324,Rice,Marshall,4,4,-9.2,400992662,2018-02-15
27,1,9:43,1783,1783,Jannson Williams Defensive Rebound.,21,25,-4,8,0.13945662218043336,0.38403405005668617,Rice,Marshall,4,4,-9.2,400992662,2018-02-15
28,1,9:35,1775,1775,Najja Hunter Defensive Rebound.,21,25,-4,28,0.13950940249199248,0.3836239327482226,Rice,Marshall,4,4,-9.2,400992662,2018-02-15
29,1,9:07,1747,1747,Bishop Mency Steal.,23,25,-2,5,0.17112709959829764,0.44024393034878806,Rice,Marshall,4,4,-9.2,400992662,2018-02-15
30,1,9:02,1742,1742,C.J. Burks Defensive Rebound.,23,25,-2,31,0.1712446915814224,0.4401068289315109,Rice,Marshall,4,4,-9.2,400992662,2018-02-15
31,1,8:31,1711,1711,Jarrod West Defensive Rebound.,23,27,-4,19,0.1399255325269439,0.3802541961882877,Rice,Marshall,4,4,-9.2,400992662,2018-02-15
32,1,8:12,1692,1692,C.J. Burks Defensive Rebound.,23,30,-7,7,0.10114186425913313,0.2968108500712814,Rice,Marshall,4,4,-9.2,400992662,2018-02-15
33,1,8:05,1685,1685,Najja Hunter Defensive Rebound.,23,30,-7,23,0.10106248844326643,0.2962129889851206,Rice,Marshall,4,4,-9.2,400992662,2018-02-15
34,1,7:42,1662,1662,C.J. Burks Defensive Rebound.,23,30,-7,69,0.10083372870555733,0.294294318523055,Rice,Marshall,4,4,-9.2,400992662,2018-02-15
35,1,6:33,1593,1593,Robert Martin Defensive Rebound.,23,33,-10,8,0.07046532350309748,0.21628512787706694,Rice,Marshall,4,4,-9.2,400992662,2018-02-15
36,1,6:25,1585,1585,Rondale Watson Defensive Rebound.,23,33,-10,23,0.07034628668088853,0.21554525097876798,Rice,Marshall,4,4,-9.2,400992662,2018-02-15
37,1,6:02,1562,1562,Jannson Williams Offensive Rebound.,23,33,-10,28,0.07000371866656367,0.21341308652209798,Rice,Marshall,4,4,-9.2,400992662,2018-02-15
38,1,5:34,1534,1534,Malik Osborne made Free Throw.,24,35,-11,0,0.06149812634658377,0.18965724206912318,Rice,Marshall,4,4,-9.2,400992662,2018-02-15
39,1,5:34,1534,1534,Malik Osborne made Free Throw.,25,35,-10,12,0.06957368812647761,0.2107821680691158,Rice,Marshall,4,4,-9.2,400992662,2018-02-15
40,1,5:22,1522,1522,Ako Adams Defensive Rebound.,25,35,-10,21,0.0693806669048213,0.20963396224375563,Rice,Marshall,4,4,-9.2,400992662,2018-02-15
41,1,5:01,1501,1501,Malik Osborne Defensive Rebound.,25,35,-10,40,0.06902431410391377,0.2075828012653172,Rice,Marshall,4,4,-9.2,400992662,2018-02-15
42,1,4:21,1461,1461,Malik Osborne missed Free Throw.,27,35,-8,0,0.08779493911459055,0.2512896345350296,Rice,Marshall,4,4,-9.2,400992662,2018-02-15
43,1,4:21,1461,1461,Rice Deadball Team Rebound.,27,35,-8,0,0.08779493911459055,0.2512896345350296,Rice,Marshall,4,4,-9.2,400992662,2018-02-15
44,1,4:21,1461,1461,Malik Osborne made Free Throw.,28,35,-7,11,0.09935671597573542,0.2778246604136483,Rice,Marshall,4,4,-9.2,400992662,2018-02-15
45,1,4:10,1450,1450,Bishop Mency Steal.,28,35,-7,45,0.09921867495319453,0.2767978979582569,Rice,Marshall,4,4,-9.2,400992662,2018-02-15
46,1,3:25,1405,1405,Darius George Defensive Rebound.,30,38,-8,11,0.08694943362388602,0.24585513879756563,Rice,Marshall,4,4,-9.2,400992662,2018-02-15
47,1,3:14,1394,1394,Malik Osborne Defensive Rebound.,30,38,-8,26,0.08681221947154767,0.24484502000264807,Rice,Marshall,4,4,-9.2,400992662,2018-02-15
48,1,2:48,1368,1368,Jon Elmore made Free Throw.,32,39,-7,0,0.09844224776307277,0.26959733520338347,Rice,Marshall,4,4,-9.2,400992662,2018-02-15
49,1,2:48,1368,1368,Jon Elmore missed Free Throw.,32,39,-7,0,0.09844224776307277,0.26959733520338347,Rice,Marshall,4,4,-9.2,400992662,2018-02-15
50,1,2:48,1368,1368,Malik Osborne Defensive Rebound.,32,39,-7,11,0.09844224776307277,0.26959733520338347,Rice,Marshall,4,4,-9.2,400992662,2018-02-15
51,1,2:37,1357,1357,Ako Adams made Free Throw.,33,39,-6,0,0.11179809261478424,0.29768972050457804,Rice,Marshall,4,4,-9.2,400992662,2018-02-15
52,1,2:37,1357,1357,Ako Adams made Free Throw.,34,39,-5,16,0.12681139584041573,0.32843549076778067,Rice,Marshall,4,4,-9.2,400992662,2018-02-15
53,1,2:21,1341,1341,Malik Osborne Defensive Rebound.,34,39,-5,11,0.12688273779070494,0.327350045516633,Rice,Marshall,4,4,-9.2,400992662,2018-02-15
54,1,2:10,1330,1330,Rondale Watson Defensive Rebound.,34,39,-5,6,0.12692952227448584,0.326596143001973,Rice,Marshall,4,4,-9.2,400992662,2018-02-15
55,1,2:04,1324,1324,Rondale Watson missed Free Throw.,34,39,-5,0,0.12695353873938434,0.32618109178554733,Rice,Marshall,4,4,-9.2,400992662,2018-02-15
56,1,2:04,1324,1324,Marshall Deadball Team Rebound.,34,39,-5,0,0.12695353873938434,0.32618109178554733,Rice,Marshall,4,4,-9.2,400992662,2018-02-15
57,1,2:04,1324,1324,Rondale Watson made Free Throw.,34,40,-6,65,0.11172217749862427,0.29512730569532303,Rice,Marshall,4,4,-9.2,400992662,2018-02-15
58,1,0:59,1259,1259,Bishop Mency Steal.,38,42,-4,14,0.14458969584662298,0.3548111240710498,Rice,Marshall,4,4,-9.2,400992662,2018-02-15
59,1,0:45,1245,1245,Malik Osborne made Free Throw.,39,42,-3,0,0.16432563160906777,0.38897815405300423,Rice,Marshall,4,4,-9.2,400992662,2018-02-15
60,1,0:45,1245,1245,Malik Osborne made Free Throw.,40,42,-2,12,0.18605469248363887,0.42529519548225636,Rice,Marshall,4,4,-9.2,400992662,2018-02-15
61,1,0:33,1233,1233,Connor Cashaw Defensive Rebound.,40,42,-2,33,0.18641223514502958,0.42483787355179314,Rice,Marshall,4,4,-9.2,400992662,2018-02-15
62,1,0:00,1200,1200,End of 1st half,40,42,-2,0,0.18733196286955336,0.4234906714856242,Rice,Marshall,4,4,-9.2,400992662,2018-02-15
63,2,20:00,1200,1200,PLAY,40,42,-2,55,0.18733196286955336,0.4234906714856242,Rice,Marshall,4,4,-9.2,400992662,2018-02-15
64,2,19:05,1145,1145,Bishop Mency Offensive Rebound.,43,44,-1,48,0.2143774733493446,0.46040910834109394,Rice,Marshall,4,4,-9.2,400992662,2018-02-15
65,2,18:17,1097,1097,Jarrod West Defensive Rebound.,45,47,-2,5,0.19019949964333746,0.41944130588671696,Rice,Marshall,4,4,-9.2,400992662,2018-02-15
66,2,18:12,1092,1092,Connor Cashaw Defensive Rebound.,45,47,-2,15,0.19033711326170336,0.41924182717480224,Rice,Marshall,4,4,-9.2,400992662,2018-02-15
67,2,17:57,1077,1077,Malik Osborne Offensive Rebound.,45,47,-2,14,0.19074620052473273,0.41863360704519115,Rice,Marshall,4,4,-9.2,400992662,2018-02-15
68,2,17:43,1063,1063,Malik Osborne Defensive Rebound.,47,47,0,21,0.2475071164608851,0.5,Rice,Marshall,4,4,-9.2,400992662,2018-02-15
69,2,17:22,1042,1042,C.J. Burks Defensive Rebound.,47,47,0,12,0.24887032126218467,0.5,Rice,Marshall,4,4,-9.2,400992662,2018-02-15
70,2,17:10,1030,1030,Najja Hunter Steal.,47,47,0,6,0.24965888268447736,0.5,Rice,Marshall,4,4,-9.2,400992662,2018-02-15
71,2,17:04,1024,1024,Malik Osborne Offensive Rebound.,47,47,0,4,0.25005611459623234,0.5,Rice,Marshall,4,4,-9.2,400992662,2018-02-15
72,2,17:00,1020,1020,Malik Osborne missed Free Throw.,49,47,2,0,0.3190439346440725,0.5838810662887756,Rice,Marshall,4,4,-9.2,400992662,2018-02-15
73,2,17:00,1020,1020,Connor Cashaw Offensive Rebound.,49,47,2,1,0.3190439346440725,0.5838810662887756,Rice,Marshall,4,4,-9.2,400992662,2018-02-15
74,2,16:59,1019,1019,Connor Cashaw made Free Throw.,50,47,3,0,0.35705831773292135,0.6244278396872737,Rice,Marshall,4,4,-9.2,400992662,2018-02-15
75,2,16:59,1019,1019,Connor Cashaw made Free Throw.,51,47,4,37,0.39682950204154116,0.6632579710389936,Rice,Marshall,4,4,-9.2,400992662,2018-02-15
76,2,16:22,982,982,Jon Elmore Defensive Rebound.,51,49,2,50,0.32377659296549893,0.5858235445853781,Rice,Marshall,4,4,-9.2,400992662,2018-02-15
77,2,15:32,932,932,Jarrod West missed Free Throw.,53,51,2,0,0.3300606140245291,0.588458613396847,Rice,Marshall,4,4,-9.2,400992662,2018-02-15
78,2,15:32,932,932,Marshall Deadball Team Rebound.,53,51,2,0,0.3300606140245291,0.588458613396847,Rice,Marshall,4,4,-9.2,400992662,2018-02-15
79,2,15:32,932,932,Jarrod West missed Free Throw.,53,51,2,0,0.3300606140245291,0.588458613396847,Rice,Marshall,4,4,-9.2,400992662,2018-02-15
80,2,15:32,932,932,Bishop Mency Defensive Rebound.,53,51,2,18,0.3300606140245291,0.588458613396847,Rice,Marshall,4,4,-9.2,400992662,2018-02-15
81,2,15:14,914,914,Connor Cashaw made Free Throw.,56,51,5,64,0.460770720133054,0.7114516551407076,Rice,Marshall,4,4,-9.2,400992662,2018-02-15
82,2,14:10,850,850,Austin Meyer Block.,58,54,4,0,0.42668703938958563,0.678004232485372,Rice,Marshall,4,4,-9.2,400992662,2018-02-15
83,2,14:10,850,850,Marshall Offensive Rebound.,58,54,4,36,0.42668703938958563,0.678004232485372,Rice,Marshall,4,4,-9.2,400992662,2018-02-15
84,2,13:34,814,814,C.J. Burks made Free Throw.,61,58,3,0,0.3870639038965604,0.6385360415173226,Rice,Marshall,4,4,-9.2,400992662,2018-02-15
85,2,13:34,814,814,C.J. Burks made Free Throw.,61,59,2,18,0.3431376499789891,0.5937148392902294,Rice,Marshall,4,4,-9.2,400992662,2018-02-15
86,2,13:16,796,796,Jon Elmore Defensive Rebound.,61,59,2,35,0.3453891247768081,0.5946804132674667,Rice,Marshall,4,4,-9.2,400992662,2018-02-15
87,2,12:41,761,761,Austin Meyer Offensive Rebound.,61,62,-1,34,0.23033829491017624,0.4510937627215034,Rice,Marshall,4,4,-9.2,400992662,2018-02-15
88,2,12:07,727,727,Connor Cashaw made Free Throw.,66,65,1,69,0.31121100344853825,0.5502863422922066,Rice,Marshall,4,4,-9.2,400992662,2018-02-15
89,2,10:58,658,658,Malik Osborne Defensive Rebound.,68,68,0,13,0.2752114108580371,0.5,Rice,Marshall,4,4,-9.2,400992662,2018-02-15
90,2,10:45,645,645,Ajdin Penava Block.,68,68,0,2,0.2762535429918678,0.5,Rice,Marshall,4,4,-9.2,400992662,2018-02-15
91,2,10:43,643,643,Malik Osborne Offensive Rebound.,68,68,0,32,0.27641559514479475,0.5,Rice,Marshall,4,4,-9.2,400992662,2018-02-15
92,2,10:11,611,611,Malik Osborne Defensive Rebound.,70,68,2,17,0.3748627341876689,0.6076586039103276,Rice,Marshall,4,4,-9.2,400992662,2018-02-15
93,2,9:54,594,594,Ajdin Penava Block.,70,68,2,0,0.3780581378790568,0.6090849277444494,Rice,Marshall,4,4,-9.2,400992662,2018-02-15
94,2,9:54,594,594,Rice Offensive Rebound.,70,68,2,13,0.3780581378790568,0.6090849277444494,Rice,Marshall,4,4,-9.2,400992662,2018-02-15
95,2,9:41,581,581,C.J. Burks Defensive Rebound.,70,68,2,7,0.38072428690247034,0.6103161089961867,Rice,Marshall,4,4,-9.2,400992662,2018-02-15
96,2,9:34,574,574,Ako Adams Defensive Rebound.,70,68,2,20,0.382253653079969,0.6110383531292602,Rice,Marshall,4,4,-9.2,400992662,2018-02-15
97,2,9:14,554,554,Rice Defensive Rebound.,73,68,5,14,0.5578586520812877,0.760190161871823,Rice,Marshall,4,4,-9.2,400992662,2018-02-15
98,2,9:00,540,540,Ajdin Penava Defensive Rebound.,73,68,5,41,0.5643108395283174,0.7635558886372373,Rice,Marshall,4,4,-9.2,400992662,2018-02-15
99,2,8:19,499,499,Jon Elmore made Free Throw.,75,71,4,0,0.5200592189666365,0.7256554013873981,Rice,Marshall,4,4,-9.2,400992662,2018-02-15
100,2,8:19,499,499,Jon Elmore made Free Throw.,75,72,3,28,0.4593666563922147,0.6746994272941195,Rice,Marshall,4,4,-9.2,400992662,2018-02-15
101,2,7:51,471,471,Jarrod West Defensive Rebound.,75,72,3,35,0.4675977468430708,0.6786913768558902,Rice,Marshall,4,4,-9.2,400992662,2018-02-15
102,2,7:16,436,436,Ajdin Penava Defensive Rebound.,75,75,0,59,0.2980976420820005,0.5,Rice,Marshall,4,4,-9.2,400992662,2018-02-15
103,2,6:17,377,377,Ajdin Penava Block.,75,79,-4,1,0.12546572548759932,0.2442258111367014,Rice,Marshall,4,4,-9.2,400992662,2018-02-15
104,2,6:16,376,376,Jarrod West Defensive Rebound.,75,79,-4,44,0.12538800409842019,0.24394266246871962,Rice,Marshall,4,4,-9.2,400992662,2018-02-15
105,2,5:32,332,332,Ajdin Penava Block.,75,79,-4,2,0.12077065153763171,0.22923017272426063,Rice,Marshall,4,4,-9.2,400992662,2018-02-15
106,2,5:30,330,330,Najja Hunter Offensive Rebound.,75,79,-4,10,0.12047613545648883,0.22841093029142523,Rice,Marshall,4,4,-9.2,400992662,2018-02-15
107,2,5:20,320,320,Najja Hunter Block.,77,79,-2,1,0.20064736443584968,0.34953185988861535,Rice,Marshall,4,4,-9.2,400992662,2018-02-15
108,2,5:19,319,319,Ako Adams Defensive Rebound.,77,79,-2,5,0.2005885357881458,0.34923041674855587,Rice,Marshall,4,4,-9.2,400992662,2018-02-15
109,2,5:14,314,314,C.J. Burks Defensive Rebound.,77,79,-2,44,0.20026178018110105,0.3476708570697607,Rice,Marshall,4,4,-9.2,400992662,2018-02-15
110,2,4:30,270,270,Malik Osborne missed Free Throw.,77,81,-4,0,0.11916991694265297,0.21628058737088623,Rice,Marshall,4,4,-9.2,400992662,2018-02-15
111,2,4:30,270,270,Jannson Williams Defensive Rebound.,77,81,-4,25,0.11916991694265297,0.21628058737088623,Rice,Marshall,4,4,-9.2,400992662,2018-02-15
112,2,4:05,245,245,Jon Elmore made Free Throw.,77,82,-5,0,0.09422992413298462,0.1715006216289981,Rice,Marshall,4,4,-9.2,400992662,2018-02-15
113,2,4:05,245,245,Jon Elmore made Free Throw.,77,83,-6,9,0.07056428298068818,0.13124047489467186,Rice,Marshall,4,4,-9.2,400992662,2018-02-15
114,2,3:56,236,236,Jon Elmore Defensive Rebound.,77,83,-6,33,0.07150025011508465,0.1317934511926742,Rice,Marshall,4,4,-9.2,400992662,2018-02-15
115,2,3:23,203,203,Jon Elmore Defensive Rebound.,77,85,-8,8,0.03538920090009182,0.06513814934694118,Rice,Marshall,4,4,-9.2,400992662,2018-02-15
116,2,3:15,195,195,Bishop Mency Defensive Rebound.,77,85,-8,5,0.03251302288970879,0.059436541912195835,Rice,Marshall,4,4,-9.2,400992662,2018-02-15
117,2,3:10,190,190,Bishop Mency made Free Throw.,78,85,-7,0,0.04275066947338297,0.07701476885884401,Rice,Marshall,4,4,-9.2,400992662,2018-02-15
118,2,3:10,190,190,Bishop Mency missed Free Throw.,78,85,-7,0,0.04275066947338297,0.07701476885884401,Rice,Marshall,4,4,-9.2,400992662,2018-02-15
119,2,3:10,190,190,Ajdin Penava Defensive Rebound.,78,85,-7,15,0.04275066947338297,0.07701476885884401,Rice,Marshall,4,4,-9.2,400992662,2018-02-15
120,2,2:55,175,175,Ajdin Penava Offensive Rebound.,78,85,-7,16,0.03522377418304286,0.06268378386941871,Rice,Marshall,4,4,-9.2,400992662,2018-02-15
121,2,2:39,159,159,Rondale Watson Defensive Rebound.,78,87,-9,43,0.012326407385455854,0.02187867338149908,Rice,Marshall,4,4,-9.2,400992662,2018-02-15
122,2,1:56,116,116,Marshall Defensive Rebound.,78,89,-11,40,0.0014793420131098834,0.0024877503100000187,Rice,Marshall,4,4,-9.2,400992662,2018-02-15
123,2,1:16,76,76,Malik Osborne missed Free Throw.,78,91,-13,0,5.8413119194363274e-5,9.214155703599999e-5,Rice,Marshall,4,4,-9.2,400992662,2018-02-15
124,2,1:16,76,76,Jon Elmore Defensive Rebound.,78,91,-13,25,5.8413119194363274e-5,9.214155703599999e-5,Rice,Marshall,4,4,-9.2,400992662,2018-02-15
125,2,0:51,51,51,Jon Elmore missed Free Throw.,78,91,-13,0,1.1085183764248298e-5,1.673706588424144e-5,Rice,Marshall,4,4,-9.2,400992662,2018-02-15
126,2,0:51,51,51,Malik Osborne Defensive Rebound.,78,91,-13,6,1.1085183764248298e-5,1.673706588424144e-5,Rice,Marshall,4,4,-9.2,400992662,2018-02-15
127,2,0:45,45,45,Rice Offensive Rebound.,78,91,-13,6,7.176478719566928e-6,1.071821373737404e-5,Rice,Marshall,4,4,-9.2,400992662,2018-02-15
128,2,0:39,39,39,Najja Hunter Offensive Rebound.,78,91,-13,4,4.569051951180866e-6,6.749022238535547e-6,Rice,Marshall,4,4,-9.2,400992662,2018-02-15
129,2,0:35,35,35,C.J. Burks made Free Throw.,80,92,-12,0,8.585220631314835e-6,1.2587249358233614e-5,Rice,Marshall,4,4,-9.2,400992662,2018-02-15
130,2,0:35,35,35,C.J. Burks made Free Throw.,80,93,-13,6,3.35285746642821e-6,4.915814950286884e-6,Rice,Marshall,4,4,-9.2,400992662,2018-02-15
131,2,0:29,29,29,Ajdin Penava Defensive Rebound.,80,93,-13,29,2.0844539898598002e-6,3.021835269777304e-6,Rice,Marshall,4,4,-9.2,400992662,2018-02-15
132,2,0:00,0,0,End of Game,80,93,-13,0,8.82933235133276e-114,1.2118104830828574e-113,Rice,Marshall,4,4,-9.2,400992662,2018-02-15
