play_id,half,time_remaining_half,secs_remaining,secs_remaining_absolute,description,home_score,away_score,score_diff,play_length,win_prob,naive_win_prob,home,away,home_time_out_remaining,away_time_out_remaining,home_favored_by,game_id,date
1,1,20:00,2400,2400,PLAY,0,0,0,10,0.6515094960838655,0.5,Portland,Santa Clara,4,4,3.9,400986988,2018-02-15
2,1,19:50,2390,2390,Emmanuel Ndumanya Steal.,0,0,0,2,0.6513677234616968,0.5,Portland,Santa Clara,4,4,3.9,400986988,2018-02-15
3,1,19:48,2388,2388,Emmanuel Ndumanya made Free Throw.,0,1,-1,0,0.630914337301901,0.4778171900413787,Portland,Santa Clara,4,4,3.9,400986988,2018-02-15
4,1,19:48,2388,2388,Emmanuel Ndumanya missed Free Throw.,0,1,-1,0,0.630914337301901,0.4778171900413787,Portland,Santa Clara,4,4,3.9,400986988,2018-02-15
5,1,19:48,2388,2388,Tahirou Diabate Defensive Rebound.,0,1,-1,27,0.630914337301901,0.4778171900413787,Portland,Santa Clara,4,4,3.9,400986988,2018-02-15
6,1,19:21,2361,2361,Josh McSwiggan Defensive Rebound.,2,1,1,44,0.6710973152412228,0.5224720937701899,Portland,Santa Clara,4,4,3.9,400986988,2018-02-15
7,1,18:37,2317,2317,Tahirou Diabate Defensive Rebound.,5,1,4,12,0.7286505700229534,0.5908599636952792,Portland,Santa Clara,4,4,3.9,400986988,2018-02-15
8,1,18:25,2305,2305,Henry Caruso Defensive Rebound.,5,1,4,44,0.7289096148686096,0.591376995870634,Portland,Santa Clara,4,4,3.9,400986988,2018-02-15
9,1,17:41,2261,2261,Kai Healy Defensive Rebound.,5,3,2,21,0.6910635787998162,0.5470609119753659,Portland,Santa Clara,4,4,3.9,400986988,2018-02-15
10,1,17:20,2240,2240,Marcus Shaver Jr. Defensive Rebound.,5,3,2,31,0.6911404601130318,0.5475366103001577,Portland,Santa Clara,4,4,3.9,400986988,2018-02-15
11,1,16:49,2209,2209,Kai Healy Defensive Rebound.,5,3,2,51,0.691243205948656,0.5482443987813758,Portland,Santa Clara,4,4,3.9,400986988,2018-02-15
12,1,15:58,2158,2158,Henry Caruso Defensive Rebound.,5,6,-1,92,0.6245927173079624,0.4752294550065752,Portland,Santa Clara,4,4,3.9,400986988,2018-02-15
13,1,14:26,2066,2066,Henry Caruso Defensive Rebound.,7,10,-3,30,0.5718993596102796,0.4229578392649414,Portland,Santa Clara,4,4,3.9,400986988,2018-02-15
14,1,13:56,2036,2036,Emmanuel Ndumanya made Free Throw.,7,11,-4,0,0.544239283846346,0.3965022533771168,Portland,Santa Clara,4,4,3.9,400986988,2018-02-15
15,1,13:56,2036,2036,Emmanuel Ndumanya missed Free Throw.,7,11,-4,0,0.544239283846346,0.3965022533771168,Portland,Santa Clara,4,4,3.9,400986988,2018-02-15
16,1,13:56,2036,2036,Tahirou Diabate Defensive Rebound.,7,11,-4,20,0.544239283846346,0.3965022533771168,Portland,Santa Clara,4,4,3.9,400986988,2018-02-15
17,1,13:36,2016,2016,Kai Healy Defensive Rebound.,7,11,-4,55,0.542788883189544,0.3955547438760948,Portland,Santa Clara,4,4,3.9,400986988,2018-02-15
18,1,12:41,1961,1961,Josh McSwiggan Defensive Rebound.,9,14,-5,7,0.5115821177802103,0.36727704899447666,Portland,Santa Clara,4,4,3.9,400986988,2018-02-15
19,1,12:34,1954,1954,Tahirou Diabate Offensive Rebound.,9,14,-5,16,0.5109586919926782,0.3668592544136571,Portland,Santa Clara,4,4,3.9,400986988,2018-02-15
20,1,12:18,1938,1938,Marcus Shaver Jr. Defensive Rebound.,11,14,-3,29,0.564154115153494,0.41826216392717774,Portland,Santa Clara,4,4,3.9,400986988,2018-02-15
21,1,11:49,1909,1909,Henry Caruso Defensive Rebound.,11,14,-3,39,0.5623088614338383,0.41715924322250364,Portland,Santa Clara,4,4,3.9,400986988,2018-02-15
22,1,11:10,1870,1870,Henry Caruso Steal.,11,16,-5,7,0.5033235334363294,0.3617992294015141,Portland,Santa Clara,4,4,3.9,400986988,2018-02-15
23,1,11:03,1863,1863,Marcus Shaver Jr. Defensive Rebound.,11,16,-5,15,0.502677903440067,0.36137762666337225,Portland,Santa Clara,4,4,3.9,400986988,2018-02-15
24,1,10:48,1848,1848,Kai Healy Defensive Rebound.,11,16,-5,12,0.501288273517528,0.36047277507174125,Portland,Santa Clara,4,4,3.9,400986988,2018-02-15
25,1,10:36,1836,1836,Henrik Jadersten made Free Throw.,11,17,-6,0,0.47137813701773496,0.3336426321389199,Portland,Santa Clara,4,4,3.9,400986988,2018-02-15
26,1,10:36,1836,1836,Henrik Jadersten made Free Throw.,11,18,-7,71,0.44277549520559856,0.30851984826100226,Portland,Santa Clara,4,4,3.9,400986988,2018-02-15
27,1,9:25,1765,1765,Tahirou Diabate Offensive Rebound.,14,21,-7,5,0.4342386530682608,0.3028722210994557,Portland,Santa Clara,4,4,3.9,400986988,2018-02-15
28,1,9:20,1760,1760,D'Marques Tyson made Free Throw.,15,21,-6,0,0.4631393212378654,0.3282283715939102,Portland,Santa Clara,4,4,3.9,400986988,2018-02-15
29,1,9:20,1760,1760,D'Marques Tyson made Free Throw.,16,21,-5,11,0.49291483393864605,0.3550668272104158,Portland,Santa Clara,4,4,3.9,400986988,2018-02-15
30,1,9:09,1749,1749,Franklin Porter Defensive Rebound.,16,21,-5,33,0.4918351011797514,0.35437215141264333,Portland,Santa Clara,4,4,3.9,400986988,2018-02-15
31,1,8:36,1716,1716,Portland Deadball Team Rebound.,18,21,-3,14,0.5492947098749911,0.40963045549722654,Portland,Santa Clara,4,4,3.9,400986988,2018-02-15
32,1,8:22,1702,1702,Emmanuel Ndumanya Defensive Rebound.,18,21,-3,30,0.5482825686400059,0.4090463926027787,Portland,Santa Clara,4,4,3.9,400986988,2018-02-15
33,1,7:52,1672,1672,Emmanuel Ndumanya Defensive Rebound.,18,23,-5,28,0.4840344452791843,0.34935206346390585,Portland,Santa Clara,4,4,3.9,400986988,2018-02-15
34,1,7:24,1644,1644,Portland Defensive Rebound.,18,23,-5,12,0.4811869937024415,0.34756531916638184,Portland,Santa Clara,4,4,3.9,400986988,2018-02-15
35,1,7:12,1632,1632,Emmanuel Ndumanya Defensive Rebound.,18,23,-5,7,0.4799728321180456,0.3468147372093064,Portland,Santa Clara,4,4,3.9,400986988,2018-02-15
36,1,7:05,1625,1625,Tahirou Diabate Defensive Rebound.,18,23,-5,25,0.47926513667608045,0.34637978577332756,Portland,Santa Clara,4,4,3.9,400986988,2018-02-15
37,1,6:40,1600,1600,Kai Healy Defensive Rebound.,18,23,-5,19,0.47673461122224414,0.3448364041219098,Portland,Santa Clara,4,4,3.9,400986988,2018-02-15
38,1,6:21,1581,1581,Tahirou Diabate Block.,18,23,-5,1,0.4748004383293877,0.3436650388654807,Portland,Santa Clara,4,4,3.9,400986988,2018-02-15
39,1,6:20,1580,1580,Tahirou Diabate Defensive Rebound.,18,23,-5,32,0.4746982128739885,0.3436032402030088,Portland,Santa Clara,4,4,3.9,400986988,2018-02-15
40,1,5:48,1548,1548,Kai Healy Offensive Rebound.,21,23,-2,20,0.5693349923127345,0.43475978043483027,Portland,Santa Clara,4,4,3.9,400986988,2018-02-15
41,1,5:28,1528,1528,Tahirou Diabate Defensive Rebound.,21,23,-2,13,0.5680975285411073,0.43420082257963133,Portland,Santa Clara,4,4,3.9,400986988,2018-02-15
42,1,5:15,1515,1515,Henry Caruso Defensive Rebound.,21,23,-2,146,0.5672827224098862,0.4338291323327681,Portland,Santa Clara,4,4,3.9,400986988,2018-02-15
43,1,2:49,1369,1369,Josh McSwiggan Defensive Rebound.,28,28,0,24,0.626321281081438,0.5,Portland,Santa Clara,4,4,3.9,400986988,2018-02-15
44,1,2:25,1345,1345,Emmanuel Ndumanya missed Free Throw.,28,28,0,0,0.6254949198995684,0.5,Portland,Santa Clara,4,4,3.9,400986988,2018-02-15
45,1,2:25,1345,1345,Santa Clara Deadball Team Rebound.,28,28,0,0,0.6254949198995684,0.5,Portland,Santa Clara,4,4,3.9,400986988,2018-02-15
46,1,2:25,1345,1345,Emmanuel Ndumanya made Free Throw.,28,29,-1,20,0.5912526435726032,0.46411388959020294,Portland,Santa Clara,4,4,3.9,400986988,2018-02-15
47,1,2:05,1325,1325,Henry Caruso Defensive Rebound.,28,29,-1,50,0.5902340485259465,0.46380378206572137,Portland,Santa Clara,4,4,3.9,400986988,2018-02-15
48,1,1:15,1275,1275,Marcus Shaver Jr. Steal.,30,31,-1,52,0.5876243390409767,0.462981691763151,Portland,Santa Clara,4,4,3.9,400986988,2018-02-15
49,1,0:23,1223,1223,Santa Clara Deadball Team Rebound.,32,33,-1,3,0.5847826990503662,0.46200305994646046,Portland,Santa Clara,4,4,3.9,400986988,2018-02-15
50,1,0:20,1220,1220,Emmanuel Ndumanya missed Free Throw.,32,33,-1,0,0.5846139370932817,0.4619413436752057,Portland,Santa Clara,4,4,3.9,400986988,2018-02-15
51,1,0:20,1220,1220,Josh McSwiggan Defensive Rebound.,32,33,-1,17,0.5846139370932817,0.4619413436752057,Portland,Santa Clara,4,4,3.9,400986988,2018-02-15
52,1,0:03,1203,1203,Malcolm Porter made Free Throw.,35,33,2,3,0.6899107055858666,0.5763852586073499,Portland,Santa Clara,4,4,3.9,400986988,2018-02-15
53,1,0:00,1200,1200,End of 1st half,35,33,2,0,0.6899246282858256,0.5765093285143758,Portland,Santa Clara,4,4,3.9,400986988,2018-02-15
54,2,20:00,1200,1200,PLAY,35,33,2,50,0.6899246282858256,0.5765093285143758,Portland,Santa Clara,4,4,3.9,400986988,2018-02-15
55,2,19:10,1150,1150,Tahirou Diabate Defensive Rebound.,37,36,1,32,0.6552737201433233,0.5394922781991501,Portland,Santa Clara,4,4,3.9,400986988,2018-02-15
56,2,18:38,1118,1118,Tahirou Diabate Offensive Rebound.,37,36,1,58,0.6548012042488476,0.5401236000051486,Portland,Santa Clara,4,4,3.9,400986988,2018-02-15
57,2,17:40,1060,1060,Philipp Hartwich Block.,39,39,0,2,0.6156039910427743,0.5,Portland,Santa Clara,4,4,3.9,400986988,2018-02-15
58,2,17:38,1058,1058,KJ Feagin Offensive Rebound.,39,39,0,36,0.615534423818739,0.5,Portland,Santa Clara,4,4,3.9,400986988,2018-02-15
59,2,17:02,1022,1022,Santa Clara Deadball Team Rebound.,39,42,-3,15,0.4894486778932022,0.3757796576823772,Portland,Santa Clara,4,4,3.9,400986988,2018-02-15
60,2,16:47,1007,1007,Emmanuel Ndumanya Offensive Rebound.,39,42,-3,12,0.48775444776627414,0.37472145590562583,Portland,Santa Clara,4,4,3.9,400986988,2018-02-15
61,2,16:35,995,995,Philipp Hartwich Offensive Rebound.,39,44,-5,8,0.40167875149275417,0.2974094950183201,Portland,Santa Clara,4,4,3.9,400986988,2018-02-15
62,2,16:27,987,987,Philipp Hartwich missed Free Throw.,39,44,-5,0,0.4003353101262368,0.29649921849474264,Portland,Santa Clara,4,4,3.9,400986988,2018-02-15
63,2,16:27,987,987,Portland Deadball Team Rebound.,39,44,-5,0,0.4003353101262368,0.29649921849474264,Portland,Santa Clara,4,4,3.9,400986988,2018-02-15
64,2,16:27,987,987,Philipp Hartwich missed Free Throw.,39,44,-5,0,0.4003353101262368,0.29649921849474264,Portland,Santa Clara,4,4,3.9,400986988,2018-02-15
65,2,16:27,987,987,Emmanuel Ndumanya Defensive Rebound.,39,44,-5,61,0.4003353101262368,0.29649921849474264,Portland,Santa Clara,4,4,3.9,400986988,2018-02-15
66,2,15:26,926,926,Josh McSwiggan Defensive Rebound.,41,46,-5,38,0.3903071379731092,0.2896940747285462,Portland,Santa Clara,4,4,3.9,400986988,2018-02-15
67,2,14:48,888,888,Marcus Shaver Jr. made Free Throw.,44,49,-5,21,0.38504169445378966,0.28618490328955754,Portland,Santa Clara,4,4,3.9,400986988,2018-02-15
68,2,14:27,867,867,Marcus Shaver Jr. Defensive Rebound.,44,49,-5,86,0.38223013864201777,0.28431430315046496,Portland,Santa Clara,4,4,3.9,400986988,2018-02-15
69,2,13:01,781,781,Emmanuel Ndumanya Defensive Rebound.,49,51,-2,52,0.5110758604855015,0.404433816591141,Portland,Santa Clara,4,4,3.9,400986988,2018-02-15
70,2,12:09,729,729,KJ Feagin Steal.,49,53,-4,53,0.40535863922832543,0.3087667458243538,Portland,Santa Clara,4,4,3.9,400986988,2018-02-15
71,2,11:16,676,676,JoJo Walker Defensive Rebound.,51,55,-4,55,0.39543899939815913,0.3019500146565086,Portland,Santa Clara,4,4,3.9,400986988,2018-02-15
72,2,10:21,621,621,Josip Vrankic Offensive Rebound.,53,55,-2,3,0.4924455105250677,0.3931017836002959,Portland,Santa Clara,4,4,3.9,400986988,2018-02-15
73,2,10:18,618,618,D'Marques Tyson Steal.,53,55,-2,66,0.4920765025740089,0.3928789105097885,Portland,Santa Clara,4,4,3.9,400986988,2018-02-15
74,2,9:12,552,552,Emmanuel Ndumanya Defensive Rebound.,55,57,-2,27,0.4818811302092373,0.3863759892971659,Portland,Santa Clara,4,4,3.9,400986988,2018-02-15
75,2,8:45,525,525,Josip Vrankic made Free Throw.,55,60,-5,20,0.3088466146838679,0.23335453876959683,Portland,Santa Clara,4,4,3.9,400986988,2018-02-15
76,2,8:25,505,505,Emmanuel Ndumanya Defensive Rebound.,55,60,-5,66,0.3035875405258243,0.22972229508241687,Portland,Santa Clara,4,4,3.9,400986988,2018-02-15
77,2,7:19,439,439,Josip Vrankic Defensive Rebound.,57,60,-3,46,0.3982592171484565,0.31505474924134574,Portland,Santa Clara,4,4,3.9,400986988,2018-02-15
78,2,6:33,393,393,Henry Caruso Defensive Rebound.,57,62,-5,56,0.26256351032229835,0.2006283057430684,Portland,Santa Clara,4,4,3.9,400986988,2018-02-15
79,2,5:37,337,337,JoJo Walker made Free Throw.,58,64,-6,0,0.1865129194815902,0.14157637353143676,Portland,Santa Clara,4,4,3.9,400986988,2018-02-15
80,2,5:37,337,337,JoJo Walker made Free Throw.,59,64,-5,57,0.23641185487300068,0.1821449978010667,Portland,Santa Clara,4,4,3.9,400986988,2018-02-15
81,2,4:40,280,280,Santa Clara Offensive Rebound.,62,66,-4,25,0.27083966276186633,0.2147309621306051,Portland,Santa Clara,4,4,3.9,400986988,2018-02-15
82,2,4:15,255,255,Portland Defensive Rebound.,62,66,-4,20,0.2741739861525255,0.21934523846357562,Portland,Santa Clara,4,4,3.9,400986988,2018-02-15
83,2,3:55,235,235,Marcus Shaver Jr. made Free Throw.,63,66,-3,0,0.3417737290585528,0.2803650274224105,Portland,Santa Clara,4,4,3.9,400986988,2018-02-15
84,2,3:55,235,235,Marcus Shaver Jr. missed Free Throw.,63,66,-3,0,0.3417737290585528,0.2803650274224105,Portland,Santa Clara,4,4,3.9,400986988,2018-02-15
85,2,3:55,235,235,Emmanuel Ndumanya Defensive Rebound.,63,66,-3,36,0.3417737290585528,0.2803650274224105,Portland,Santa Clara,4,4,3.9,400986988,2018-02-15
86,2,3:19,199,199,Tahirou Diabate Block.,63,68,-5,1,0.19414324780351294,0.15536393524839087,Portland,Santa Clara,4,4,3.9,400986988,2018-02-15
87,2,3:18,198,198,D'Marques Tyson Defensive Rebound.,63,68,-5,1,0.19284911324448478,0.1543477025871978,Portland,Santa Clara,4,4,3.9,400986988,2018-02-15
88,2,3:17,197,197,D'Marques Tyson made Free Throw.,64,68,-4,0,0.2500396661314746,0.20307779258419437,Portland,Santa Clara,4,4,3.9,400986988,2018-02-15
89,2,3:17,197,197,D'Marques Tyson made Free Throw.,65,68,-3,21,0.3193829934194444,0.26398155229395637,Portland,Santa Clara,4,4,3.9,400986988,2018-02-15
90,2,2:56,176,176,Marcus Shaver Jr. made Free Throw.,68,70,-2,9,0.3748662088999224,0.31679506124914564,Portland,Santa Clara,4,4,3.9,400986988,2018-02-15
91,2,2:47,167,167,Emmanuel Ndumanya made Free Throw.,68,71,-3,0,0.27691858680837383,0.22938298262528942,Portland,Santa Clara,4,4,3.9,400986988,2018-02-15
92,2,2:47,167,167,Emmanuel Ndumanya made Free Throw.,68,72,-4,11,0.2036345699478248,0.16579441397971237,Portland,Santa Clara,4,4,3.9,400986988,2018-02-15
93,2,2:36,156,156,Marcus Shaver Jr. made Free Throw.,69,72,-3,0,0.2606714865336247,0.21618075910799545,Portland,Santa Clara,4,4,3.9,400986988,2018-02-15
94,2,2:36,156,156,Marcus Shaver Jr. made Free Throw.,70,72,-2,25,0.35134623824422045,0.29760913917028786,Portland,Santa Clara,4,4,3.9,400986988,2018-02-15
95,2,2:11,131,131,Tahirou Diabate Defensive Rebound.,70,72,-2,17,0.3182081590082551,0.27043995887278305,Portland,Santa Clara,4,4,3.9,400986988,2018-02-15
96,2,1:54,114,114,Emmanuel Ndumanya Block.,70,72,-2,0,0.292238369472137,0.24899158577227454,Portland,Santa Clara,4,4,3.9,400986988,2018-02-15
97,2,1:54,114,114,Emmanuel Ndumanya Defensive Rebound.,70,72,-2,62,0.292238369472137,0.24899158577227454,Portland,Santa Clara,4,4,3.9,400986988,2018-02-15
98,2,0:52,52,52,D'Marques Tyson Defensive Rebound.,70,74,-4,17,0.03969002342268176,0.03351799837333945,Portland,Santa Clara,4,4,3.9,400986988,2018-02-15
99,2,0:35,35,35,Jarvis Pugh Defensive Rebound.,70,74,-4,5,0.026629914415358218,0.02273309801906819,Portland,Santa Clara,4,4,3.9,400986988,2018-02-15
100,2,0:30,30,30,KJ Feagin made Free Throw.,70,75,-5,0,0.009025998561198546,0.007715303838717683,Portland,Santa Clara,4,4,3.9,400986988,2018-02-15
101,2,0:30,30,30,KJ Feagin made Free Throw.,70,76,-6,6,0.0034362238224333592,0.0029348346104883754,Portland,Santa Clara,4,4,3.9,400986988,2018-02-15
102,2,0:24,24,24,Marcus Shaver Jr. made Free Throw.,71,76,-5,0,0.0074336530807662645,0.006383267278336883,Portland,Santa Clara,4,4,3.9,400986988,2018-02-15
103,2,0:24,24,24,Marcus Shaver Jr. made Free Throw.,72,76,-4,1,0.02013920387476317,0.017324842039353278,Portland,Santa Clara,4,4,3.9,400986988,2018-02-15
104,2,0:23,23,23,Henry Caruso made Free Throw.,72,77,-5,0,0.007194079456391383,0.00618230894378108,Portland,Santa Clara,4,4,3.9,400986988,2018-02-15
105,2,0:23,23,23,Henry Caruso made Free Throw.,72,78,-6,4,0.0026166268404873867,0.002247169053023267,Portland,Santa Clara,4,4,3.9,400986988,2018-02-15
106,2,0:19,19,19,Kai Healy Defensive Rebound.,72,78,-6,4,0.002229258827433674,0.001920634346292939,Portland,Santa Clara,4,4,3.9,400986988,2018-02-15
107,2,0:15,15,15,Kai Healy made Free Throw.,72,79,-7,0,6.495908556676237e-4,5.61385805020292e-4,Portland,Santa Clara,4,4,3.9,400986988,2018-02-15
108,2,0:15,15,15,Kai Healy made Free Throw.,72,80,-8,5,2.23084207854277e-4,1.9278142443324305e-4,Portland,Santa Clara,4,4,3.9,400986988,2018-02-15
109,2,0:10,10,10,Jarvis Pugh Defensive Rebound.,72,80,-8,2,1.6823375064871354e-4,1.459885066778675e-4,Portland,Santa Clara,4,4,3.9,400986988,2018-02-15
110,2,0:08,8,8,Jarvis Pugh missed Free Throw.,72,80,-8,0,1.4995377467072655e-4,1.303445370847211e-4,Portland,Santa Clara,4,4,3.9,400986988,2018-02-15
111,2,0:08,8,8,Santa Clara Deadball Team Rebound.,72,80,-8,0,1.4995377467072655e-4,1.303445370847211e-4,Portland,Santa Clara,4,4,3.9,400986988,2018-02-15
112,2,0:08,8,8,Jarvis Pugh made Free Throw.,72,81,-9,5,4.902243974397443e-5,4.261128391662958e-5,Portland,Santa Clara,4,4,3.9,400986988,2018-02-15
113,2,0:03,3,3,Jarvis Pugh Defensive Rebound.,72,81,-9,3,3.530996228419606e-5,3.0822441514341e-5,Portland,Santa Clara,4,4,3.9,400986988,2018-02-15
114,2,0:00,0,0,End of Game,72,81,-9,0,7.678638121153141e-79,6.714184288211594e-79,Portland,Santa Clara,4,4,3.9,400986988,2018-02-15
