play_id,half,time_remaining_half,secs_remaining,secs_remaining_absolute,description,home_score,away_score,score_diff,play_length,win_prob,naive_win_prob,home,away,home_time_out_remaining,away_time_out_remaining,home_favored_by,game_id,date
1,1,20:00,2400,2400,PLAY,0,0,0,45,0.5,0.5,Tennessee State,Morehead State,4,4,NA,400991033,2018-02-15
2,1,19:15,2355,2355,Darreon Reddick made Free Throw.,1,3,-2,0,0.45501724388899867,0.45501724388899867,Tennessee State,Morehead State,4,4,NA,400991033,2018-02-15
3,1,19:15,2355,2355,Darreon Reddick made Free Throw.,2,3,-1,15,0.4774629266909198,0.4774629266909198,Tennessee State,Morehead State,4,4,NA,400991033,2018-02-15
4,1,19:00,2340,2340,Armani Chaney Defensive Rebound.,2,3,-1,48,0.477299439779222,0.477299439779222,Tennessee State,Morehead State,4,4,NA,400991033,2018-02-15
5,1,18:12,2292,2292,Djimon Henson Defensive Rebound.,2,3,-1,53,0.47676723271618027,0.47676723271618027,Tennessee State,Morehead State,4,4,NA,400991033,2018-02-15
6,1,17:19,2239,2239,Malek Green Defensive Rebound.,2,3,-1,45,0.4761662960837432,0.4761662960837432,Tennessee State,Morehead State,4,4,NA,400991033,2018-02-15
7,1,16:34,2194,2194,Djimon Henson Defensive Rebound.,2,6,-4,12,0.4037314022521331,0.4037314022521331,Tennessee State,Morehead State,4,4,NA,400991033,2018-02-15
8,1,16:22,2182,2182,Delano Spencer Defensive Rebound.,2,6,-4,35,0.40319424261009873,0.40319424261009873,Tennessee State,Morehead State,4,4,NA,400991033,2018-02-15
9,1,15:47,2147,2147,Christian Mekowulu Defensive Rebound.,2,6,-4,12,0.40162042230284645,0.40162042230284645,Tennessee State,Morehead State,4,4,NA,400991033,2018-02-15
10,1,15:35,2135,2135,Christian Mekowulu Offensive Rebound.,2,6,-4,5,0.4010771103740205,0.4010771103740205,Tennessee State,Morehead State,4,4,NA,400991033,2018-02-15
11,1,15:30,2130,2130,Londell King Defensive Rebound.,2,6,-4,27,0.4008500985629366,0.4008500985629366,Tennessee State,Morehead State,4,4,NA,400991033,2018-02-15
12,1,15:03,2103,2103,Christian Mekowulu Defensive Rebound.,2,6,-4,37,0.39961741175155746,0.39961741175155746,Tennessee State,Morehead State,4,4,NA,400991033,2018-02-15
13,1,14:26,2066,2066,Armani Chaney Steal.,4,6,-2,104,0.4484104463506168,0.4484104463506168,Tennessee State,Morehead State,4,4,NA,400991033,2018-02-15
14,1,12:42,1962,1962,Londell King Block.,10,8,2,1,0.5541527460929635,0.5541527460929635,Tennessee State,Morehead State,4,4,NA,400991033,2018-02-15
15,1,12:41,1961,1961,Kamar McKnight Offensive Rebound.,10,8,2,48,0.5541780762087635,0.5541780762087635,Tennessee State,Morehead State,4,4,NA,400991033,2018-02-15
16,1,11:53,1913,1913,Ken'Darrius Hamilton Defensive Rebound.,13,8,5,22,0.6356118535653895,0.6356118535653895,Tennessee State,Morehead State,4,4,NA,400991033,2018-02-15
17,1,11:31,1891,1891,Djimon Henson Defensive Rebound.,13,8,5,19,0.6369369874123675,0.6369369874123675,Tennessee State,Morehead State,4,4,NA,400991033,2018-02-15
18,1,11:12,1872,1872,Ken'Darrius Hamilton Defensive Rebound.,13,8,5,12,0.6380803643782997,0.6380803643782997,Tennessee State,Morehead State,4,4,NA,400991033,2018-02-15
19,1,11:00,1860,1860,A.J. Hicks Defensive Rebound.,13,8,5,7,0.6388031677470286,0.6388031677470286,Tennessee State,Morehead State,4,4,NA,400991033,2018-02-15
20,1,10:53,1853,1853,A.J. Hicks made Free Throw.,13,11,2,29,0.556952112125646,0.556952112125646,Tennessee State,Morehead State,4,4,NA,400991033,2018-02-15
21,1,10:24,1824,1824,Christian Mekowulu Offensive Rebound.,13,11,2,25,0.5577044293590058,0.5577044293590058,Tennessee State,Morehead State,4,4,NA,400991033,2018-02-15
22,1,9:59,1799,1799,Tripp Davis Steal.,15,11,4,21,0.6151514944500204,0.6151514944500204,Tennessee State,Morehead State,4,4,NA,400991033,2018-02-15
23,1,9:38,1778,1778,Ken'Darrius Hamilton Defensive Rebound.,15,11,4,12,0.6162220323459302,0.6162220323459302,Tennessee State,Morehead State,4,4,NA,400991033,2018-02-15
24,1,9:26,1766,1766,Christian Mekowulu Offensive Rebound.,15,11,4,27,0.6168399947991066,0.6168399947991066,Tennessee State,Morehead State,4,4,NA,400991033,2018-02-15
25,1,8:59,1739,1739,Christian Mekowulu Offensive Rebound.,15,14,1,4,0.5300965073868849,0.5300965073868849,Tennessee State,Morehead State,4,4,NA,400991033,2018-02-15
26,1,8:55,1735,1735,Jordan Walker Steal.,15,14,1,89,0.53015230483358,0.53015230483358,Tennessee State,Morehead State,4,4,NA,400991033,2018-02-15
27,1,7:26,1646,1646,Armani Chaney Defensive Rebound.,20,16,4,25,0.6232492890422727,0.6232492890422727,Tennessee State,Morehead State,4,4,NA,400991033,2018-02-15
28,1,7:01,1621,1621,Delano Spencer made Free Throw.,24,16,8,111,0.7345314756838383,0.7345314756838383,Tennessee State,Morehead State,4,4,NA,400991033,2018-02-15
29,1,5:10,1510,1510,Djimon Henson Defensive Rebound.,27,21,6,101,0.6900828892423819,0.6900828892423819,Tennessee State,Morehead State,4,4,NA,400991033,2018-02-15
30,1,3:29,1409,1409,Malek Green Defensive Rebound.,29,26,3,23,0.6033793886608262,0.6033793886608262,Tennessee State,Morehead State,4,4,NA,400991033,2018-02-15
31,1,3:06,1386,1386,Ken'Darrius Hamilton Defensive Rebound.,29,26,3,57,0.6044013264525316,0.6044013264525316,Tennessee State,Morehead State,4,4,NA,400991033,2018-02-15
32,1,2:09,1329,1329,Ken'Darrius Hamilton Block.,31,26,5,1,0.6734728230279747,0.6734728230279747,Tennessee State,Morehead State,4,4,NA,400991033,2018-02-15
33,1,2:08,1328,1328,Morehead State Offensive Rebound.,31,26,5,9,0.6735418698851705,0.6735418698851705,Tennessee State,Morehead State,4,4,NA,400991033,2018-02-15
34,1,1:59,1319,1319,A.J. Hicks missed Free Throw.,31,28,3,1,0.6073666667246236,0.6073666667246236,Tennessee State,Morehead State,4,4,NA,400991033,2018-02-15
35,1,1:58,1318,1318,Christian Mekowulu Defensive Rebound.,31,28,3,9,0.6074122460526932,0.6074122460526932,Tennessee State,Morehead State,4,4,NA,400991033,2018-02-15
36,1,1:49,1309,1309,Christian Mekowulu made Free Throw.,32,28,4,0,0.6420431536640385,0.6420431536640385,Tennessee State,Morehead State,4,4,NA,400991033,2018-02-15
37,1,1:49,1309,1309,Christian Mekowulu made Free Throw.,33,28,5,34,0.6748719470514352,0.6748719470514352,Tennessee State,Morehead State,4,4,NA,400991033,2018-02-15
38,1,1:15,1275,1275,Tripp Davis Steal.,33,28,5,0,0.6773725978603699,0.6773725978603699,Tennessee State,Morehead State,4,4,NA,400991033,2018-02-15
39,1,1:15,1275,1275,Tripp Davis made Free Throw.,34,28,6,0,0.7089042177293053,0.7089042177293053,Tennessee State,Morehead State,4,4,NA,400991033,2018-02-15
40,1,1:15,1275,1275,Tripp Davis made Free Throw.,35,28,7,19,0.7385436266471344,0.7385436266471344,Tennessee State,Morehead State,4,4,NA,400991033,2018-02-15
41,1,0:56,1256,1256,Stokley Chaffee Jr. Defensive Rebound.,35,28,7,20,0.7403848646797173,0.7403848646797173,Tennessee State,Morehead State,4,4,NA,400991033,2018-02-15
42,1,0:36,1236,1236,A.J. Hicks Steal.,35,28,7,4,0.7424311861494856,0.7424311861494856,Tennessee State,Morehead State,4,4,NA,400991033,2018-02-15
43,1,0:32,1232,1232,Londell King Offensive Rebound.,35,28,7,4,0.7428554133256546,0.7428554133256546,Tennessee State,Morehead State,4,4,NA,400991033,2018-02-15
44,1,0:28,1228,1228,Londell King made Free Throw.,35,29,6,0,0.7132537664171529,0.7132537664171529,Tennessee State,Morehead State,4,4,NA,400991033,2018-02-15
45,1,0:28,1228,1228,Londell King made Free Throw.,35,30,5,24,0.6812161510740998,0.6812161510740998,Tennessee State,Morehead State,4,4,NA,400991033,2018-02-15
46,1,0:04,1204,1204,Morehead State Defensive Rebound.,35,30,5,4,0.6834028749657598,0.6834028749657598,Tennessee State,Morehead State,4,4,NA,400991033,2018-02-15
47,1,0:00,1200,1200,End of 1st half,35,30,5,0,0.6837696278036713,0.6837696278036713,Tennessee State,Morehead State,4,4,NA,400991033,2018-02-15
48,2,20:00,1200,1200,PLAY,35,30,5,49,0.6837696278036713,0.6837696278036713,Tennessee State,Morehead State,4,4,NA,400991033,2018-02-15
49,2,19:11,1151,1151,Tennessee State Defensive Rebound.,38,30,8,31,0.7800152112834301,0.7800152112834301,Tennessee State,Morehead State,4,4,NA,400991033,2018-02-15
50,2,18:40,1120,1120,Djimon Henson Defensive Rebound.,38,30,8,60,0.7833752505546927,0.7833752505546927,Tennessee State,Morehead State,4,4,NA,400991033,2018-02-15
51,2,17:40,1060,1060,Christian Mekowulu Block.,38,33,5,2,0.6959896366097365,0.6959896366097365,Tennessee State,Morehead State,4,4,NA,400991033,2018-02-15
52,2,17:38,1058,1058,Armani Chaney Defensive Rebound.,38,33,5,36,0.6961756132160999,0.6961756132160999,Tennessee State,Morehead State,4,4,NA,400991033,2018-02-15
53,2,17:02,1022,1022,Delano Spencer Steal.,40,33,7,59,0.765696348496472,0.765696348496472,Tennessee State,Morehead State,4,4,NA,400991033,2018-02-15
54,2,16:03,963,963,Ken'Darrius Hamilton Offensive Rebound.,43,35,8,29,0.80289035046958,0.80289035046958,Tennessee State,Morehead State,4,4,NA,400991033,2018-02-15
55,2,15:34,934,934,Malek Green missed Free Throw.,45,35,10,0,0.8564405182943423,0.8564405182943423,Tennessee State,Morehead State,4,4,NA,400991033,2018-02-15
56,2,15:34,934,934,Morehead State Deadball Team Rebound.,45,35,10,0,0.8564405182943423,0.8564405182943423,Tennessee State,Morehead State,4,4,NA,400991033,2018-02-15
57,2,15:34,934,934,Malek Green made Free Throw.,45,36,9,20,0.83305453009898,0.83305453009898,Tennessee State,Morehead State,4,4,NA,400991033,2018-02-15
58,2,15:14,914,914,Stokley Chaffee Jr. Offensive Rebound.,45,36,9,40,0.8354011435584363,0.8354011435584363,Tennessee State,Morehead State,4,4,NA,400991033,2018-02-15
59,2,14:34,874,874,Kamar McKnight Defensive Rebound.,45,36,9,18,0.8397223130982441,0.8397223130982441,Tennessee State,Morehead State,4,4,NA,400991033,2018-02-15
60,2,14:16,856,856,Christian Mekowulu Offensive Rebound.,47,36,11,50,0.8851075163354678,0.8851075163354678,Tennessee State,Morehead State,4,4,NA,400991033,2018-02-15
61,2,13:26,806,806,Darreon Reddick Steal.,50,36,14,2,0.9350825927824645,0.9350825927824645,Tennessee State,Morehead State,4,4,NA,400991033,2018-02-15
62,2,13:24,804,804,Delano Spencer made Free Throw.,51,36,15,0,0.9459044656981758,0.9459044656981758,Tennessee State,Morehead State,4,4,NA,400991033,2018-02-15
63,2,13:24,804,804,Delano Spencer made Free Throw.,52,36,16,24,0.9548752259219764,0.9548752259219764,Tennessee State,Morehead State,4,4,NA,400991033,2018-02-15
64,2,13:00,780,780,Delano Spencer Defensive Rebound.,52,36,16,32,0.9568207197903267,0.9568207197903267,Tennessee State,Morehead State,4,4,NA,400991033,2018-02-15
65,2,12:28,748,748,Stokley Chaffee Jr. Defensive Rebound.,54,36,18,50,0.9725697005141549,0.9725697005141549,Tennessee State,Morehead State,4,4,NA,400991033,2018-02-15
66,2,11:38,698,698,Alonzo Chatman made Free Throw.,54,37,17,0,0.9709588633858619,0.9709588633858619,Tennessee State,Morehead State,4,4,NA,400991033,2018-02-15
67,2,11:38,698,698,Alonzo Chatman made Free Throw.,54,38,16,19,0.9645358759860699,0.9645358759860699,Tennessee State,Morehead State,4,4,NA,400991033,2018-02-15
68,2,11:19,679,679,Christian Mekowulu Offensive Rebound.,54,38,16,11,0.9659615731085163,0.9659615731085163,Tennessee State,Morehead State,4,4,NA,400991033,2018-02-15
69,2,11:08,668,668,Delano Spencer Offensive Rebound.,54,38,16,69,0.9667297245392996,0.9667297245392996,Tennessee State,Morehead State,4,4,NA,400991033,2018-02-15
70,2,9:59,599,599,A.J. Hicks Defensive Rebound.,56,41,15,40,0.964844021897445,0.964844021897445,Tennessee State,Morehead State,4,4,NA,400991033,2018-02-15
71,2,9:19,559,559,Stokley Chaffee Jr. Offensive Rebound.,56,44,12,1,0.940094040651388,0.940094040651388,Tennessee State,Morehead State,4,4,NA,400991033,2018-02-15
72,2,9:18,558,558,Stokley Chaffee Jr. made Free Throw.,57,44,13,0,0.9519368991386199,0.9519368991386199,Tennessee State,Morehead State,4,4,NA,400991033,2018-02-15
73,2,9:18,558,558,Stokley Chaffee Jr. missed Free Throw.,57,44,13,0,0.9519368991386199,0.9519368991386199,Tennessee State,Morehead State,4,4,NA,400991033,2018-02-15
74,2,9:18,558,558,Londell King Defensive Rebound.,57,44,13,46,0.9519368991386199,0.9519368991386199,Tennessee State,Morehead State,4,4,NA,400991033,2018-02-15
75,2,8:32,512,512,Christian Mekowulu Defensive Rebound.,57,47,10,24,0.9172676908084191,0.9172676908084191,Tennessee State,Morehead State,4,4,NA,400991033,2018-02-15
76,2,8:08,488,488,A.J. Hicks made Free Throw.,60,48,12,0,0.9500300655543908,0.9500300655543908,Tennessee State,Morehead State,4,4,NA,400991033,2018-02-15
77,2,8:08,488,488,A.J. Hicks made Free Throw.,60,49,11,15,0.9370059551490366,0.9370059551490366,Tennessee State,Morehead State,4,4,NA,400991033,2018-02-15
78,2,7:53,473,473,James Baker Defensive Rebound.,60,49,11,14,0.9391455608362489,0.9391455608362489,Tennessee State,Morehead State,4,4,NA,400991033,2018-02-15
79,2,7:39,459,459,Delano Spencer Defensive Rebound.,60,49,11,28,0.941387584663774,0.941387584663774,Tennessee State,Morehead State,4,4,NA,400991033,2018-02-15
80,2,7:11,431,431,Kamar McKnight made Free Throw.,61,49,12,0,0.9586685498601752,0.9586685498601752,Tennessee State,Morehead State,4,4,NA,400991033,2018-02-15
81,2,7:11,431,431,Kamar McKnight made Free Throw.,62,49,13,41,0.9678888878757764,0.9678888878757764,Tennessee State,Morehead State,4,4,NA,400991033,2018-02-15
82,2,6:30,390,390,James Baker made Free Throw.,65,53,12,0,0.9654710597335623,0.9654710597335623,Tennessee State,Morehead State,4,4,NA,400991033,2018-02-15
83,2,6:30,390,390,James Baker missed Free Throw.,65,53,12,0,0.9654710597335623,0.9654710597335623,Tennessee State,Morehead State,4,4,NA,400991033,2018-02-15
84,2,6:30,390,390,Kamar McKnight Defensive Rebound.,65,53,12,27,0.9654710597335623,0.9654710597335623,Tennessee State,Morehead State,4,4,NA,400991033,2018-02-15
85,2,6:03,363,363,Malek Green Defensive Rebound.,65,53,12,18,0.9694129307425476,0.9694129307425476,Tennessee State,Morehead State,4,4,NA,400991033,2018-02-15
86,2,5:45,345,345,Delano Spencer missed Free Throw.,65,56,9,0,0.934989474720944,0.934989474720944,Tennessee State,Morehead State,4,4,NA,400991033,2018-02-15
87,2,5:45,345,345,Londell King Defensive Rebound.,65,56,9,9,0.934989474720944,0.934989474720944,Tennessee State,Morehead State,4,4,NA,400991033,2018-02-15
88,2,5:36,336,336,Londell King Offensive Rebound.,65,56,9,5,0.9375144411909972,0.9375144411909972,Tennessee State,Morehead State,4,4,NA,400991033,2018-02-15
89,2,5:31,331,331,A.J. Hicks Offensive Rebound.,65,56,9,28,0.9389853171303097,0.9389853171303097,Tennessee State,Morehead State,4,4,NA,400991033,2018-02-15
90,2,5:03,303,303,Darreon Reddick made Free Throw.,66,59,7,0,0.9048206208436387,0.9048206208436387,Tennessee State,Morehead State,4,4,NA,400991033,2018-02-15
91,2,5:03,303,303,Darreon Reddick made Free Throw.,67,59,8,52,0.9291485954753523,0.9291485954753523,Tennessee State,Morehead State,4,4,NA,400991033,2018-02-15
92,2,4:11,251,251,Djimon Henson Offensive Rebound.,70,62,8,5,0.9262428206727529,0.9262428206727529,Tennessee State,Morehead State,4,4,NA,400991033,2018-02-15
93,2,4:06,246,246,Ken'Darrius Hamilton Defensive Rebound.,70,62,8,33,0.925634870614565,0.925634870614565,Tennessee State,Morehead State,4,4,NA,400991033,2018-02-15
94,2,3:33,213,213,Ken'Darrius Hamilton made Free Throw.,73,62,11,16,0.9720268857182582,0.9720268857182582,Tennessee State,Morehead State,4,4,NA,400991033,2018-02-15
95,2,3:17,197,197,Ken'Darrius Hamilton Steal.,73,62,11,22,0.9772396483851689,0.9772396483851689,Tennessee State,Morehead State,4,4,NA,400991033,2018-02-15
96,2,2:55,175,175,Londell King Offensive Rebound.,75,62,13,37,0.9934610547925944,0.9934610547925944,Tennessee State,Morehead State,4,4,NA,400991033,2018-02-15
97,2,2:18,138,138,Stokley Chaffee Jr. Defensive Rebound.,75,65,10,30,0.991499223467717,0.991499223467717,Tennessee State,Morehead State,4,4,NA,400991033,2018-02-15
98,2,1:48,108,108,Jordan Walker Defensive Rebound.,75,65,10,54,0.9968034384506144,0.9968034384506144,Tennessee State,Morehead State,4,4,NA,400991033,2018-02-15
99,2,0:54,54,54,Christian Mekowulu Defensive Rebound.,77,68,9,13,0.9994268061781281,0.9994268061781281,Tennessee State,Morehead State,4,4,NA,400991033,2018-02-15
100,2,0:41,41,41,Armani Chaney made Free Throw.,78,68,10,0,0.9998812719967239,0.9998812719967239,Tennessee State,Morehead State,4,4,NA,400991033,2018-02-15
101,2,0:41,41,41,Armani Chaney made Free Throw.,79,68,11,5,0.999951911158153,0.999951911158153,Tennessee State,Morehead State,4,4,NA,400991033,2018-02-15
102,2,0:36,36,36,Malek Green Offensive Rebound.,79,68,11,12,0.9999655176874523,0.9999655176874523,Tennessee State,Morehead State,4,4,NA,400991033,2018-02-15
103,2,0:24,24,24,Ken'Darrius Hamilton made Free Throw.,80,70,10,0,0.9999587303921296,0.9999587303921296,Tennessee State,Morehead State,4,4,NA,400991033,2018-02-15
104,2,0:24,24,24,Ken'Darrius Hamilton made Free Throw.,81,70,11,4,0.9999849614293205,0.9999849614293205,Tennessee State,Morehead State,4,4,NA,400991033,2018-02-15
105,2,0:20,20,20,Londell King Offensive Rebound.,81,70,11,13,0.9999887054251725,0.9999887054251725,Tennessee State,Morehead State,4,4,NA,400991033,2018-02-15
106,2,0:07,7,7,Kamar McKnight made Free Throw.,82,72,10,0,0.9999870300384438,0.9999870300384438,Tennessee State,Morehead State,4,4,NA,400991033,2018-02-15
107,2,0:07,7,7,Kamar McKnight made Free Throw.,83,72,11,2,0.99999579043785225,0.99999579043785225,Tennessee State,Morehead State,4,4,NA,400991033,2018-02-15
108,2,0:05,5,5,Londell King Offensive Rebound.,83,72,11,5,0.9999964058123342,0.9999964058123342,Tennessee State,Morehead State,4,4,NA,400991033,2018-02-15
109,2,0:00,0,0,End of Game,83,74,9,0,1,1,Tennessee State,Morehead State,4,4,NA,400991033,2018-02-15
