play_id,half,time_remaining_half,secs_remaining,secs_remaining_absolute,description,home_score,away_score,score_diff,play_length,win_prob,naive_win_prob,home,away,home_time_out_remaining,away_time_out_remaining,home_favored_by,game_id,date
1,1,20:00,2400,2400,PLAY,0,0,0,32,0.49598931044056416,0.5,Sacramento State,Idaho State,4,4,-0.1,400991343,2018-02-15
2,1,19:28,2368,2368,Bryce Fowler Defensive Rebound.,0,0,0,57,0.4960022869220675,0.5,Sacramento State,Idaho State,4,4,-0.1,400991343,2018-02-15
3,1,18:31,2311,2311,Novak Topalovic Block.,2,3,-1,3,0.4730159830836231,0.4769794403329548,Sacramento State,Idaho State,4,4,-0.1,400991343,2018-02-15
4,1,18:28,2308,2308,Sacramento State Offensive Rebound.,2,3,-1,2,0.4729839571752868,0.47694606147987817,Sacramento State,Idaho State,4,4,-0.1,400991343,2018-02-15
5,1,18:26,2306,2306,Joshua Patton made Free Throw.,5,3,2,62,0.5421140367848438,0.5460543386548282,Sacramento State,Idaho State,4,4,-0.1,400991343,2018-02-15
6,1,17:24,2244,2244,Bryce Fowler Defensive Rebound.,7,3,4,23,0.5902360563265764,0.594044675427872,Sacramento State,Idaho State,4,4,-0.1,400991343,2018-02-15
7,1,17:01,2221,2221,Novak Topalovic Defensive Rebound.,7,3,4,53,0.5912695928401785,0.595064408949962,Sacramento State,Idaho State,4,4,-0.1,400991343,2018-02-15
8,1,16:08,2168,2168,Idaho State Defensive Rebound.,7,5,2,46,0.5453188635197358,0.5491883068455469,Sacramento State,Idaho State,4,4,-0.1,400991343,2018-02-15
9,1,15:22,2122,2122,Idaho State Defensive Rebound.,7,7,0,42,0.4961205404653484,0.5,Sacramento State,Idaho State,4,4,-0.1,400991343,2018-02-15
10,1,14:40,2080,2080,Novak Topalovic Block.,7,10,-3,2,0.41969332190156444,0.42345428846603644,Sacramento State,Idaho State,4,4,-0.1,400991343,2018-02-15
11,1,14:38,2078,2078,Brandon Boyd Defensive Rebound.,7,10,-3,13,0.4196238736419489,0.4233835468592264,Sacramento State,Idaho State,4,4,-0.1,400991343,2018-02-15
12,1,14:25,2065,2065,Joshua Patton Block.,7,10,-3,2,0.4191710542259982,0.42292226470450106,Sacramento State,Idaho State,4,4,-0.1,400991343,2018-02-15
13,1,14:23,2063,2063,Joshua Patton Defensive Rebound.,7,10,-3,26,0.41910116925149726,0.42285106919313425,Sacramento State,Idaho State,4,4,-0.1,400991343,2018-02-15
14,1,13:57,2037,2037,Brandon Boyd Defensive Rebound.,7,10,-3,6,0.4181870705294809,0.4219197274312312,Sacramento State,Idaho State,4,4,-0.1,400991343,2018-02-15
15,1,13:51,2031,2031,Brandon Boyd made Free Throw.,7,11,-4,0,0.39260978408590413,0.39626619104652805,Sacramento State,Idaho State,4,4,-0.1,400991343,2018-02-15
16,1,13:51,2031,2031,Brandon Boyd made Free Throw.,7,12,-5,19,0.3678114973078453,0.37137816521728206,Sacramento State,Idaho State,4,4,-0.1,400991343,2018-02-15
17,1,13:32,2012,2012,Justin Strings Offensive Rebound.,7,12,-5,3,0.3667265781837334,0.370278142810426,Sacramento State,Idaho State,4,4,-0.1,400991343,2018-02-15
18,1,13:29,2009,2009,Jared Stutzman Defensive Rebound.,7,12,-5,25,0.3665544385241246,0.3701035984628231,Sacramento State,Idaho State,4,4,-0.1,400991343,2018-02-15
19,1,13:04,1984,1984,Calvin Martin Offensive Rebound.,7,15,-8,17,0.29398978655833363,0.29715302405839417,Sacramento State,Idaho State,4,4,-0.1,400991343,2018-02-15
20,1,12:47,1967,1967,Chibueze Jacobs Defensive Rebound.,9,15,-6,40,0.33939161720048383,0.3427965256963899,Sacramento State,Idaho State,4,4,-0.1,400991343,2018-02-15
21,1,12:07,1927,1927,Izayah Mauriohoohoo-Le'Afa Steal.,12,15,-3,29,0.4141880852280952,0.41784369795441484,Sacramento State,Idaho State,4,4,-0.1,400991343,2018-02-15
22,1,11:38,1898,1898,Brandon Boyd Defensive Rebound.,12,15,-3,17,0.413107498737685,0.4167416643991403,Sacramento State,Idaho State,4,4,-0.1,400991343,2018-02-15
23,1,11:21,1881,1881,Gary Chivichyan made Free Throw.,12,19,-7,48,0.3088501845103834,0.31204494647105624,Sacramento State,Idaho State,4,4,-0.1,400991343,2018-02-15
24,1,10:33,1833,1833,Calvin Martin Defensive Rebound.,14,19,-5,38,0.35616631543265204,0.359565007446868,Sacramento State,Idaho State,4,4,-0.1,400991343,2018-02-15
25,1,9:55,1795,1795,Chibueze Jacobs Defensive Rebound.,16,19,-3,38,0.4092449925957382,0.4127988323161505,Sacramento State,Idaho State,4,4,-0.1,400991343,2018-02-15
26,1,9:17,1757,1757,Joshua Patton Defensive Rebound.,16,19,-3,34,0.4077758974277065,0.41129864087457074,Sacramento State,Idaho State,4,4,-0.1,400991343,2018-02-15
27,1,8:43,1723,1723,Izayah Mauriohoohoo-Le'Afa Defensive Rebound.,18,19,-1,45,0.4660777004995409,0.46967908482183,Sacramento State,Idaho State,4,4,-0.1,400991343,2018-02-15
28,1,7:58,1678,1678,Justin Strings Defensive Rebound.,20,19,1,22,0.5273992062456934,0.5309686809749316,Sacramento State,Idaho State,4,4,-0.1,400991343,2018-02-15
29,1,7:36,1656,1656,Brandon Boyd Defensive Rebound.,20,19,1,57,0.5277281264721008,0.5312798120360661,Sacramento State,Idaho State,4,4,-0.1,400991343,2018-02-15
30,1,6:39,1599,1599,Joshua Patton Block.,22,22,0,2,0.49648369979118523,0.5,Sacramento State,Idaho State,4,4,-0.1,400991343,2018-02-15
31,1,6:37,1597,1597,Kevin Hicks Defensive Rebound.,22,22,0,7,0.4964854218701273,0.5,Sacramento State,Idaho State,4,4,-0.1,400991343,2018-02-15
32,1,6:30,1590,1590,Kevin Hicks made Free Throw.,23,22,1,0,0.5286870079769325,0.5321825821190477,Sacramento State,Idaho State,4,4,-0.1,400991343,2018-02-15
33,1,6:30,1590,1590,Kevin Hicks made Free Throw.,24,22,2,27,0.5606456325696451,0.5640996076167397,Sacramento State,Idaho State,4,4,-0.1,400991343,2018-02-15
34,1,6:03,1563,1563,Justin Strings Defensive Rebound.,24,22,2,44,0.5613995089310526,0.5648289724015181,Sacramento State,Idaho State,4,4,-0.1,400991343,2018-02-15
35,1,5:19,1519,1519,Jared Stutzman Block.,24,24,0,1,0.49655406271908176,0.5,Sacramento State,Idaho State,4,4,-0.1,400991343,2018-02-15
36,1,5:18,1518,1518,Kevin Hicks Offensive Rebound.,24,24,0,3,0.4965549540817005,0.5,Sacramento State,Idaho State,4,4,-0.1,400991343,2018-02-15
37,1,5:15,1515,1515,Novak Topalovic Defensive Rebound.,24,24,0,49,0.49655762875862636,0.5,Sacramento State,Idaho State,4,4,-0.1,400991343,2018-02-15
38,1,4:26,1466,1466,Joshua Patton Offensive Rebound.,24,26,-2,46,0.4290130726841845,0.43234649873905096,Sacramento State,Idaho State,4,4,-0.1,400991343,2018-02-15
39,1,3:40,1420,1420,Calvin Martin Offensive Rebound.,24,26,-2,4,0.42757459552115434,0.4308650557154196,Sacramento State,Idaho State,4,4,-0.1,400991343,2018-02-15
40,1,3:36,1416,1416,Novak Topalovic Defensive Rebound.,24,26,-2,8,0.42745400911118625,0.430740677327383,Sacramento State,Idaho State,4,4,-0.1,400991343,2018-02-15
41,1,3:28,1408,1408,Idaho State Offensive Rebound.,24,26,-2,40,0.42721496791817876,0.43049402343509324,Sacramento State,Idaho State,4,4,-0.1,400991343,2018-02-15
42,1,2:48,1368,1368,Joshua Patton Offensive Rebound.,24,26,-2,20,0.42604626521212324,0.4292867332288323,Sacramento State,Idaho State,4,4,-0.1,400991343,2018-02-15
43,1,2:28,1348,1348,Kevin Hicks Steal.,26,26,0,16,0.49670914376696007,0.5,Sacramento State,Idaho State,4,4,-0.1,400991343,2018-02-15
44,1,2:12,1332,1332,Joshua Patton made Free Throw.,27,26,1,0,0.5328267364813174,0.5360868856671843,Sacramento State,Idaho State,4,4,-0.1,400991343,2018-02-15
45,1,2:12,1332,1332,Joshua Patton made Free Throw.,28,26,2,49,0.5685886178126262,0.5717997625465888,Sacramento State,Idaho State,4,4,-0.1,400991343,2018-02-15
46,1,1:23,1283,1283,Geno Luzcando Offensive Rebound.,30,29,1,26,0.5336678391163843,0.5368805816157569,Sacramento State,Idaho State,4,4,-0.1,400991343,2018-02-15
47,1,0:57,1257,1257,Justin Strings Offensive Rebound.,30,29,1,6,0.5341519450324614,0.5373394095365264,Sacramento State,Idaho State,4,4,-0.1,400991343,2018-02-15
48,1,0:51,1251,1251,Joshua Patton Offensive Rebound.,30,29,1,2,0.5342686391136895,0.5374502695788136,Sacramento State,Idaho State,4,4,-0.1,400991343,2018-02-15
49,1,0:49,1249,1249,Joshua Patton made Free Throw.,31,29,2,0,0.5714282146213325,0.5745562603488408,Sacramento State,Idaho State,4,4,-0.1,400991343,2018-02-15
50,1,0:49,1249,1249,Joshua Patton missed Free Throw.,31,29,2,0,0.5714282146213325,0.5745562603488408,Sacramento State,Idaho State,4,4,-0.1,400991343,2018-02-15
51,1,0:49,1249,1249,Brandon Boyd Defensive Rebound.,31,29,2,9,0.5714282146213325,0.5745562603488408,Sacramento State,Idaho State,4,4,-0.1,400991343,2018-02-15
52,1,0:40,1240,1240,Joshua Patton Defensive Rebound.,31,29,2,29,0.5717742111852726,0.5748931744104848,Sacramento State,Idaho State,4,4,-0.1,400991343,2018-02-15
53,1,0:11,1211,1211,Calvin Martin Offensive Rebound.,31,29,2,5,0.572960932478422,0.5760505997298857,Sacramento State,Idaho State,4,4,-0.1,400991343,2018-02-15
54,1,0:06,1206,1206,Blake Truman Defensive Rebound.,31,29,2,5,0.573175784135731,0.5762604048707007,Sacramento State,Idaho State,4,4,-0.1,400991343,2018-02-15
55,1,0:01,1201,1201,Geno Luzcando made Free Throw.,31,30,1,0,0.5353270633126491,0.5384602500661886,Sacramento State,Idaho State,4,4,-0.1,400991343,2018-02-15
56,1,0:01,1201,1201,Geno Luzcando made Free Throw.,31,31,0,0,0.4968496921082631,0.5,Sacramento State,Idaho State,4,4,-0.1,400991343,2018-02-15
57,1,0:01,1201,1201,Geno Luzcando made Free Throw.,31,32,-1,1,0.458409598685221,0.4615397499338115,Sacramento State,Idaho State,4,4,-0.1,400991343,2018-02-15
58,1,0:00,1200,1200,End of 1st half,31,29,2,0,0.5734307410053465,0.5765093285143758,Sacramento State,Idaho State,4,4,-0.1,400991343,2018-02-15
59,2,20:00,1200,1200,PLAY,31,29,2,52,0.5734307410053465,0.5765093285143758,Sacramento State,Idaho State,4,4,-0.1,400991343,2018-02-15
60,2,19:08,1148,1148,Justin Strings made Free Throw.,34,34,0,0,0.4968993119296266,0.5,Sacramento State,Idaho State,4,4,-0.1,400991343,2018-02-15
61,2,19:08,1148,1148,Justin Strings made Free Throw.,35,34,1,40,0.5364489255068614,0.5395317425811988,Sacramento State,Idaho State,4,4,-0.1,400991343,2018-02-15
62,2,18:28,1108,1108,Brandon Boyd Steal.,35,37,-2,74,0.41689365097119996,0.41987562394894257,Sacramento State,Idaho State,4,4,-0.1,400991343,2018-02-15
63,2,17:14,1034,1034,Idaho State Defensive Rebound.,38,42,-4,26,0.33536085584522696,0.338035593656,Sacramento State,Idaho State,4,4,-0.1,400991343,2018-02-15
64,2,16:48,1008,1008,Joshua Patton Block.,38,42,-4,1,0.33311028685465877,0.33575378082644786,Sacramento State,Idaho State,4,4,-0.1,400991343,2018-02-15
65,2,16:47,1007,1007,Bryce Fowler Defensive Rebound.,38,42,-4,12,0.33301988297389856,0.3356621518841857,Sacramento State,Idaho State,4,4,-0.1,400991343,2018-02-15
66,2,16:35,995,995,Geno Luzcando Defensive Rebound.,38,42,-4,8,0.33191050413936385,0.33453792174696106,Sacramento State,Idaho State,4,4,-0.1,400991343,2018-02-15
67,2,16:27,987,987,Justin Strings Defensive Rebound.,38,42,-4,23,0.3311444852798531,0.3337618390347326,Sacramento State,Idaho State,4,4,-0.1,400991343,2018-02-15
68,2,16:04,964,964,Justin Strings made Free Throw.,41,42,-1,30,0.4533497181587074,0.4562512599366847,Sacramento State,Idaho State,4,4,-0.1,400991343,2018-02-15
69,2,15:34,934,934,Izayah Mauriohoohoo-Le'Afa Defensive Rebound.,41,42,-1,25,0.4525947272906166,0.45546743134696444,Sacramento State,Idaho State,4,4,-0.1,400991343,2018-02-15
70,2,15:09,909,909,Novak Topalovic Defensive Rebound.,41,42,-1,32,0.45203717766105095,0.45488754563712464,Sacramento State,Idaho State,4,4,-0.1,400991343,2018-02-15
71,2,14:37,877,877,Calvin Martin Offensive Rebound.,41,45,-4,15,0.32160219559959224,0.32409306514010316,Sacramento State,Idaho State,4,4,-0.1,400991343,2018-02-15
72,2,14:22,862,862,Jared Stutzman Defensive Rebound.,41,45,-4,75,0.3204638102584639,0.32293920642188306,Sacramento State,Idaho State,4,4,-0.1,400991343,2018-02-15
73,2,13:07,787,787,Chibueze Jacobs Defensive Rebound.,43,47,-4,93,0.3138655342248688,0.3162571761081577,Sacramento State,Idaho State,4,4,-0.1,400991343,2018-02-15
74,2,11:34,694,694,Joshua Patton Defensive Rebound.,48,49,-1,35,0.4457882473648799,0.4484286460941334,Sacramento State,Idaho State,4,4,-0.1,400991343,2018-02-15
75,2,10:59,659,659,Novak Topalovic made Free Throw.,50,50,0,0,0.49736758103981293,0.5,Sacramento State,Idaho State,4,4,-0.1,400991343,2018-02-15
76,2,10:59,659,659,Novak Topalovic missed Free Throw.,50,50,0,0,0.49736758103981293,0.5,Sacramento State,Idaho State,4,4,-0.1,400991343,2018-02-15
77,2,10:59,659,659,Joshua Patton Defensive Rebound.,50,50,0,13,0.49736758103981293,0.5,Sacramento State,Idaho State,4,4,-0.1,400991343,2018-02-15
78,2,10:46,646,646,Bryce Fowler Offensive Rebound.,50,50,0,3,0.4973817457846136,0.5,Sacramento State,Idaho State,4,4,-0.1,400991343,2018-02-15
79,2,10:43,643,643,Sacramento State Offensive Rebound.,50,50,0,22,0.4973850464274709,0.5,Sacramento State,Idaho State,4,4,-0.1,400991343,2018-02-15
80,2,10:21,621,621,Kevin Hicks Offensive Rebound.,50,50,0,14,0.4974098163329866,0.5,Sacramento State,Idaho State,4,4,-0.1,400991343,2018-02-15
81,2,10:07,607,607,Idaho State Defensive Rebound.,50,50,0,51,0.4974262851852812,0.5,Sacramento State,Idaho State,4,4,-0.1,400991343,2018-02-15
82,2,9:16,556,556,Geno Luzcando Defensive Rebound.,50,53,-3,33,0.3316649622973285,0.3338909503143474,Sacramento State,Idaho State,4,4,-0.1,400991343,2018-02-15
83,2,8:43,523,523,Izayah Mauriohoohoo-Le'Afa Defensive Rebound.,50,53,-3,18,0.32633880007346083,0.32850432184327355,Sacramento State,Idaho State,4,4,-0.1,400991343,2018-02-15
84,2,8:25,505,505,Izayah Mauriohoohoo-Le'Afa made Free Throw.,51,53,-2,0,0.37902574080574947,0.38131935902138114,Sacramento State,Idaho State,4,4,-0.1,400991343,2018-02-15
85,2,8:25,505,505,Izayah Mauriohoohoo-Le'Afa made Free Throw.,52,53,-1,9,0.4374027722420236,0.43979945721858715,Sacramento State,Idaho State,4,4,-0.1,400991343,2018-02-15
86,2,8:16,496,496,Jared Stutzman made Free Throw.,52,54,-2,0,0.37819051507545765,0.38047033831338756,Sacramento State,Idaho State,4,4,-0.1,400991343,2018-02-15
87,2,8:16,496,496,Jared Stutzman made Free Throw.,52,55,-3,13,0.32278291861474656,0.324903256126203,Sacramento State,Idaho State,4,4,-0.1,400991343,2018-02-15
88,2,8:03,483,483,Gary Chivichyan Steal.,52,55,-3,35,0.3210202716457608,0.3231183864791698,Sacramento State,Idaho State,4,4,-0.1,400991343,2018-02-15
89,2,7:28,448,448,Kevin Hicks Offensive Rebound.,52,57,-5,61,0.2161782621556557,0.2177739930360457,Sacramento State,Idaho State,4,4,-0.1,400991343,2018-02-15
90,2,6:27,387,387,Justin Strings missed Free Throw.,54,60,-6,0,0.15697335917934804,0.15815665520192446,Sacramento State,Idaho State,4,4,-0.1,400991343,2018-02-15
91,2,6:27,387,387,Novak Topalovic Defensive Rebound.,54,60,-6,28,0.15697335917934804,0.15815665520192446,Sacramento State,Idaho State,4,4,-0.1,400991343,2018-02-15
92,2,5:59,359,359,Gary Chivichyan Offensive Rebound.,54,60,-6,37,0.14842953863143094,0.1495275575285627,Sacramento State,Idaho State,4,4,-0.1,400991343,2018-02-15
93,2,5:22,322,322,Bryce Fowler Steal.,54,60,-6,90,0.13426437298744948,0.13523139880942453,Sacramento State,Idaho State,4,4,-0.1,400991343,2018-02-15
94,2,3:52,232,232,Joshua Patton Block.,58,63,-5,3,0.17087226818248194,0.17191335963624613,Sacramento State,Idaho State,4,4,-0.1,400991343,2018-02-15
95,2,3:49,229,229,Bryce Fowler Defensive Rebound.,58,63,-5,25,0.1705533460621509,0.17158791145902955,Sacramento State,Idaho State,4,4,-0.1,400991343,2018-02-15
96,2,3:24,204,204,Idaho State Offensive Rebound.,60,63,-3,12,0.26852343642932613,0.26989768680121584,Sacramento State,Idaho State,4,4,-0.1,400991343,2018-02-15
97,2,3:12,192,192,Izayah Mauriohoohoo-Le'Afa Steal.,60,63,-3,3,0.257476739999351,0.2587832081828631,Sacramento State,Idaho State,4,4,-0.1,400991343,2018-02-15
98,2,3:09,189,189,Joshua Patton Offensive Rebound.,60,63,-3,62,0.2539912651863062,0.25527807642519895,Sacramento State,Idaho State,4,4,-0.1,400991343,2018-02-15
99,2,2:07,127,127,Novak Topalovic Steal.,62,63,-1,5,0.37418875130189744,0.37555785479689296,Sacramento State,Idaho State,4,4,-0.1,400991343,2018-02-15
100,2,2:02,122,122,Joshua Patton Steal.,62,63,-1,17,0.3704583814326808,0.3718028303436294,Sacramento State,Idaho State,4,4,-0.1,400991343,2018-02-15
101,2,1:45,105,105,Calvin Martin Offensive Rebound.,62,63,-1,11,0.3563127463522728,0.35756913125123985,Sacramento State,Idaho State,4,4,-0.1,400991343,2018-02-15
102,2,1:34,94,94,Calvin Martin Offensive Rebound.,62,63,-1,82,0.3458191842072444,0.34701474582042813,Sacramento State,Idaho State,4,4,-0.1,400991343,2018-02-15
103,2,0:12,12,12,Geno Luzcando Steal.,64,65,-1,4,0.2509342669760359,0.25162663773475485,Sacramento State,Idaho State,4,4,-0.1,400991343,2018-02-15
104,2,0:08,8,8,Jared Stutzman missed Free Throw.,64,65,-1,0,0.24568795908203434,0.24635462456246857,Sacramento State,Idaho State,4,4,-0.1,400991343,2018-02-15
105,2,0:08,8,8,Erik Nakken Offensive Rebound.,64,65,-1,4,0.24568795908203434,0.24635462456246857,Sacramento State,Idaho State,4,4,-0.1,400991343,2018-02-15
106,2,0:04,4,4,Brandon Boyd made Free Throw.,64,66,-2,0,0.09134927422310801,0.09164079872259245,Sacramento State,Idaho State,4,4,-0.1,400991343,2018-02-15
107,2,0:04,4,4,Brandon Boyd made Free Throw.,64,67,-3,4,0.030943735474310487,0.03104907390872038,Sacramento State,Idaho State,4,4,-0.1,400991343,2018-02-15
108,2,0:00,0,0,End of Game,64,67,-3,0,8.726426723567604e-27,8.75651076269652e-27,Sacramento State,Idaho State,4,4,-0.1,400991343,2018-02-15
