play_id,half,time_remaining_half,secs_remaining,secs_remaining_absolute,description,home_score,away_score,score_diff,play_length,win_prob,naive_win_prob,home,away,home_time_out_remaining,away_time_out_remaining,home_favored_by,game_id,date
1,1,20:00,2400,2400,PLAY,0,0,0,25,0.24545205977134696,0.5,Western Carolina,Wofford,4,4,-7,400988806,2018-02-15
2,1,19:35,2375,2375,Marc Gosselin Defensive Rebound.,0,0,0,39,0.24597599087082245,0.5,Western Carolina,Wofford,4,4,-7,400988806,2018-02-15
3,1,18:56,2336,2336,Marc Gosselin Defensive Rebound.,2,0,2,59,0.28220966748712134,0.5453948652273468,Western Carolina,Wofford,4,4,-7,400988806,2018-02-15
4,1,17:57,2277,2277,Trevor Stumpe Defensive Rebound.,2,2,0,10,0.24819645891812706,0.5,Western Carolina,Wofford,4,4,-7,400988806,2018-02-15
5,1,17:47,2267,2267,Storm Murphy Offensive Rebound.,2,2,0,19,0.24843893287806962,0.5,Western Carolina,Wofford,4,4,-7,400988806,2018-02-15
6,1,17:28,2248,2248,Deriece Parks Steal.,2,2,0,77,0.24890821904895236,0.5,Western Carolina,Wofford,4,4,-7,400988806,2018-02-15
7,1,16:11,2171,2171,Western Carolina Offensive Rebound.,4,7,-3,19,0.1995159533265807,0.42661691434651705,Western Carolina,Wofford,4,4,-7,400988806,2018-02-15
8,1,15:52,2152,2152,Donovan Theme-Love Defensive Rebound.,4,7,-3,11,0.19954004563308844,0.4259648273179891,Western Carolina,Wofford,4,4,-7,400988806,2018-02-15
9,1,15:41,2141,2141,Marc Gosselin Defensive Rebound.,4,7,-3,48,0.19955702268591827,0.42558548116383255,Western Carolina,Wofford,4,4,-7,400988806,2018-02-15
10,1,14:53,2093,2093,Cameron Jackson Defensive Rebound.,4,10,-6,4,0.15509535909272187,0.3512695512375102,Western Carolina,Wofford,4,4,-7,400988806,2018-02-15
11,1,14:49,2089,2089,Donovan Theme-Love Defensive Rebound.,4,10,-6,17,0.15502785817798503,0.35100683771974034,Western Carolina,Wofford,4,4,-7,400988806,2018-02-15
12,1,14:32,2072,2072,Marc Gosselin Defensive Rebound.,4,10,-6,11,0.15474188952985043,0.3498862363581006,Western Carolina,Wofford,4,4,-7,400988806,2018-02-15
13,1,14:21,2061,2061,Marc Gosselin missed Free Throw.,6,10,-4,0,0.1836648567233143,0.39767476331601626,Western Carolina,Wofford,4,4,-7,400988806,2018-02-15
14,1,14:21,2061,2061,Keve Aluma Defensive Rebound.,6,10,-4,21,0.1836648567233143,0.39767476331601626,Western Carolina,Wofford,4,4,-7,400988806,2018-02-15
15,1,14:00,2040,2040,Desmond Johnson Steal.,6,10,-4,41,0.18356992862181465,0.3966907209369003,Western Carolina,Wofford,4,4,-7,400988806,2018-02-15
16,1,13:19,1999,1999,Cameron Jackson Defensive Rebound.,8,10,-2,22,0.21758239384515923,0.44677478511249896,Western Carolina,Wofford,4,4,-7,400988806,2018-02-15
17,1,12:57,1977,1977,Keve Aluma Offensive Rebound.,8,10,-2,31,0.217857663800279,0.44622552346837313,Western Carolina,Wofford,4,4,-7,400988806,2018-02-15
18,1,12:26,1946,1946,Trevor Stumpe Defensive Rebound.,8,13,-5,27,0.1673509099293007,0.3663799428103292,Western Carolina,Wofford,4,4,-7,400988806,2018-02-15
19,1,11:59,1919,1919,Marc Gosselin Defensive Rebound.,8,13,-5,66,0.1670570223710687,0.3647502471366143,Western Carolina,Wofford,4,4,-7,400988806,2018-02-15
20,1,10:53,1853,1853,Wofford Offensive Rebound.,10,13,-3,20,0.2006147102229644,0.4150318595916069,Western Carolina,Wofford,4,4,-7,400988806,2018-02-15
21,1,10:33,1833,1833,Trevor Stumpe Steal.,10,15,-5,1,0.16623445840024612,0.359565007446868,Western Carolina,Wofford,4,4,-7,400988806,2018-02-15
22,1,10:32,1832,1832,Marc Gosselin Block.,10,15,-5,0,0.1662255814756123,0.35950435670919406,Western Carolina,Wofford,4,4,-7,400988806,2018-02-15
23,1,10:32,1832,1832,Trevor Stumpe Offensive Rebound.,10,15,-5,48,0.1662255814756123,0.35950435670919406,Western Carolina,Wofford,4,4,-7,400988806,2018-02-15
24,1,9:44,1784,1784,Marcus Thomas Defensive Rebound.,10,18,-8,37,0.12240473426926901,0.27999453667594354,Western Carolina,Wofford,4,4,-7,400988806,2018-02-15
25,1,9:07,1747,1747,Nathan Hoover Offensive Rebound.,12,18,-6,63,0.14954547288016284,0.3272792748757018,Western Carolina,Wofford,4,4,-7,400988806,2018-02-15
26,1,8:04,1684,1684,Storm Murphy Defensive Rebound.,12,24,-12,17,0.07667365294042272,0.18478848345921753,Western Carolina,Wofford,4,4,-7,400988806,2018-02-15
27,1,7:47,1667,1667,Marcus Thomas Defensive Rebound.,12,24,-12,7,0.07611228117671612,0.18303045301960047,Western Carolina,Wofford,4,4,-7,400988806,2018-02-15
28,1,7:40,1660,1660,Marcus Thomas missed Free Throw.,12,24,-12,0,0.075889375491328,0.18232148011851118,Western Carolina,Wofford,4,4,-7,400988806,2018-02-15
29,1,7:40,1660,1660,Western Carolina Deadball Team Rebound.,12,24,-12,0,0.075889375491328,0.18232148011851118,Western Carolina,Wofford,4,4,-7,400988806,2018-02-15
30,1,7:40,1660,1660,Marcus Thomas made Free Throw.,13,24,-11,59,0.08513821940222535,0.20171021168791048,Western Carolina,Wofford,4,4,-7,400988806,2018-02-15
31,1,6:41,1601,1601,Cameron Jackson Defensive Rebound.,13,26,-13,21,0.065799944288454,0.1586896961825776,Western Carolina,Wofford,4,4,-7,400988806,2018-02-15
32,1,6:20,1580,1580,Cameron Jackson Offensive Rebound.,13,26,-13,3,0.0651987399129519,0.15670889757792653,Western Carolina,Wofford,4,4,-7,400988806,2018-02-15
33,1,6:17,1577,1577,Trevor Stumpe Offensive Rebound.,13,26,-13,85,0.06511308615357378,0.15642641020947926,Western Carolina,Wofford,4,4,-7,400988806,2018-02-15
34,1,4:52,1492,1492,Marc Gosselin Defensive Rebound.,20,28,-8,13,0.1156630303141609,0.2542593906588287,Western Carolina,Wofford,4,4,-7,400988806,2018-02-15
35,1,4:39,1479,1479,Donovan Theme-Love Defensive Rebound.,20,28,-8,26,0.11533406245334446,0.2530357373866856,Western Carolina,Wofford,4,4,-7,400988806,2018-02-15
36,1,4:13,1453,1453,Nathan Hoover made Free Throw.,20,29,-9,0,0.10143154547030259,0.22565901889467768,Western Carolina,Wofford,4,4,-7,400988806,2018-02-15
37,1,4:13,1453,1453,Nathan Hoover missed Free Throw.,20,29,-9,0,0.10143154547030259,0.22565901889467768,Western Carolina,Wofford,4,4,-7,400988806,2018-02-15
38,1,4:13,1453,1453,Marc Gosselin Defensive Rebound.,20,29,-9,17,0.10143154547030259,0.22565901889467768,Western Carolina,Wofford,4,4,-7,400988806,2018-02-15
39,1,3:56,1436,1436,Donovan Theme-Love Steal.,20,29,-9,11,0.10088992632445039,0.22388499953768598,Western Carolina,Wofford,4,4,-7,400988806,2018-02-15
40,1,3:45,1425,1425,Matthew Pegram made Free Throw.,20,32,-12,19,0.06865446212640236,0.15894421742778483,Western Carolina,Wofford,4,4,-7,400988806,2018-02-15
41,1,3:26,1406,1406,Matt Halvorsen made Free Throw.,21,32,-11,0,0.07748126359997963,0.17646672324450516,Western Carolina,Wofford,4,4,-7,400988806,2018-02-15
42,1,3:26,1406,1406,Matt Halvorsen made Free Throw.,22,32,-10,36,0.08810234100507931,0.19774808252086418,Western Carolina,Wofford,4,4,-7,400988806,2018-02-15
43,1,2:50,1370,1370,Donovan Theme-Love Defensive Rebound.,22,34,-12,0,0.06695961425478535,0.15353968773483942,Western Carolina,Wofford,4,4,-7,400988806,2018-02-15
44,1,2:50,1370,1370,Donovan Theme-Love missed Free Throw.,22,34,-12,0,0.06695961425478535,0.15353968773483942,Western Carolina,Wofford,4,4,-7,400988806,2018-02-15
45,1,2:50,1370,1370,Marc Gosselin Defensive Rebound.,22,34,-12,0,0.06695961425478535,0.15353968773483942,Western Carolina,Wofford,4,4,-7,400988806,2018-02-15
46,1,2:50,1370,1370,Marc Gosselin made Free Throw.,23,34,-11,0,0.07641384891443348,0.17295244208163268,Western Carolina,Wofford,4,4,-7,400988806,2018-02-15
47,1,2:50,1370,1370,Marc Gosselin made Free Throw.,24,34,-10,12,0.08707837576254432,0.19425636606606259,Western Carolina,Wofford,4,4,-7,400988806,2018-02-15
48,1,2:38,1358,1358,Desmond Johnson Steal.,24,34,-10,21,0.0867464634979436,0.19311012375013506,Western Carolina,Wofford,4,4,-7,400988806,2018-02-15
49,1,2:17,1337,1337,Bobby Perez Steal.,24,34,-10,19,0.08616354140813069,0.1911009645541619,Western Carolina,Wofford,4,4,-7,400988806,2018-02-15
50,1,1:58,1318,1318,Cameron Jackson Defensive Rebound.,24,34,-10,30,0.08562306916520725,0.18926004054001944,Western Carolina,Wofford,4,4,-7,400988806,2018-02-15
51,1,1:28,1288,1288,Marc Gosselin Defensive Rebound.,24,34,-10,23,0.08471703869377482,0.1862593645178636,Western Carolina,Wofford,4,4,-7,400988806,2018-02-15
52,1,1:05,1265,1265,Wofford Defensive Rebound.,24,34,-10,30,0.08395616484883218,0.1838406846671988,Western Carolina,Wofford,4,4,-7,400988806,2018-02-15
53,1,0:35,1235,1235,Cameron Jackson Block.,24,34,-10,0,0.08284483097396107,0.18047446589521934,Western Carolina,Wofford,4,4,-7,400988806,2018-02-15
54,1,0:35,1235,1235,Nathan Hoover Defensive Rebound.,24,34,-10,35,0.08284483097396107,0.18047446589521934,Western Carolina,Wofford,4,4,-7,400988806,2018-02-15
55,1,0:00,1200,1200,Marc Gosselin Offensive Rebound.,24,36,-12,0,0.06107728506467175,0.13578366491085198,Western Carolina,Wofford,4,4,-7,400988806,2018-02-15
56,1,0:00,1200,1200,End of 1st half,24,36,-12,0,0.06107728506467175,0.13578366491085198,Western Carolina,Wofford,4,4,-7,400988806,2018-02-15
57,2,20:00,1200,1200,PLAY,24,36,-12,66,0.06107728506467175,0.13578366491085198,Western Carolina,Wofford,4,4,-7,400988806,2018-02-15
58,2,18:54,1134,1134,Mike Amius Steal.,26,39,-13,23,0.05026145029178685,0.11161164770669535,Western Carolina,Wofford,4,4,-7,400988806,2018-02-15
59,2,18:31,1111,1111,Devin Peterson Defensive Rebound.,28,39,-11,17,0.0669821173072397,0.14487109212477364,Western Carolina,Wofford,4,4,-7,400988806,2018-02-15
60,2,18:14,1094,1094,Devin Peterson missed Free Throw.,30,39,-9,0,0.08954698569534694,0.1877020196021433,Western Carolina,Wofford,4,4,-7,400988806,2018-02-15
61,2,18:14,1094,1094,Cameron Jackson Defensive Rebound.,30,39,-9,97,0.08954698569534694,0.1877020196021433,Western Carolina,Wofford,4,4,-7,400988806,2018-02-15
62,2,16:37,997,997,Mike Amius made Free Throw.,31,44,-13,0,0.044759017913599916,0.09688329522477895,Western Carolina,Wofford,4,4,-7,400988806,2018-02-15
63,2,16:37,997,997,Mike Amius made Free Throw.,32,44,-12,25,0.05270242103176115,0.11298309319467,Western Carolina,Wofford,4,4,-7,400988806,2018-02-15
64,2,16:12,972,972,Matthew Pegram Offensive Rebound.,32,44,-12,7,0.05139180595697202,0.10966679564241767,Western Carolina,Wofford,4,4,-7,400988806,2018-02-15
65,2,16:05,965,965,Nathan Hoover made Free Throw.,32,45,-13,0,0.0431615016146579,0.09285351402326242,Western Carolina,Wofford,4,4,-7,400988806,2018-02-15
66,2,16:05,965,965,Nathan Hoover made Free Throw.,32,46,-14,11,0.03647346631196916,0.07910207424207749,Western Carolina,Wofford,4,4,-7,400988806,2018-02-15
67,2,15:54,954,954,Matthew Pegram Block.,32,46,-14,0,0.035980462002846395,0.07786420626621343,Western Carolina,Wofford,4,4,-7,400988806,2018-02-15
68,2,15:54,954,954,Mike Amius Offensive Rebound.,32,46,-14,16,0.035980462002846395,0.07786420626621343,Western Carolina,Wofford,4,4,-7,400988806,2018-02-15
69,2,15:38,938,938,Marc Gosselin Defensive Rebound.,34,46,-12,27,0.04970181317157378,0.1054104947459099,Western Carolina,Wofford,4,4,-7,400988806,2018-02-15
70,2,15:11,911,911,Matthew Pegram Defensive Rebound.,34,46,-12,8,0.048582187205050135,0.10255644094920305,Western Carolina,Wofford,4,4,-7,400988806,2018-02-15
71,2,15:03,903,903,Mike Amius Steal.,34,46,-12,13,0.048273717983819645,0.10176728993111632,Western Carolina,Wofford,4,4,-7,400988806,2018-02-15
72,2,14:50,890,890,Storm Murphy Defensive Rebound.,34,46,-12,8,0.047785841069494524,0.10051908435053512,Western Carolina,Wofford,4,4,-7,400988806,2018-02-15
73,2,14:42,882,882,Wofford Offensive Rebound.,34,46,-12,20,0.04749053182320899,0.09976456857641341,Western Carolina,Wofford,4,4,-7,400988806,2018-02-15
74,2,14:22,862,862,Keve Aluma Offensive Rebound.,34,46,-12,23,0.04675359896548966,0.09789010003016435,Western Carolina,Wofford,4,4,-7,400988806,2018-02-15
75,2,13:59,839,839,Cameron Jackson Block.,34,46,-12,0,0.045876950505877374,0.09568555473965282,Western Carolina,Wofford,4,4,-7,400988806,2018-02-15
76,2,13:59,839,839,Nathan Hoover Defensive Rebound.,34,46,-12,17,0.045876950505877374,0.09568555473965282,Western Carolina,Wofford,4,4,-7,400988806,2018-02-15
77,2,13:42,822,822,Cameron Jackson made Free Throw.,34,47,-13,0,0.03770245424236797,0.07907771874495162,Western Carolina,Wofford,4,4,-7,400988806,2018-02-15
78,2,13:42,822,822,Cameron Jackson missed Free Throw.,34,47,-13,0,0.03770245424236797,0.07907771874495162,Western Carolina,Wofford,4,4,-7,400988806,2018-02-15
79,2,13:42,822,822,Marc Gosselin Defensive Rebound.,34,47,-13,16,0.03770245424236797,0.07907771874495162,Western Carolina,Wofford,4,4,-7,400988806,2018-02-15
80,2,13:26,806,806,Nathan Hoover Defensive Rebound.,34,47,-13,82,0.03705170409985562,0.07748766528294095,Western Carolina,Wofford,4,4,-7,400988806,2018-02-15
81,2,12:04,724,724,Cameron Jackson Steal.,37,53,-16,33,0.018080569918253294,0.03777514416348413,Western Carolina,Wofford,4,4,-7,400988806,2018-02-15
82,2,11:31,691,691,Marcus Thomas made Free Throw.,40,55,-15,19,0.020664240301205998,0.042627012590147687,Western Carolina,Wofford,4,4,-7,400988806,2018-02-15
83,2,11:12,672,672,Storm Murphy made Free Throw.,40,56,-16,0,0.016274934539250257,0.033546311908418606,Western Carolina,Wofford,4,4,-7,400988806,2018-02-15
84,2,11:12,672,672,Storm Murphy made Free Throw.,40,57,-17,38,0.013232422757243558,0.027364825780116446,Western Carolina,Wofford,4,4,-7,400988806,2018-02-15
85,2,10:34,634,634,Onno Steger Defensive Rebound.,42,57,-15,11,0.018750437966666512,0.03811760430794225,Western Carolina,Wofford,4,4,-7,400988806,2018-02-15
86,2,10:23,623,623,Marcus Thomas missed Free Throw.,42,57,-15,0,0.018369962679615943,0.03723374400448245,Western Carolina,Wofford,4,4,-7,400988806,2018-02-15
87,2,10:23,623,623,Fletcher Magee Defensive Rebound.,42,57,-15,20,0.018369962679615943,0.03723374400448245,Western Carolina,Wofford,4,4,-7,400988806,2018-02-15
88,2,10:03,603,603,Fletcher Magee made Free Throw.,42,58,-16,0,0.014190499982597018,0.028703926634011553,Western Carolina,Wofford,4,4,-7,400988806,2018-02-15
89,2,10:03,603,603,Fletcher Magee made Free Throw.,42,59,-17,19,0.011419019226806023,0.02316450192656418,Western Carolina,Wofford,4,4,-7,400988806,2018-02-15
90,2,9:44,584,584,Deriece Parks Offensive Rebound.,42,59,-17,25,0.010820179854135054,0.021820119342695406,Western Carolina,Wofford,4,4,-7,400988806,2018-02-15
91,2,9:19,559,559,Trevor Stumpe Offensive Rebound.,44,59,-15,16,0.015603970419640458,0.0310232135698,Western Carolina,Wofford,4,4,-7,400988806,2018-02-15
92,2,9:03,543,543,Marcus Thomas Steal.,44,59,-15,4,0.01474663140038625,0.029155382045069605,Western Carolina,Wofford,4,4,-7,400988806,2018-02-15
93,2,8:59,539,539,Mike Amius Offensive Rebound.,44,59,-15,1,0.01455401306956209,0.028734393752044278,Western Carolina,Wofford,4,4,-7,400988806,2018-02-15
94,2,8:58,538,538,Mike Amius made Free Throw.,47,59,-12,70,0.028926766757647975,0.05628916832365121,Western Carolina,Wofford,4,4,-7,400988806,2018-02-15
95,2,7:48,468,468,Cameron Jackson made Free Throw.,49,62,-13,13,0.01952326401984102,0.03732687212701407,Western Carolina,Wofford,4,4,-7,400988806,2018-02-15
96,2,7:35,455,455,Marcus Thomas Offensive Rebound.,49,62,-13,4,0.018762341384470287,0.035699891888370756,Western Carolina,Wofford,4,4,-7,400988806,2018-02-15
97,2,7:31,451,451,Mike Amius made Free Throw.,50,62,-12,0,0.023748368975529826,0.04490178567568887,Western Carolina,Wofford,4,4,-7,400988806,2018-02-15
98,2,7:31,451,451,Mike Amius made Free Throw.,51,62,-11,15,0.030429859649767417,0.057186072509717106,Western Carolina,Wofford,4,4,-7,400988806,2018-02-15
99,2,7:16,436,436,Deriece Parks Defensive Rebound.,51,62,-11,101,0.028985314502782383,0.05416854625251262,Western Carolina,Wofford,4,4,-7,400988806,2018-02-15
100,2,5:35,335,335,Matthew Pegram Offensive Rebound.,57,64,-7,67,0.06296189830421088,0.10809839499060894,Western Carolina,Wofford,4,4,-7,400988806,2018-02-15
101,2,4:28,268,268,Donovan Theme-Love Defensive Rebound.,60,69,-9,30,0.031293451838100346,0.052567744439899373,Western Carolina,Wofford,4,4,-7,400988806,2018-02-15
102,2,3:58,238,238,Marc Gosselin made Free Throw.,61,71,-10,0,0.02507919811488418,0.04139433015316003,Western Carolina,Wofford,4,4,-7,400988806,2018-02-15
103,2,3:58,238,238,Marc Gosselin made Free Throw.,62,71,-9,29,0.03402363593493028,0.05582433788284344,Western Carolina,Wofford,4,4,-7,400988806,2018-02-15
104,2,3:29,209,209,Cameron Jackson made Free Throw.,62,72,-10,0,0.022868116555739185,0.03692079271840988,Western Carolina,Wofford,4,4,-7,400988806,2018-02-15
105,2,3:29,209,209,Cameron Jackson made Free Throw.,62,73,-11,14,0.016609784453930136,0.026922618026278433,Western Carolina,Wofford,4,4,-7,400988806,2018-02-15
106,2,3:15,195,195,Cameron Jackson Block.,62,73,-11,0,0.013685462608869088,0.021942166416198353,Western Carolina,Wofford,4,4,-7,400988806,2018-02-15
107,2,3:15,195,195,Nathan Hoover Defensive Rebound.,62,73,-11,2,0.013685462608869088,0.021942166416198353,Western Carolina,Wofford,4,4,-7,400988806,2018-02-15
108,2,3:13,193,193,Fletcher Magee made Free Throw.,62,74,-12,0,0.009334051045548599,0.014976748028951228,Western Carolina,Wofford,4,4,-7,400988806,2018-02-15
109,2,3:13,193,193,Fletcher Magee made Free Throw.,62,75,-13,23,0.0066033333360162386,0.010612919319375178,Western Carolina,Wofford,4,4,-7,400988806,2018-02-15
110,2,2:50,170,170,Matt Halvorsen Defensive Rebound.,62,75,-13,8,0.003611117506728197,0.005682209545571555,Western Carolina,Wofford,4,4,-7,400988806,2018-02-15
111,2,2:42,162,162,Mike Amius made Free Throw.,63,75,-12,0,0.004362797955158597,0.006805714937871289,Western Carolina,Wofford,4,4,-7,400988806,2018-02-15
112,2,2:42,162,162,Mike Amius missed Free Throw.,63,75,-12,0,0.004362797955158597,0.006805714937871289,Western Carolina,Wofford,4,4,-7,400988806,2018-02-15
113,2,2:42,162,162,Matthew Pegram Defensive Rebound.,63,75,-12,33,0.004362797955158597,0.006805714937871289,Western Carolina,Wofford,4,4,-7,400988806,2018-02-15
114,2,2:09,129,129,Marc Gosselin Defensive Rebound.,63,75,-12,6,0.0015965202274440776,0.0024066749434697573,Western Carolina,Wofford,4,4,-7,400988806,2018-02-15
115,2,2:03,123,123,Deriece Parks Offensive Rebound.,63,75,-12,37,0.0012808485685277854,0.0019179732284442346,Western Carolina,Wofford,4,4,-7,400988806,2018-02-15
116,2,1:26,86,86,Storm Murphy made Free Throw.,66,76,-10,0,8.759628260844143e-4,0.0012545601991269272,Western Carolina,Wofford,4,4,-7,400988806,2018-02-15
117,2,1:26,86,86,Storm Murphy made Free Throw.,66,77,-11,6,4.493396561391634e-4,6.436662456325695e-4,Western Carolina,Wofford,4,4,-7,400988806,2018-02-15
118,2,1:20,80,80,Marcus Thomas missed Free Throw.,66,77,-11,0,3.338715727812421e-4,4.7465230701720105e-4,Western Carolina,Wofford,4,4,-7,400988806,2018-02-15
119,2,1:20,80,80,Western Carolina Deadball Team Rebound.,66,77,-11,0,3.338715727812421e-4,4.7465230701720105e-4,Western Carolina,Wofford,4,4,-7,400988806,2018-02-15
120,2,1:20,80,80,Marcus Thomas made Free Throw.,67,77,-10,4,6.692103711342656e-4,9.512559599532581e-4,Western Carolina,Wofford,4,4,-7,400988806,2018-02-15
121,2,1:16,76,76,Nathan Hoover Defensive Rebound.,67,77,-10,7,5.557798465450995e-4,7.860032256376555e-4,Western Carolina,Wofford,4,4,-7,400988806,2018-02-15
122,2,1:09,69,69,Nathan Hoover made Free Throw.,67,78,-11,0,1.8688471939550522e-4,2.619321777791778e-4,Western Carolina,Wofford,4,4,-7,400988806,2018-02-15
123,2,1:09,69,69,Nathan Hoover made Free Throw.,67,79,-12,16,8.83095673401371e-5,1.2377701728396188e-4,Western Carolina,Wofford,4,4,-7,400988806,2018-02-15
124,2,0:53,53,53,Deriece Parks Steal.,69,79,-10,3,1.725669481354866e-4,2.3673692192937383e-4,Western Carolina,Wofford,4,4,-7,400988806,2018-02-15
125,2,0:50,50,50,Matthew Pegram made Free Throw.,69,80,-11,0,6.252287303737152e-5,8.542450224822599e-5,Western Carolina,Wofford,4,4,-7,400988806,2018-02-15
126,2,0:50,50,50,Matthew Pegram made Free Throw.,69,81,-12,10,2.6680976822683676e-5,3.6454484238146326e-5,Western Carolina,Wofford,4,4,-7,400988806,2018-02-15
127,2,0:40,40,40,Cameron Jackson Defensive Rebound.,69,81,-12,2,1.3453201012917986e-5,1.8127534397298234e-5,Western Carolina,Wofford,4,4,-7,400988806,2018-02-15
128,2,0:38,38,38,Storm Murphy made Free Throw.,69,82,-13,0,4.643052362362671e-6,6.238682520695094e-6,Western Carolina,Wofford,4,4,-7,400988806,2018-02-15
129,2,0:38,38,38,Storm Murphy made Free Throw.,69,83,-14,9,1.8468326080432348e-06,2.4815170028585885e-6,Western Carolina,Wofford,4,4,-7,400988806,2018-02-15
130,2,0:29,29,29,Fletcher Magee Defensive Rebound.,69,83,-14,7,8.569689389104578e-7,1.1367819011226459e-6,Western Carolina,Wofford,4,4,-7,400988806,2018-02-15
131,2,0:22,22,22,Cameron Jackson missed Free Throw.,69,83,-14,0,4.6246828097086773e-7,6.072809464983009e-7,Western Carolina,Wofford,4,4,-7,400988806,2018-02-15
132,2,0:22,22,22,Wofford Deadball Team Rebound.,69,83,-14,0,4.6246828097086773e-7,6.072809464983009e-7,Western Carolina,Wofford,4,4,-7,400988806,2018-02-15
133,2,0:22,22,22,Cameron Jackson made Free Throw.,69,84,-15,8,1.6635601283563228e-7,2.184470815719826e-7,Western Carolina,Wofford,4,4,-7,400988806,2018-02-15
134,2,0:14,14,14,Nathan Hoover Defensive Rebound.,69,84,-15,0,7.528768612567509e-8,9.770155850897595e-8,Western Carolina,Wofford,4,4,-7,400988806,2018-02-15
