play_id,half,time_remaining_half,secs_remaining,secs_remaining_absolute,description,home_score,away_score,score_diff,play_length,win_prob,naive_win_prob,home,away,home_time_out_remaining,away_time_out_remaining,home_favored_by,game_id,date
1,1,20:00,2400,2400,PLAY,0,0,0,19,0.15024828453114844,0.5,Southern Miss,Middle Tennessee,4,4,-10.8,400992663,2018-02-15
2,1,19:41,2381,2381,Cortez Edwards Defensive Rebound.,0,0,0,113,0.1506704573619025,0.5,Southern Miss,Middle Tennessee,4,4,-10.8,400992663,2018-02-15
3,1,17:48,2268,2268,Antwain Johnson Defensive Rebound.,6,6,0,44,0.15341349247946487,0.5,Southern Miss,Middle Tennessee,4,4,-10.8,400992663,2018-02-15
4,1,17:04,2224,2224,Nick King Steal.,6,6,0,26,0.15459918418739044,0.5,Southern Miss,Middle Tennessee,4,4,-10.8,400992663,2018-02-15
5,1,16:38,2198,2198,Nick King Defensive Rebound.,6,8,-2,50,0.13147661042914308,0.45150310963045764,Southern Miss,Middle Tennessee,4,4,-10.8,400992663,2018-02-15
6,1,15:48,2148,2148,Karl Gamble Defensive Rebound.,6,8,-2,9,0.13223446135911027,0.45034794935478056,Southern Miss,Middle Tennessee,4,4,-10.8,400992663,2018-02-15
7,1,15:39,2139,2139,Dominic Magee Defensive Rebound.,6,8,-2,120,0.1323782272262302,0.4501382431299833,Southern Miss,Middle Tennessee,4,4,-10.8,400992663,2018-02-15
8,1,13:39,2019,2019,Cortez Edwards Defensive Rebound.,13,13,0,8,0.1610907981285975,0.5,Southern Miss,Middle Tennessee,4,4,-10.8,400992663,2018-02-15
9,1,13:31,2011,2011,Dominic Magee made Free Throw.,16,13,3,34,0.20928122621352552,0.5790229776748573,Southern Miss,Middle Tennessee,4,4,-10.8,400992663,2018-02-15
10,1,12:57,1977,1977,Dominic Magee Defensive Rebound.,16,13,3,21,0.21164826279956112,0.5802743095629743,Southern Miss,Middle Tennessee,4,4,-10.8,400992663,2018-02-15
11,1,12:36,1956,1956,Giddy Potts Defensive Rebound.,16,13,3,36,0.21314863450622593,0.581058454632982,Southern Miss,Middle Tennessee,4,4,-10.8,400992663,2018-02-15
12,1,12:00,1920,1920,Giddy Potts Steal.,16,15,1,18,0.1806143809708915,0.5276988496941237,Southern Miss,Middle Tennessee,4,4,-10.8,400992663,2018-02-15
13,1,11:42,1902,1902,Antwain Johnson Steal.,16,15,1,1,0.18151909950022072,0.5279324831172211,Southern Miss,Middle Tennessee,4,4,-10.8,400992663,2018-02-15
14,1,11:41,1901,1901,Donovan Sims made Free Throw.,16,18,-2,14,0.1368807466008569,0.44428313984447365,Southern Miss,Middle Tennessee,4,4,-10.8,400992663,2018-02-15
15,1,11:27,1887,1887,Brandon Walters Defensive Rebound.,16,18,-2,31,0.13719144447104245,0.44392337373482016,Southern Miss,Middle Tennessee,4,4,-10.8,400992663,2018-02-15
16,1,10:56,1856,1856,Nick King Defensive Rebound.,16,18,-2,16,0.13790317217693335,0.443125344518527,Southern Miss,Middle Tennessee,4,4,-10.8,400992663,2018-02-15
17,1,10:40,1840,1840,Tyree Griffin Defensive Rebound.,16,18,-2,44,0.1382821700072717,0.44271152738161884,Southern Miss,Middle Tennessee,4,4,-10.8,400992663,2018-02-15
18,1,9:56,1796,1796,D'Angelo Richardson Defensive Rebound.,19,18,1,37,0.1871895672654893,0.5293201725283722,Southern Miss,Middle Tennessee,4,4,-10.8,400992663,2018-02-15
19,1,9:19,1759,1759,Brandon Walters Defensive Rebound.,19,18,1,10,0.18930126318719814,0.5298203419958217,Southern Miss,Middle Tennessee,4,4,-10.8,400992663,2018-02-15
20,1,9:09,1749,1749,Tim Rowe Defensive Rebound.,19,18,1,45,0.189883260768713,0.5299578548902364,Southern Miss,Middle Tennessee,4,4,-10.8,400992663,2018-02-15
21,1,8:24,1704,1704,LaDavius Draine Defensive Rebound.,21,18,3,43,0.23354161551123867,0.5908696727629985,Southern Miss,Middle Tennessee,4,4,-10.8,400992663,2018-02-15
22,1,7:41,1661,1661,Nick King Offensive Rebound.,24,18,6,47,0.3118613321428039,0.6791810697871079,Southern Miss,Middle Tennessee,4,4,-10.8,400992663,2018-02-15
23,1,6:54,1614,1614,Nick King Offensive Rebound.,27,20,7,8,0.34719047463531827,0.7095493771568256,Southern Miss,Middle Tennessee,4,4,-10.8,400992663,2018-02-15
24,1,6:46,1606,1606,Nick King made Two Point Tip Shot.,27,22,5,25,0.2928707365934612,0.6547939942205286,Southern Miss,Middle Tennessee,4,4,-10.8,400992663,2018-02-15
25,1,6:21,1581,1581,LaDavius Draine Offensive Rebound.,27,22,5,49,0.2962272219577992,0.6563349611345193,Southern Miss,Middle Tennessee,4,4,-10.8,400992663,2018-02-15
26,1,5:32,1532,1532,Giddy Potts Defensive Rebound.,29,22,7,10,0.36153314851571616,0.716050274568683,Southern Miss,Middle Tennessee,4,4,-10.8,400992663,2018-02-15
27,1,5:22,1522,1522,Southern Miss Defensive Rebound.,29,22,7,25,0.3633553899638344,0.7168709916760722,Southern Miss,Middle Tennessee,4,4,-10.8,400992663,2018-02-15
28,1,4:57,1497,1497,Tyree Griffin Offensive Rebound.,29,22,7,9,0.3679999474965371,0.7189752579831169,Southern Miss,Middle Tennessee,4,4,-10.8,400992663,2018-02-15
29,1,4:48,1488,1488,David Simmons Defensive Rebound.,29,22,7,19,0.36970570219564636,0.7197544677452788,Southern Miss,Middle Tennessee,4,4,-10.8,400992663,2018-02-15
30,1,4:29,1469,1469,Dominic Magee Defensive Rebound.,29,22,7,7,0.37337086415435566,0.7214440070413782,Southern Miss,Middle Tennessee,4,4,-10.8,400992663,2018-02-15
31,1,4:22,1462,1462,Eddie Davis III made Free Throw.,30,22,8,0,0.40720938286516367,0.7486116538468703,Southern Miss,Middle Tennessee,4,4,-10.8,400992663,2018-02-15
32,1,4:22,1462,1462,Eddie Davis III made Free Throw.,31,22,9,70,0.44050542751486127,0.7734024659593814,Southern Miss,Middle Tennessee,4,4,-10.8,400992663,2018-02-15
33,1,3:12,1392,1392,Giddy Potts Defensive Rebound.,31,27,4,17,0.2940428139322947,0.6372948005569589,Southern Miss,Middle Tennessee,4,4,-10.8,400992663,2018-02-15
34,1,2:55,1375,1375,Giddy Potts made Free Throw.,31,28,3,0,0.26760984625323103,0.6048844357173074,Southern Miss,Middle Tennessee,4,4,-10.8,400992663,2018-02-15
35,1,2:55,1375,1375,Giddy Potts made Free Throw.,31,29,2,43,0.24071998026282856,0.5705035925749894,Southern Miss,Middle Tennessee,4,4,-10.8,400992663,2018-02-15
36,1,2:12,1332,1332,Nick King missed Free Throw.,33,31,2,0,0.24491629625621786,0.5717997625465888,Southern Miss,Middle Tennessee,4,4,-10.8,400992663,2018-02-15
37,1,2:12,1332,1332,LaDavius Draine Defensive Rebound.,33,31,2,50,0.24491629625621786,0.5717997625465888,Southern Miss,Middle Tennessee,4,4,-10.8,400992663,2018-02-15
38,1,1:22,1282,1282,Dominic Magee missed Free Throw.,35,34,1,0,0.22329311850891204,0.5368976439240658,Southern Miss,Middle Tennessee,4,4,-10.8,400992663,2018-02-15
39,1,1:22,1282,1282,Tyrik Dixon Defensive Rebound.,35,34,1,19,0.22329311850891204,0.5368976439240658,Southern Miss,Middle Tennessee,4,4,-10.8,400992663,2018-02-15
40,1,1:03,1263,1263,Nick King missed Free Throw.,35,34,1,0,0.22489684686166378,0.5372305329489176,Southern Miss,Middle Tennessee,4,4,-10.8,400992663,2018-02-15
41,1,1:03,1263,1263,Cortez Edwards Defensive Rebound.,35,34,1,15,0.22489684686166378,0.5372305329489176,Southern Miss,Middle Tennessee,4,4,-10.8,400992663,2018-02-15
42,1,0:48,1248,1248,Tim Rowe made Free Throw.,36,34,2,0,0.2535598715464944,0.5745932208924053,Southern Miss,Middle Tennessee,4,4,-10.8,400992663,2018-02-15
43,1,0:48,1248,1248,Tim Rowe missed Free Throw.,36,34,2,0,0.2535598715464944,0.5745932208924053,Southern Miss,Middle Tennessee,4,4,-10.8,400992663,2018-02-15
44,1,0:48,1248,1248,Tyrik Dixon Defensive Rebound.,36,34,2,14,0.2535598715464944,0.5745932208924053,Southern Miss,Middle Tennessee,4,4,-10.8,400992663,2018-02-15
45,1,0:34,1234,1234,Antwain Johnson Offensive Rebound.,36,34,2,34,0.25507031378829603,0.5751233203813216,Southern Miss,Middle Tennessee,4,4,-10.8,400992663,2018-02-15
46,1,0:00,1200,1200,End of 1st half,36,37,-1,0,0.1802326212637239,0.4615187446422248,Southern Miss,Middle Tennessee,4,4,-10.8,400992663,2018-02-15
47,2,20:00,1200,1200,PLAY,36,37,-1,19,0.1802326212637239,0.4615187446422248,Southern Miss,Middle Tennessee,4,4,-10.8,400992663,2018-02-15
48,2,19:41,1181,1181,Brandon Walters made Free Throw.,36,38,-2,0,0.15916858109138093,0.4227207650832561,Southern Miss,Middle Tennessee,4,4,-10.8,400992663,2018-02-15
49,2,19:41,1181,1181,Brandon Walters made Free Throw.,36,39,-3,32,0.13940574701510475,0.3852267470087149,Southern Miss,Middle Tennessee,4,4,-10.8,400992663,2018-02-15
50,2,19:09,1149,1149,Nick King Offensive Rebound.,38,39,-1,3,0.1826800859141789,0.46048798599100366,Southern Miss,Middle Tennessee,4,4,-10.8,400992663,2018-02-15
51,2,19:06,1146,1146,Cortez Edwards Defensive Rebound.,38,39,-1,40,0.18282435147975382,0.46042881927252544,Southern Miss,Middle Tennessee,4,4,-10.8,400992663,2018-02-15
52,2,18:26,1106,1106,Giddy Potts Defensive Rebound.,38,39,-1,65,0.18475157852310747,0.4596372065355794,Southern Miss,Middle Tennessee,4,4,-10.8,400992663,2018-02-15
53,2,17:21,1041,1041,Nick King Defensive Rebound.,40,44,-4,18,0.12284089381708371,0.33861989230989864,Southern Miss,Middle Tennessee,4,4,-10.8,400992663,2018-02-15
54,2,17:03,1023,1023,Dominic Magee Defensive Rebound.,40,44,-4,28,0.12290700851022815,0.33709282121421313,Southern Miss,Middle Tennessee,4,4,-10.8,400992663,2018-02-15
55,2,16:35,995,995,Dominic Magee Defensive Rebound.,42,44,-2,11,0.16506635135911196,0.41487075750634866,Southern Miss,Middle Tennessee,4,4,-10.8,400992663,2018-02-15
56,2,16:24,984,984,Tyrik Dixon Defensive Rebound.,42,44,-2,6,0.16538210424959318,0.414285458485966,Southern Miss,Middle Tennessee,4,4,-10.8,400992663,2018-02-15
57,2,16:18,978,978,Cortez Edwards Defensive Rebound.,42,44,-2,51,0.16555149559752644,0.41395597458164246,Southern Miss,Middle Tennessee,4,4,-10.8,400992663,2018-02-15
58,2,15:27,927,927,Nick King missed Free Throw.,44,44,0,0,0.22289281131929256,0.5,Southern Miss,Middle Tennessee,4,4,-10.8,400992663,2018-02-15
59,2,15:27,927,927,Middle Tennessee Deadball Team Rebound.,44,44,0,0,0.22289281131929256,0.5,Southern Miss,Middle Tennessee,4,4,-10.8,400992663,2018-02-15
60,2,15:27,927,927,Nick King made Free Throw.,44,45,-1,14,0.19338454674301458,0.4552998962532634,Southern Miss,Middle Tennessee,4,4,-10.8,400992663,2018-02-15
61,2,15:13,913,913,Tim Rowe made Free Throw.,45,45,0,0,0.22380896440640166,0.5,Southern Miss,Middle Tennessee,4,4,-10.8,400992663,2018-02-15
62,2,15:13,913,913,Tim Rowe made Free Throw.,46,45,1,34,0.2567316461233687,0.5450227265046991,Southern Miss,Middle Tennessee,4,4,-10.8,400992663,2018-02-15
63,2,14:39,879,879,Dominic Magee made Free Throw.,47,48,-1,0,0.1954736949236033,0.45423303055258524,Southern Miss,Middle Tennessee,4,4,-10.8,400992663,2018-02-15
64,2,14:39,879,879,Dominic Magee made Free Throw.,48,48,0,17,0.22596340236397766,0.5,Southern Miss,Middle Tennessee,4,4,-10.8,400992663,2018-02-15
65,2,14:22,862,862,Kevin Holland Block.,48,48,0,2,0.22702801789709415,0.5,Southern Miss,Middle Tennessee,4,4,-10.8,400992663,2018-02-15
66,2,14:20,860,860,Kevin Holland Defensive Rebound.,48,48,0,78,0.22715361474475912,0.5,Southern Miss,Middle Tennessee,4,4,-10.8,400992663,2018-02-15
67,2,13:02,782,782,Dominic Magee Defensive Rebound.,52,50,2,22,0.30829242534034035,0.5955045520683807,Southern Miss,Middle Tennessee,4,4,-10.8,400992663,2018-02-15
68,2,12:40,760,760,Nick King Defensive Rebound.,52,50,2,18,0.3116147318374071,0.5969561405294912,Southern Miss,Middle Tennessee,4,4,-10.8,400992663,2018-02-15
69,2,12:22,742,742,Dominic Magee Defensive Rebound.,52,50,2,13,0.31462746832525984,0.5983106879301958,Southern Miss,Middle Tennessee,4,4,-10.8,400992663,2018-02-15
70,2,12:09,729,729,Brandon Walters Steal.,52,50,2,8,0.3169937569581294,0.5993951663649533,Southern Miss,Middle Tennessee,4,4,-10.8,400992663,2018-02-15
71,2,12:01,721,721,Dominic Magee Defensive Rebound.,52,50,2,34,0.3184623205228775,0.6000612365142074,Southern Miss,Middle Tennessee,4,4,-10.8,400992663,2018-02-15
72,2,11:27,687,687,Tyrik Dixon Defensive Rebound.,52,50,2,66,0.32425988214875906,0.6025286172003416,Southern Miss,Middle Tennessee,4,4,-10.8,400992663,2018-02-15
73,2,10:21,621,621,Dominic Magee missed Free Throw.,54,53,1,0,0.2886759955977141,0.5540742543098134,Southern Miss,Middle Tennessee,4,4,-10.8,400992663,2018-02-15
74,2,10:21,621,621,Southern Miss Deadball Team Rebound.,54,53,1,0,0.2886759955977141,0.5540742543098134,Southern Miss,Middle Tennessee,4,4,-10.8,400992663,2018-02-15
75,2,10:21,621,621,Dominic Magee missed Free Throw.,54,53,1,0,0.2886759955977141,0.5540742543098134,Southern Miss,Middle Tennessee,4,4,-10.8,400992663,2018-02-15
76,2,10:21,621,621,David Simmons Defensive Rebound.,54,53,1,44,0.2886759955977141,0.5540742543098134,Southern Miss,Middle Tennessee,4,4,-10.8,400992663,2018-02-15
77,2,9:37,577,577,Nick King Offensive Rebound.,54,56,-2,29,0.17569323864017936,0.3892766109020329,Southern Miss,Middle Tennessee,4,4,-10.8,400992663,2018-02-15
78,2,9:08,548,548,Giddy Potts Defensive Rebound.,54,58,-4,18,0.11845667526027383,0.28301712215555747,Southern Miss,Middle Tennessee,4,4,-10.8,400992663,2018-02-15
79,2,8:50,530,530,Nick King made Free Throw.,54,59,-5,0,0.09532503783611893,0.23433450172670217,Southern Miss,Middle Tennessee,4,4,-10.8,400992663,2018-02-15
80,2,8:50,530,530,Nick King made Free Throw.,54,60,-6,51,0.07676872945020514,0.194536989404243,Southern Miss,Middle Tennessee,4,4,-10.8,400992663,2018-02-15
81,2,7:59,479,479,Cortez Edwards Offensive Rebound.,56,60,-4,2,0.11662170514478458,0.27100768117382906,Southern Miss,Middle Tennessee,4,4,-10.8,400992663,2018-02-15
82,2,7:57,477,477,Cortez Edwards made Free Throw.,59,60,-1,92,0.2172324124956011,0.4383566577975484,Southern Miss,Middle Tennessee,4,4,-10.8,400992663,2018-02-15
83,2,6:25,385,385,Karl Gamble Defensive Rebound.,62,62,0,36,0.27670109005685206,0.5,Southern Miss,Middle Tennessee,4,4,-10.8,400992663,2018-02-15
84,2,5:49,349,349,Nick King Defensive Rebound.,62,64,-2,24,0.18041188522089616,0.35696948502375986,Southern Miss,Middle Tennessee,4,4,-10.8,400992663,2018-02-15
85,2,5:25,325,325,Nick King Offensive Rebound.,62,64,-2,25,0.18037397876370762,0.35098900816564577,Southern Miss,Middle Tennessee,4,4,-10.8,400992663,2018-02-15
86,2,5:00,300,300,Tyree Griffin Steal.,62,64,-2,1,0.1799691322004468,0.3439295230810013,Southern Miss,Middle Tennessee,4,4,-10.8,400992663,2018-02-15
87,2,4:59,299,299,Nick King Defensive Rebound.,62,64,-2,5,0.1800388630896886,0.34378013226751863,Southern Miss,Middle Tennessee,4,4,-10.8,400992663,2018-02-15
88,2,4:54,294,294,Dominic Magee Steal.,62,64,-2,11,0.18053023588749662,0.34325397557440446,Southern Miss,Middle Tennessee,4,4,-10.8,400992663,2018-02-15
89,2,4:43,283,283,LaDavius Draine Defensive Rebound.,62,64,-2,21,0.18232593141902814,0.34318325306169456,Southern Miss,Middle Tennessee,4,4,-10.8,400992663,2018-02-15
90,2,4:22,262,262,Middle Tennessee Defensive Rebound.,62,64,-2,40,0.18746030207065156,0.34548429737347536,Southern Miss,Middle Tennessee,4,4,-10.8,400992663,2018-02-15
91,2,3:42,222,222,David Simmons Defensive Rebound.,62,66,-4,22,0.11433999268229339,0.2195589403295805,Southern Miss,Middle Tennessee,4,4,-10.8,400992663,2018-02-15
92,2,3:20,200,200,Dominic Magee Defensive Rebound.,62,66,-4,85,0.10936997577736979,0.2061110477248617,Southern Miss,Middle Tennessee,4,4,-10.8,400992663,2018-02-15
93,2,1:55,115,115,Tim Rowe Defensive Rebound.,62,68,-6,26,0.019837771682725845,0.035895849009657275,Southern Miss,Middle Tennessee,4,4,-10.8,400992663,2018-02-15
94,2,1:29,89,89,David Simmons Defensive Rebound.,62,68,-6,21,0.011126224808079364,0.019329082611127032,Southern Miss,Middle Tennessee,4,4,-10.8,400992663,2018-02-15
95,2,1:08,68,68,David Simmons made Free Throw.,62,69,-7,0,0.0030093664904097873,0.005046136950358055,Southern Miss,Middle Tennessee,4,4,-10.8,400992663,2018-02-15
96,2,1:08,68,68,David Simmons made Free Throw.,62,70,-8,10,0.0014168810057790602,0.002378411984855291,Southern Miss,Middle Tennessee,4,4,-10.8,400992663,2018-02-15
97,2,0:58,58,58,Tyrik Dixon missed Free Throw.,62,70,-8,0,9.4988978536438e-4,0.001562568583583082,Southern Miss,Middle Tennessee,4,4,-10.8,400992663,2018-02-15
98,2,0:58,58,58,LaDavius Draine Defensive Rebound.,62,70,-8,9,9.4988978536438e-4,0.001562568583583082,Southern Miss,Middle Tennessee,4,4,-10.8,400992663,2018-02-15
99,2,0:49,49,49,Tyrik Dixon Defensive Rebound.,62,70,-8,3,6.501427378208786e-4,0.0010496715910321768,Southern Miss,Middle Tennessee,4,4,-10.8,400992663,2018-02-15
100,2,0:46,46,46,Antwain Johnson missed Free Throw.,62,70,-8,0,5.702881715979748e-4,9.149249940448696e-4,Southern Miss,Middle Tennessee,4,4,-10.8,400992663,2018-02-15
101,2,0:46,46,46,Tim Rowe Defensive Rebound.,62,70,-8,8,5.702881715979748e-4,9.149249940448696e-4,Southern Miss,Middle Tennessee,4,4,-10.8,400992663,2018-02-15
102,2,0:38,38,38,LaDavius Draine Offensive Rebound.,62,70,-8,4,3.9707841822585616e-4,6.261953901540951e-4,Southern Miss,Middle Tennessee,4,4,-10.8,400992663,2018-02-15
103,2,0:34,34,34,Giddy Potts Defensive Rebound.,62,70,-8,24,3.292933396700925e-4,5.147900884919416e-4,Southern Miss,Middle Tennessee,4,4,-10.8,400992663,2018-02-15
104,2,0:10,10,10,Southern Miss Offensive Rebound.,62,72,-10,6,1.0836195961013529e-5,1.6049836795663714e-5,Southern Miss,Middle Tennessee,4,4,-10.8,400992663,2018-02-15
105,2,0:04,4,4,David Simmons Defensive Rebound.,62,72,-10,4,7.1557618834092e-6,1.0450851848459445e-5,Southern Miss,Middle Tennessee,4,4,-10.8,400992663,2018-02-15
106,2,0:00,0,0,End of Game,62,72,-10,0,9.542947746365862e-88,1.3838965267367376e-87,Southern Miss,Middle Tennessee,4,4,-10.8,400992663,2018-02-15
