play_id,half,time_remaining_half,secs_remaining,secs_remaining_absolute,description,home_score,away_score,score_diff,play_length,win_prob,naive_win_prob,home,away,home_time_out_remaining,away_time_out_remaining,home_favored_by,game_id,date
1,1,20:00,2400,2400,PLAY,0,0,0,20,0.5,0.5,UMKC,Chicago State,4,4,NA,400990690,2018-02-15
2,1,19:40,2380,2380,Broderick Robinson Defensive Rebound.,0,0,0,20,0.5,0.5,UMKC,Chicago State,4,4,NA,400990690,2018-02-15
3,1,19:20,2360,2360,Glen Burns Defensive Rebound.,0,0,0,30,0.5,0.5,UMKC,Chicago State,4,4,NA,400990690,2018-02-15
4,1,18:50,2330,2330,Cameron Bowles Steal.,0,2,-2,7,0.4544740680669303,0.4544740680669303,UMKC,Chicago State,4,4,NA,400990690,2018-02-15
5,1,18:43,2323,2323,Aleer Leek Defensive Rebound.,0,2,-2,16,0.45432062009867336,0.45432062009867336,UMKC,Chicago State,4,4,NA,400990690,2018-02-15
6,1,18:27,2307,2307,Travon Bell Defensive Rebound.,0,2,-2,18,0.4539678046865719,0.4539678046865719,UMKC,Chicago State,4,4,NA,400990690,2018-02-15
7,1,18:09,2289,2289,Broderick Robinson Offensive Rebound.,0,2,-2,27,0.4535676529863345,0.4535676529863345,UMKC,Chicago State,4,4,NA,400990690,2018-02-15
8,1,17:42,2262,2262,Robert Knar Steal.,0,2,-2,26,0.452961654138631,0.452961654138631,UMKC,Chicago State,4,4,NA,400990690,2018-02-15
9,1,17:16,2236,2236,Chicago State Deadball Team Rebound.,0,2,-2,15,0.45237241150382773,0.45237241150382773,UMKC,Chicago State,4,4,NA,400990690,2018-02-15
10,1,17:01,2221,2221,Glen Burns made Free Throw.,0,3,-3,0,0.42832063468160925,0.42832063468160925,UMKC,Chicago State,4,4,NA,400990690,2018-02-15
11,1,17:01,2221,2221,Glen Burns missed Free Throw.,0,3,-3,0,0.42832063468160925,0.42832063468160925,UMKC,Chicago State,4,4,NA,400990690,2018-02-15
12,1,17:01,2221,2221,Robert Knar Defensive Rebound.,0,3,-3,23,0.42832063468160925,0.42832063468160925,UMKC,Chicago State,4,4,NA,400990690,2018-02-15
13,1,16:38,2198,2198,UMKC Offensive Rebound.,0,3,-3,12,0.4275390179287987,0.4275390179287987,UMKC,Chicago State,4,4,NA,400990690,2018-02-15
14,1,16:26,2186,2186,Chicago State Defensive Rebound.,0,3,-3,74,0.427129719175092,0.427129719175092,UMKC,Chicago State,4,4,NA,400990690,2018-02-15
15,1,15:12,2112,2112,UMKC Deadball Team Rebound.,2,5,-3,93,0.424578415039436,0.424578415039436,UMKC,Chicago State,4,4,NA,400990690,2018-02-15
16,1,13:39,2019,2019,Marco Smith Block.,6,7,-1,0,0.47356061194288745,0.47356061194288745,UMKC,Chicago State,4,4,NA,400990690,2018-02-15
17,1,13:39,2019,2019,Chicago State Offensive Rebound.,6,7,-1,3,0.47356061194288745,0.47356061194288745,UMKC,Chicago State,4,4,NA,400990690,2018-02-15
18,1,13:36,2016,2016,Marco Smith Steal.,6,7,-1,4,0.47352341939653925,0.47352341939653925,UMKC,Chicago State,4,4,NA,400990690,2018-02-15
19,1,13:32,2012,2012,Travon Bell Steal.,6,7,-1,76,0.47347374054000907,0.47347374054000907,UMKC,Chicago State,4,4,NA,400990690,2018-02-15
20,1,12:16,1936,1936,Marco Smith Defensive Rebound.,10,9,1,54,0.5274908705830678,0.5274908705830678,UMKC,Chicago State,4,4,NA,400990690,2018-02-15
21,1,11:22,1882,1882,Jordan Giles Defensive Rebound.,13,11,2,7,0.5562051465402925,0.5562051465402925,UMKC,Chicago State,4,4,NA,400990690,2018-02-15
22,1,11:15,1875,1875,Glen Burns Block.,13,11,2,0,0.5563851594956053,0.5563851594956053,UMKC,Chicago State,4,4,NA,400990690,2018-02-15
23,1,11:15,1875,1875,UMKC Offensive Rebound.,13,11,2,28,0.5563851594956053,0.5563851594956053,UMKC,Chicago State,4,4,NA,400990690,2018-02-15
24,1,10:47,1847,1847,Glen Burns made Free Throw.,15,12,3,0,0.5851970156624611,0.5851970156624611,UMKC,Chicago State,4,4,NA,400990690,2018-02-15
25,1,10:47,1847,1847,Glen Burns made Free Throw.,15,13,2,51,0.5571072013834203,0.5571072013834203,UMKC,Chicago State,4,4,NA,400990690,2018-02-15
26,1,9:56,1796,1796,Montana Byrd made Free Throw.,20,14,6,0,0.6691830398251778,0.6691830398251778,UMKC,Chicago State,4,4,NA,400990690,2018-02-15
27,1,9:56,1796,1796,Montana Byrd missed Free Throw.,20,14,6,0,0.6691830398251778,0.6691830398251778,UMKC,Chicago State,4,4,NA,400990690,2018-02-15
28,1,9:56,1796,1796,Jordan Giles Defensive Rebound.,20,14,6,33,0.6691830398251778,0.6691830398251778,UMKC,Chicago State,4,4,NA,400990690,2018-02-15
29,1,9:23,1763,1763,Tony Jackson Offensive Rebound.,20,14,6,3,0.6715537892871353,0.6715537892871353,UMKC,Chicago State,4,4,NA,400990690,2018-02-15
30,1,9:20,1760,1760,Tony Jackson made Two Point Tip Shot.,22,14,8,24,0.7221085888179429,0.7221085888179429,UMKC,Chicago State,4,4,NA,400990690,2018-02-15
31,1,8:56,1736,1736,Tony Jackson Block.,22,14,8,3,0.7242410860807783,0.7242410860807783,UMKC,Chicago State,4,4,NA,400990690,2018-02-15
32,1,8:53,1733,1733,Broderick Robinson Defensive Rebound.,22,14,8,97,0.7245100259514932,0.7245100259514932,UMKC,Chicago State,4,4,NA,400990690,2018-02-15
33,1,7:16,1636,1636,Brandon McKissic made Free Throw.,28,16,12,0,0.8200558721369504,0.8200558721369504,UMKC,Chicago State,4,4,NA,400990690,2018-02-15
34,1,7:16,1636,1636,Brandon McKissic made Free Throw.,29,16,13,21,0.837959017448217,0.837959017448217,UMKC,Chicago State,4,4,NA,400990690,2018-02-15
35,1,6:55,1615,1615,Marco Smith Defensive Rebound.,29,16,13,22,0.8399806159196956,0.8399806159196956,UMKC,Chicago State,4,4,NA,400990690,2018-02-15
36,1,6:33,1593,1593,Montana Byrd made Free Throw.,32,17,15,0,0.8733790355493712,0.8733790355493712,UMKC,Chicago State,4,4,NA,400990690,2018-02-15
37,1,6:33,1593,1593,Montana Byrd missed Free Throw.,32,17,15,0,0.8733790355493712,0.8733790355493712,UMKC,Chicago State,4,4,NA,400990690,2018-02-15
38,1,6:33,1593,1593,Broderick Robinson Defensive Rebound.,32,17,15,15,0.8733790355493712,0.8733790355493712,UMKC,Chicago State,4,4,NA,400990690,2018-02-15
39,1,6:18,1578,1578,Glen Burns Defensive Rebound.,32,17,15,8,0.8747337978863895,0.8747337978863895,UMKC,Chicago State,4,4,NA,400990690,2018-02-15
40,1,6:10,1570,1570,Glen Burns missed Free Throw.,32,17,15,0,0.8754550271435364,0.8754550271435364,UMKC,Chicago State,4,4,NA,400990690,2018-02-15
41,1,6:10,1570,1570,Chicago State Deadball Team Rebound.,32,17,15,0,0.8754550271435364,0.8754550271435364,UMKC,Chicago State,4,4,NA,400990690,2018-02-15
42,1,6:10,1570,1570,Glen Burns missed Free Throw.,32,17,15,0,0.8754550271435364,0.8754550271435364,UMKC,Chicago State,4,4,NA,400990690,2018-02-15
43,1,6:10,1570,1570,Isaiah Ross Defensive Rebound.,32,17,15,24,0.8754550271435364,0.8754550271435364,UMKC,Chicago State,4,4,NA,400990690,2018-02-15
44,1,5:46,1546,1546,Cameron Bowles Defensive Rebound.,32,17,15,29,0.8776236007438503,0.8776236007438503,UMKC,Chicago State,4,4,NA,400990690,2018-02-15
45,1,5:17,1517,1517,Chicago State Defensive Rebound.,32,17,15,34,0.8802793013732481,0.8802793013732481,UMKC,Chicago State,4,4,NA,400990690,2018-02-15
46,1,4:43,1483,1483,Jordan Giles missed Free Throw.,32,19,13,0,0.8526801333772842,0.8526801333772842,UMKC,Chicago State,4,4,NA,400990690,2018-02-15
47,1,4:43,1483,1483,UMKC Deadball Team Rebound.,32,19,13,0,0.8526801333772842,0.8526801333772842,UMKC,Chicago State,4,4,NA,400990690,2018-02-15
48,1,4:43,1483,1483,Jordan Giles made Free Throw.,33,19,14,59,0.8688510686393774,0.8688510686393774,UMKC,Chicago State,4,4,NA,400990690,2018-02-15
49,1,3:44,1424,1424,UMKC Defensive Rebound.,36,19,17,59,0.9138364186212949,0.9138364186212949,UMKC,Chicago State,4,4,NA,400990690,2018-02-15
50,1,2:45,1365,1365,Deionte Simmons Defensive Rebound.,36,21,15,35,0.8945859236191115,0.8945859236191115,UMKC,Chicago State,4,4,NA,400990690,2018-02-15
51,1,2:10,1330,1330,Deionte Simmons Block.,36,23,13,3,0.8677734851086776,0.8677734851086776,UMKC,Chicago State,4,4,NA,400990690,2018-02-15
52,1,2:07,1327,1327,UMKC Offensive Rebound.,36,23,13,12,0.8680542617647674,0.8680542617647674,UMKC,Chicago State,4,4,NA,400990690,2018-02-15
53,1,1:55,1315,1315,Jordan Giles Defensive Rebound.,36,23,13,13,0.8691843137385854,0.8691843137385854,UMKC,Chicago State,4,4,NA,400990690,2018-02-15
54,1,1:42,1302,1302,Jordan Giles made Free Throw.,37,23,14,0,0.8860728403305898,0.8860728403305898,UMKC,Chicago State,4,4,NA,400990690,2018-02-15
55,1,1:42,1302,1302,Jordan Giles made Free Throw.,38,23,15,11,0.9000479077597144,0.9000479077597144,UMKC,Chicago State,4,4,NA,400990690,2018-02-15
56,1,1:31,1291,1291,Deionte Simmons missed Free Throw.,38,23,15,0,0.901029505446789,0.901029505446789,UMKC,Chicago State,4,4,NA,400990690,2018-02-15
57,1,1:31,1291,1291,Chicago State Deadball Team Rebound.,38,23,15,0,0.901029505446789,0.901029505446789,UMKC,Chicago State,4,4,NA,400990690,2018-02-15
58,1,1:31,1291,1291,Deionte Simmons missed Free Throw.,38,23,15,0,0.901029505446789,0.901029505446789,UMKC,Chicago State,4,4,NA,400990690,2018-02-15
59,1,1:31,1291,1291,Jordan Giles Defensive Rebound.,38,23,15,29,0.901029505446789,0.901029505446789,UMKC,Chicago State,4,4,NA,400990690,2018-02-15
60,1,1:02,1262,1262,Brandon McKissic Offensive Rebound.,38,23,15,8,0.9037027754886566,0.9037027754886566,UMKC,Chicago State,4,4,NA,400990690,2018-02-15
61,1,0:54,1254,1254,Jordan Giles made Free Throw.,39,23,16,0,0.9166540892848403,0.9166540892848403,UMKC,Chicago State,4,4,NA,400990690,2018-02-15
62,1,0:54,1254,1254,Jordan Giles missed Free Throw.,39,23,16,0,0.9166540892848403,0.9166540892848403,UMKC,Chicago State,4,4,NA,400990690,2018-02-15
63,1,0:54,1254,1254,Deionte Simmons Defensive Rebound.,39,23,16,13,0.9166540892848403,0.9166540892848403,UMKC,Chicago State,4,4,NA,400990690,2018-02-15
64,1,0:41,1241,1241,Jordan Giles Defensive Rebound.,39,23,16,18,0.9178516314769697,0.9178516314769697,UMKC,Chicago State,4,4,NA,400990690,2018-02-15
65,1,0:23,1223,1223,Montana Byrd Defensive Rebound.,39,23,16,22,0.9195687280473349,0.9195687280473349,UMKC,Chicago State,4,4,NA,400990690,2018-02-15
66,1,0:01,1201,1201,Marco Smith Defensive Rebound.,39,23,16,1,0.921747311169287,0.921747311169287,UMKC,Chicago State,4,4,NA,400990690,2018-02-15
67,1,0:00,1200,1200,End of 1st half,39,23,16,0,0.9218447990893213,0.9218447990893213,UMKC,Chicago State,4,4,NA,400990690,2018-02-15
68,2,20:00,1200,1200,PLAY,39,23,16,43,0.9218447990893213,0.9218447990893213,UMKC,Chicago State,4,4,NA,400990690,2018-02-15
69,2,19:17,1157,1157,Montana Byrd Defensive Rebound.,39,26,13,53,0.8860125399209862,0.8860125399209862,UMKC,Chicago State,4,4,NA,400990690,2018-02-15
70,2,18:24,1104,1104,Deionte Simmons Defensive Rebound.,39,28,11,72,0.855896001554752,0.855896001554752,UMKC,Chicago State,4,4,NA,400990690,2018-02-15
71,2,17:12,1032,1032,Cameron Bowles Defensive Rebound.,41,33,8,46,0.7934147415027376,0.7934147415027376,UMKC,Chicago State,4,4,NA,400990690,2018-02-15
72,2,16:26,986,986,Deionte Simmons Defensive Rebound.,41,35,6,49,0.7383662421456677,0.7383662421456677,UMKC,Chicago State,4,4,NA,400990690,2018-02-15
73,2,15:37,937,937,Deionte Simmons Defensive Rebound.,41,38,3,44,0.6306307942334969,0.6306307942334969,UMKC,Chicago State,4,4,NA,400990690,2018-02-15
74,2,14:53,893,893,Rob Shaw missed Free Throw.,43,40,3,0,0.6334579051552606,0.6334579051552606,UMKC,Chicago State,4,4,NA,400990690,2018-02-15
75,2,14:53,893,893,Chicago State Deadball Team Rebound.,43,40,3,0,0.6334579051552606,0.6334579051552606,UMKC,Chicago State,4,4,NA,400990690,2018-02-15
76,2,14:53,893,893,Rob Shaw made Free Throw.,43,41,2,41,0.5901825596212095,0.5901825596212095,UMKC,Chicago State,4,4,NA,400990690,2018-02-15
77,2,14:12,852,852,Deionte Simmons Defensive Rebound.,43,43,0,28,0.5,0.5,UMKC,Chicago State,4,4,NA,400990690,2018-02-15
78,2,13:44,824,824,Brandon McKissic missed Free Throw.,43,45,-2,0,0.4067833961304089,0.4067833961304089,UMKC,Chicago State,4,4,NA,400990690,2018-02-15
79,2,13:44,824,824,UMKC Deadball Team Rebound.,43,45,-2,0,0.4067833961304089,0.4067833961304089,UMKC,Chicago State,4,4,NA,400990690,2018-02-15
80,2,13:44,824,824,Brandon McKissic missed Free Throw.,43,45,-2,0,0.4067833961304089,0.4067833961304089,UMKC,Chicago State,4,4,NA,400990690,2018-02-15
81,2,13:44,824,824,Deionte Simmons Defensive Rebound.,43,45,-2,19,0.4067833961304089,0.4067833961304089,UMKC,Chicago State,4,4,NA,400990690,2018-02-15
82,2,13:25,805,805,Broderick Robinson Defensive Rebound.,43,45,-2,28,0.4058144077966564,0.4058144077966564,UMKC,Chicago State,4,4,NA,400990690,2018-02-15
83,2,12:57,777,777,Deionte Simmons Steal.,45,47,-2,11,0.40418336394133575,0.40418336394133575,UMKC,Chicago State,4,4,NA,400990690,2018-02-15
84,2,12:46,766,766,Glen Burns made Free Throw.,45,50,-5,12,0.27335500472959806,0.27335500472959806,UMKC,Chicago State,4,4,NA,400990690,2018-02-15
85,2,12:34,754,754,Xavier Bishop made Free Throw.,46,50,-4,0,0.31234023152471935,0.31234023152471935,UMKC,Chicago State,4,4,NA,400990690,2018-02-15
86,2,12:34,754,754,Xavier Bishop made Free Throw.,47,50,-3,13,0.35619883337531866,0.35619883337531866,UMKC,Chicago State,4,4,NA,400990690,2018-02-15
87,2,12:21,741,741,Brandon McKissic Steal.,47,50,-3,19,0.35476772693674924,0.35476772693674924,UMKC,Chicago State,4,4,NA,400990690,2018-02-15
88,2,12:02,722,722,Isaiah Ross Offensive Rebound.,47,50,-3,4,0.3524986965189899,0.3524986965189899,UMKC,Chicago State,4,4,NA,400990690,2018-02-15
89,2,11:58,718,718,Isaiah Ross missed Two Point Tip Shot.,47,50,-3,0,0.3520414353562755,0.3520414353562755,UMKC,Chicago State,4,4,NA,400990690,2018-02-15
90,2,11:58,718,718,Deionte Simmons Defensive Rebound.,47,50,-3,64,0.3520414353562755,0.3520414353562755,UMKC,Chicago State,4,4,NA,400990690,2018-02-15
91,2,10:54,654,654,Deionte Simmons Offensive Rebound.,50,50,0,6,0.5,0.5,UMKC,Chicago State,4,4,NA,400990690,2018-02-15
92,2,10:48,648,648,Brandon McKissic Steal.,50,50,0,6,0.5,0.5,UMKC,Chicago State,4,4,NA,400990690,2018-02-15
93,2,10:42,642,642,Broderick Robinson Offensive Rebound.,50,50,0,6,0.5,0.5,UMKC,Chicago State,4,4,NA,400990690,2018-02-15
94,2,10:36,636,636,Deionte Simmons Steal.,50,50,0,26,0.5,0.5,UMKC,Chicago State,4,4,NA,400990690,2018-02-15
95,2,10:10,610,610,Rob Shaw Offensive Rebound.,50,50,0,50,0.5,0.5,UMKC,Chicago State,4,4,NA,400990690,2018-02-15
96,2,9:20,560,560,Brandon McKissic Steal.,53,52,1,47,0.5570451802408178,0.5570451802408178,UMKC,Chicago State,4,4,NA,400990690,2018-02-15
97,2,8:33,513,513,Brandon McKissic Offensive Rebound.,55,52,3,8,0.672856535915683,0.672856535915683,UMKC,Chicago State,4,4,NA,400990690,2018-02-15
98,2,8:25,505,505,Brandon McKissic made Free Throw.,56,52,4,0,0.7247015136995009,0.7247015136995009,UMKC,Chicago State,4,4,NA,400990690,2018-02-15
99,2,8:25,505,505,Brandon McKissic made Free Throw.,57,52,5,11,0.7702777049175831,0.7702777049175831,UMKC,Chicago State,4,4,NA,400990690,2018-02-15
100,2,8:14,494,494,Broderick Robinson Defensive Rebound.,57,52,5,11,0.7722236478441535,0.7722236478441535,UMKC,Chicago State,4,4,NA,400990690,2018-02-15
101,2,8:03,483,483,Brandon McKissic missed Free Throw.,57,52,5,0,0.7742493109787558,0.7742493109787558,UMKC,Chicago State,4,4,NA,400990690,2018-02-15
102,2,8:03,483,483,UMKC Deadball Team Rebound.,57,52,5,0,0.7742493109787558,0.7742493109787558,UMKC,Chicago State,4,4,NA,400990690,2018-02-15
103,2,8:03,483,483,Brandon McKissic made Free Throw.,58,52,6,12,0.81441472120447,0.81441472120447,UMKC,Chicago State,4,4,NA,400990690,2018-02-15
104,2,7:51,471,471,Jordan Giles Defensive Rebound.,58,52,6,20,0.8169066637007325,0.8169066637007325,UMKC,Chicago State,4,4,NA,400990690,2018-02-15
105,2,7:31,451,451,Travon Bell Defensive Rebound.,58,52,6,21,0.8218113880338564,0.8218113880338564,UMKC,Chicago State,4,4,NA,400990690,2018-02-15
106,2,7:10,430,430,Broderick Robinson Defensive Rebound.,58,52,6,11,0.8284184008073894,0.8284184008073894,UMKC,Chicago State,4,4,NA,400990690,2018-02-15
107,2,6:59,419,419,Montana Byrd Defensive Rebound.,58,52,6,76,0.8321650361640544,0.8321650361640544,UMKC,Chicago State,4,4,NA,400990690,2018-02-15
108,2,5:43,343,343,Deionte Simmons made Free Throw.,61,55,6,0,0.8561110404662139,0.8561110404662139,UMKC,Chicago State,4,4,NA,400990690,2018-02-15
109,2,5:43,343,343,Deionte Simmons made Free Throw.,61,56,5,35,0.8154969719579099,0.8154969719579099,UMKC,Chicago State,4,4,NA,400990690,2018-02-15
110,2,5:08,308,308,Broderick Robinson Steal.,64,56,8,3,0.9276754991579231,0.9276754991579231,UMKC,Chicago State,4,4,NA,400990690,2018-02-15
111,2,5:05,305,305,Rob Shaw Defensive Rebound.,64,56,8,13,0.92862576816169,0.92862576816169,UMKC,Chicago State,4,4,NA,400990690,2018-02-15
112,2,4:52,292,292,Glen Burns Steal.,64,56,8,1,0.9306909907962632,0.9306909907962632,UMKC,Chicago State,4,4,NA,400990690,2018-02-15
113,2,4:51,291,291,Glen Burns missed Free Throw.,64,56,8,0,0.9307355154705875,0.9307355154705875,UMKC,Chicago State,4,4,NA,400990690,2018-02-15
114,2,4:51,291,291,Chicago State Deadball Team Rebound.,64,56,8,0,0.9307355154705875,0.9307355154705875,UMKC,Chicago State,4,4,NA,400990690,2018-02-15
115,2,4:51,291,291,Glen Burns made Free Throw.,64,57,7,22,0.90664042625352,0.90664042625352,UMKC,Chicago State,4,4,NA,400990690,2018-02-15
116,2,4:29,269,269,Brandon McKissic made Free Throw.,65,57,8,0,0.9290823828756328,0.9290823828756328,UMKC,Chicago State,4,4,NA,400990690,2018-02-15
117,2,4:29,269,269,Brandon McKissic made Free Throw.,66,57,9,12,0.9475621241505456,0.9475621241505456,UMKC,Chicago State,4,4,NA,400990690,2018-02-15
118,2,4:17,257,257,Deionte Simmons made Free Throw.,66,58,8,0,0.9271440591986142,0.9271440591986142,UMKC,Chicago State,4,4,NA,400990690,2018-02-15
119,2,4:17,257,257,Deionte Simmons made Free Throw.,66,59,7,34,0.9025312735463765,0.9025312735463765,UMKC,Chicago State,4,4,NA,400990690,2018-02-15
120,2,3:43,223,223,Brandon McKissic missed Free Throw.,69,61,8,0,0.9264342070472563,0.9264342070472563,UMKC,Chicago State,4,4,NA,400990690,2018-02-15
121,2,3:43,223,223,Cameron Bowles Defensive Rebound.,69,61,8,17,0.9264342070472563,0.9264342070472563,UMKC,Chicago State,4,4,NA,400990690,2018-02-15
122,2,3:26,206,206,Deionte Simmons Offensive Rebound.,69,61,8,72,0.9330574313931139,0.9330574313931139,UMKC,Chicago State,4,4,NA,400990690,2018-02-15
123,2,2:14,134,134,Jordan Giles made Free Throw.,72,65,7,0,0.9680557527414833,0.9680557527414833,UMKC,Chicago State,4,4,NA,400990690,2018-02-15
124,2,2:14,134,134,Jordan Giles made Free Throw.,73,65,8,38,0.9801329529322418,0.9801329529322418,UMKC,Chicago State,4,4,NA,400990690,2018-02-15
125,2,1:36,96,96,Xavier Bishop made Free Throw.,74,67,7,0,0.9874278281128186,0.9874278281128186,UMKC,Chicago State,4,4,NA,400990690,2018-02-15
126,2,1:36,96,96,Xavier Bishop missed Free Throw.,74,67,7,0,0.9874278281128186,0.9874278281128186,UMKC,Chicago State,4,4,NA,400990690,2018-02-15
127,2,1:36,96,96,Glen Burns Defensive Rebound.,74,67,7,62,0.9874278281128186,0.9874278281128186,UMKC,Chicago State,4,4,NA,400990690,2018-02-15
128,2,0:34,34,34,Broderick Robinson Defensive Rebound.,76,67,9,34,0.9998001294907816,0.9998001294907816,UMKC,Chicago State,4,4,NA,400990690,2018-02-15
129,2,0:00,0,0,End of Game,76,67,9,0,1,1,UMKC,Chicago State,4,4,NA,400990690,2018-02-15
