play_id,half,time_remaining_half,secs_remaining,secs_remaining_absolute,description,home_score,away_score,score_diff,play_length,win_prob,naive_win_prob,home,away,home_time_out_remaining,away_time_out_remaining,home_favored_by,game_id,date
1,1,20:00,2400,2400,PLAY,0,0,0,10,0.49598931044056416,0.5,Louisiana Tech,UAB,4,4,-0.1,400992664,2018-02-15
2,1,19:50,2390,2390,William Lee Defensive Rebound.,0,0,0,18,0.49599331253274337,0.5,Louisiana Tech,UAB,4,4,-0.1,400992664,2018-02-15
3,1,19:32,2372,2372,Anthony Duruji Block.,0,0,0,12,0.4960006376226697,0.5,Louisiana Tech,UAB,4,4,-0.1,400992664,2018-02-15
4,1,19:20,2360,2360,Oliver Powell Defensive Rebound.,0,0,0,10,0.4960056093025033,0.5,Louisiana Tech,UAB,4,4,-0.1,400992664,2018-02-15
5,1,19:10,2350,2350,Chris Cokley Defensive Rebound.,0,0,0,9,0.49600980731592453,0.5,Louisiana Tech,UAB,4,4,-0.1,400992664,2018-02-15
6,1,19:01,2341,2341,William Lee made Free Throw.,0,1,-1,0,0.47333366044814235,0.47731038381294444,Louisiana Tech,UAB,4,4,-0.1,400992664,2018-02-15
7,1,19:01,2341,2341,William Lee missed Free Throw.,0,1,-1,0,0.47333366044814235,0.47731038381294444,Louisiana Tech,UAB,4,4,-0.1,400992664,2018-02-15
8,1,19:01,2341,2341,Anthony Duruji Defensive Rebound.,0,1,-1,38,0.47333366044814235,0.47731038381294444,Louisiana Tech,UAB,4,4,-0.1,400992664,2018-02-15
9,1,18:23,2303,2303,Oliver Powell Block.,4,3,1,7,0.5191469323503264,0.5231096782180614,Louisiana Tech,UAB,4,4,-0.1,400992664,2018-02-15
10,1,18:16,2296,2296,Derric Jean Defensive Rebound.,4,3,1,15,0.5192283794139279,0.5231879356419173,Louisiana Tech,UAB,4,4,-0.1,400992664,2018-02-15
11,1,18:01,2281,2281,Jy'lan Washington Defensive Rebound.,4,3,1,21,0.5194038320287678,0.5233564625369095,Louisiana Tech,UAB,4,4,-0.1,400992664,2018-02-15
12,1,17:40,2260,2260,Oliver Powell Defensive Rebound.,4,3,1,31,0.519651441471606,0.5235941644404918,Louisiana Tech,UAB,4,4,-0.1,400992664,2018-02-15
13,1,17:09,2229,2229,UAB Offensive Rebound.,7,3,4,3,0.5909093593645836,0.5947090144780959,Louisiana Tech,UAB,4,4,-0.1,400992664,2018-02-15
14,1,17:06,2226,2226,Jacobi Boykins Defensive Rebound.,7,3,4,56,0.5910443587566289,0.5948422040029784,Louisiana Tech,UAB,4,4,-0.1,400992664,2018-02-15
15,1,16:10,2170,2170,Jacobi Boykins Defensive Rebound.,9,3,6,33,0.6401449931552732,0.6437356282249784,Louisiana Tech,UAB,4,4,-0.1,400992664,2018-02-15
16,1,15:37,2137,2137,Nick Norton Defensive Rebound.,11,5,6,57,0.6422978219127625,0.6458627311999575,Louisiana Tech,UAB,4,4,-0.1,400992664,2018-02-15
17,1,14:40,2080,2080,Jy'lan Washington Block.,13,7,6,1,0.6460668004711733,0.6495855880612839,Louisiana Tech,UAB,4,4,-0.1,400992664,2018-02-15
18,1,14:39,2079,2079,Louisiana Tech Defensive Rebound.,13,7,6,17,0.6461335684184409,0.649651527967279,Louisiana Tech,UAB,4,4,-0.1,400992664,2018-02-15
19,1,14:22,2062,2062,Jacobi Boykins made Free Throw.,14,7,7,0,0.6705807819002435,0.6739696562878642,Louisiana Tech,UAB,4,4,-0.1,400992664,2018-02-15
20,1,14:22,2062,2062,Jacobi Boykins made Free Throw.,15,7,8,16,0.6930793197115198,0.6963415503158373,Louisiana Tech,UAB,4,4,-0.1,400992664,2018-02-15
21,1,14:06,2046,2046,Chris Cokley Offensive Rebound.,15,7,8,4,0.694415729837625,0.697661995107545,Louisiana Tech,UAB,4,4,-0.1,400992664,2018-02-15
22,1,14:02,2042,2042,DaQuan Bracey Steal.,15,7,8,5,0.6947509163824409,0.6979931637199664,Louisiana Tech,UAB,4,4,-0.1,400992664,2018-02-15
23,1,13:57,2037,2037,Louisiana Tech Offensive Rebound.,15,7,8,99,0.6951705269247229,0.6984077368953042,Louisiana Tech,UAB,4,4,-0.1,400992664,2018-02-15
24,1,12:18,1938,1938,Lewis Sullivan Defensive Rebound.,21,12,9,40,0.726047113781046,0.7290354604024315,Louisiana Tech,UAB,4,4,-0.1,400992664,2018-02-15
25,1,11:38,1898,1898,Jy'lan Washington Defensive Rebound.,24,12,12,7,0.7907884571966494,0.793254367937778,Louisiana Tech,UAB,4,4,-0.1,400992664,2018-02-15
26,1,11:31,1891,1891,Nick Norton Defensive Rebound.,24,12,12,13,0.7915139106738177,0.7939704065709284,Louisiana Tech,UAB,4,4,-0.1,400992664,2018-02-15
27,1,11:18,1878,1878,Jy'lan Washington Steal.,24,12,12,7,0.7928569047183606,0.7952959002950472,Louisiana Tech,UAB,4,4,-0.1,400992664,2018-02-15
28,1,11:11,1871,1871,Derric Jean Offensive Rebound.,24,12,12,31,0.7935781346485608,0.7960076964289736,Louisiana Tech,UAB,4,4,-0.1,400992664,2018-02-15
29,1,10:40,1840,1840,Exavian Christon Defensive Rebound.,26,12,14,9,0.8315065842378743,0.833571323687699,Louisiana Tech,UAB,4,4,-0.1,400992664,2018-02-15
30,1,10:31,1831,1831,Jalen Perry Defensive Rebound.,26,12,14,45,0.8324370261438476,0.8344891015762674,Louisiana Tech,UAB,4,4,-0.1,400992664,2018-02-15
31,1,9:46,1786,1786,DaQuan Bracey made Free Throw.,27,15,12,0,0.8023082230329133,0.8046221881848679,Louisiana Tech,UAB,4,4,-0.1,400992664,2018-02-15
32,1,9:46,1786,1786,DaQuan Bracey missed Free Throw.,27,15,12,0,0.8023082230329133,0.8046221881848679,Louisiana Tech,UAB,4,4,-0.1,400992664,2018-02-15
33,1,9:46,1786,1786,Zack Bryant Defensive Rebound.,27,15,12,28,0.8023082230329133,0.8046221881848679,Louisiana Tech,UAB,4,4,-0.1,400992664,2018-02-15
34,1,9:18,1758,1758,Chris Cokley Offensive Rebound.,27,15,12,31,0.805207692188707,0.8074829537170116,Louisiana Tech,UAB,4,4,-0.1,400992664,2018-02-15
35,1,8:47,1727,1727,Zack Bryant Steal.,27,17,10,2,0.7680947779790238,0.770663563600176,Louisiana Tech,UAB,4,4,-0.1,400992664,2018-02-15
36,1,8:45,1725,1725,Zack Bryant made Free Throw.,27,20,7,16,0.6973612714055497,0.7004066848235114,Louisiana Tech,UAB,4,4,-0.1,400992664,2018-02-15
37,1,8:29,1709,1709,Nick Norton Defensive Rebound.,27,20,7,12,0.6987185881910066,0.7017459666810618,Louisiana Tech,UAB,4,4,-0.1,400992664,2018-02-15
38,1,8:17,1697,1697,Oliver Powell Defensive Rebound.,27,20,7,16,0.6997486728965244,0.7027624093689702,Louisiana Tech,UAB,4,4,-0.1,400992664,2018-02-15
39,1,8:01,1681,1681,UAB Defensive Rebound.,27,20,7,22,0.7011302570525471,0.704125667584163,Louisiana Tech,UAB,4,4,-0.1,400992664,2018-02-15
40,1,7:39,1659,1659,UAB Offensive Rebound.,27,20,7,8,0.7029812074022397,0.7059513110105142,Louisiana Tech,UAB,4,4,-0.1,400992664,2018-02-15
41,1,7:31,1651,1651,Amorie Archibald Defensive Rebound.,27,20,7,7,0.7036410498551858,0.7066019195593829,Louisiana Tech,UAB,4,4,-0.1,400992664,2018-02-15
42,1,7:24,1644,1644,William Lee Defensive Rebound.,27,20,7,20,0.7042136892877803,0.7071664636871585,Louisiana Tech,UAB,4,4,-0.1,400992664,2018-02-15
43,1,7:04,1624,1624,Jacobi Boykins Defensive Rebound.,27,20,7,19,0.7058306507499803,0.7087602057337477,Louisiana Tech,UAB,4,4,-0.1,400992664,2018-02-15
44,1,6:45,1605,1605,William Lee Defensive Rebound.,27,20,7,161,0.7073496705140137,0.7102570260120182,Louisiana Tech,UAB,4,4,-0.1,400992664,2018-02-15
45,1,4:04,1444,1444,Amorie Archibald missed Free Throw.,29,24,5,0,0.6625084946986067,0.6655241451732428,Louisiana Tech,UAB,4,4,-0.1,400992664,2018-02-15
46,1,4:04,1444,1444,Chris Cokley Defensive Rebound.,29,24,5,27,0.6625084946986067,0.6655241451732428,Louisiana Tech,UAB,4,4,-0.1,400992664,2018-02-15
47,1,3:37,1417,1417,Jacobi Boykins Steal.,29,24,5,4,0.6644833327838475,0.6674686568334077,Louisiana Tech,UAB,4,4,-0.1,400992664,2018-02-15
48,1,3:33,1413,1413,DaQuan Bracey Offensive Rebound.,29,24,5,3,0.6647680014155362,0.6677488282967808,Louisiana Tech,UAB,4,4,-0.1,400992664,2018-02-15
49,1,3:30,1410,1410,Jy'lan Washington Offensive Rebound.,29,24,5,4,0.664980429534372,0.6679578822135886,Louisiana Tech,UAB,4,4,-0.1,400992664,2018-02-15
50,1,3:26,1406,1406,Chris Cokley Defensive Rebound.,29,24,5,16,0.665262349539932,0.6682353012593973,Louisiana Tech,UAB,4,4,-0.1,400992664,2018-02-15
51,1,3:10,1390,1390,Amorie Archibald Defensive Rebound.,29,24,5,14,0.6663776807912667,0.669332599385526,Louisiana Tech,UAB,4,4,-0.1,400992664,2018-02-15
52,1,2:56,1376,1376,Jy'lan Washington made Free Throw.,30,24,6,0,0.6980611978687278,0.7008505450330019,Louisiana Tech,UAB,4,4,-0.1,400992664,2018-02-15
53,1,2:56,1376,1376,Jy'lan Washington made Free Throw.,31,24,7,52,0.7271031196553319,0.7297280503340247,Louisiana Tech,UAB,4,4,-0.1,400992664,2018-02-15
54,1,2:04,1324,1324,Jalen Perry Defensive Rebound.,31,26,5,7,0.6709392670988649,0.6738189082144527,Louisiana Tech,UAB,4,4,-0.1,400992664,2018-02-15
55,1,1:57,1317,1317,Jy'lan Washington Defensive Rebound.,31,26,5,116,0.6714357950536032,0.6743073289888779,Louisiana Tech,UAB,4,4,-0.1,400992664,2018-02-15
56,1,0:01,1201,1201,William Lee Block.,36,32,4,0,0.6465664721914626,0.649440775217143,Louisiana Tech,UAB,4,4,-0.1,400992664,2018-02-15
57,1,0:01,1201,1201,UAB Defensive Rebound.,36,32,4,1,0.6465664721914626,0.649440775217143,Louisiana Tech,UAB,4,4,-0.1,400992664,2018-02-15
58,1,0:00,1200,1200,End of 1st half,36,32,4,0,0.6466445920693189,0.6495177425372646,Louisiana Tech,UAB,4,4,-0.1,400992664,2018-02-15
59,2,20:00,1200,1200,PLAY,36,32,4,13,0.6466445920693189,0.6495177425372646,Louisiana Tech,UAB,4,4,-0.1,400992664,2018-02-15
60,2,19:47,1187,1187,Derric Jean Steal.,36,32,4,38,0.647646354628412,0.6505046144037451,Louisiana Tech,UAB,4,4,-0.1,400992664,2018-02-15
61,2,19:09,1149,1149,Jacobi Boykins Defensive Rebound.,38,32,6,15,0.7186678102175512,0.7211694179792126,Louisiana Tech,UAB,4,4,-0.1,400992664,2018-02-15
62,2,18:54,1134,1134,Chris Cokley Defensive Rebound.,38,32,6,20,0.7201199898254692,0.7226025034143473,Louisiana Tech,UAB,4,4,-0.1,400992664,2018-02-15
63,2,18:34,1114,1114,Chris Cokley Offensive Rebound.,38,32,6,9,0.7220561906941944,0.7245132890983976,Louisiana Tech,UAB,4,4,-0.1,400992664,2018-02-15
64,2,18:25,1105,1105,Amorie Archibald Steal.,38,32,6,35,0.7229337266467301,0.7253793604157478,Louisiana Tech,UAB,4,4,-0.1,400992664,2018-02-15
65,2,17:50,1070,1070,Chris Cokley Defensive Rebound.,38,32,6,47,0.7264360002788394,0.7288365105640279,Louisiana Tech,UAB,4,4,-0.1,400992664,2018-02-15
66,2,17:03,1023,1023,Chris Cokley Offensive Rebound.,40,34,6,85,0.7315460228135435,0.7338832782459412,Louisiana Tech,UAB,4,4,-0.1,400992664,2018-02-15
67,2,15:38,938,938,Anthony Duruji Block.,43,36,7,2,0.7748419778972527,0.7768598553113911,Louisiana Tech,UAB,4,4,-0.1,400992664,2018-02-15
68,2,15:36,936,936,Chris Cokley Offensive Rebound.,43,36,7,3,0.7750853876371673,0.7771004516054724,Louisiana Tech,UAB,4,4,-0.1,400992664,2018-02-15
69,2,15:33,933,933,Chris Cokley missed Two Point Tip Shot.,43,36,7,0,0.7754462175452776,0.777457102105071,Louisiana Tech,UAB,4,4,-0.1,400992664,2018-02-15
70,2,15:33,933,933,Zack Bryant Offensive Rebound.,43,36,7,9,0.7754462175452776,0.777457102105071,Louisiana Tech,UAB,4,4,-0.1,400992664,2018-02-15
71,2,15:24,924,924,Zack Bryant made Two Point Tip Shot.,43,38,5,6,0.7081181613225771,0.7105002951495207,Louisiana Tech,UAB,4,4,-0.1,400992664,2018-02-15
72,2,15:18,918,918,Chris Cokley Defensive Rebound.,43,38,5,11,0.708699929573499,0.7110749390007538,Louisiana Tech,UAB,4,4,-0.1,400992664,2018-02-15
73,2,15:07,907,907,Amorie Archibald Steal.,43,38,5,59,0.70973824107366,0.7121004611684372,Louisiana Tech,UAB,4,4,-0.1,400992664,2018-02-15
74,2,14:08,848,848,William Lee Defensive Rebound.,45,40,5,20,0.7151209876005703,0.7174169698708143,Louisiana Tech,UAB,4,4,-0.1,400992664,2018-02-15
75,2,13:48,828,828,Amorie Archibald Steal.,45,40,5,5,0.7170691054476335,0.7193419010310423,Louisiana Tech,UAB,4,4,-0.1,400992664,2018-02-15
76,2,13:43,823,823,Zack Bryant Defensive Rebound.,45,40,5,5,0.71758000797336,0.7198468294764963,Louisiana Tech,UAB,4,4,-0.1,400992664,2018-02-15
77,2,13:38,818,818,Zack Bryant made Free Throw.,45,41,4,0,0.678266274732483,0.6807044601408272,Louisiana Tech,UAB,4,4,-0.1,400992664,2018-02-15
78,2,13:38,818,818,Zack Bryant made Free Throw.,45,42,3,16,0.6356568910818877,0.6382457598853034,Louisiana Tech,UAB,4,4,-0.1,400992664,2018-02-15
79,2,13:22,802,802,UAB Defensive Rebound.,45,42,3,19,0.636872123311148,0.6394441224411944,Louisiana Tech,UAB,4,4,-0.1,400992664,2018-02-15
80,2,13:03,783,783,Jacobi Boykins Defensive Rebound.,45,42,3,16,0.6384640449350408,0.6410148134416706,Louisiana Tech,UAB,4,4,-0.1,400992664,2018-02-15
81,2,12:47,767,767,Chris Cokley Defensive Rebound.,45,42,3,15,0.6399558672499748,0.6424875108209916,Louisiana Tech,UAB,4,4,-0.1,400992664,2018-02-15
82,2,12:32,752,752,Jacobi Boykins Defensive Rebound.,45,42,3,12,0.6415009186551633,0.6440134042229837,Louisiana Tech,UAB,4,4,-0.1,400992664,2018-02-15
83,2,12:20,740,740,UAB Defensive Rebound.,45,42,3,59,0.6428513641594579,0.6453475517677537,Louisiana Tech,UAB,4,4,-0.1,400992664,2018-02-15
84,2,11:21,681,681,Jacobi Boykins Defensive Rebound.,47,45,2,22,0.6003769972842956,0.6029233919593274,Louisiana Tech,UAB,4,4,-0.1,400992664,2018-02-15
85,2,10:59,659,659,Lewis Sullivan Steal.,47,45,2,1,0.6018134486917446,0.6043340150553401,Louisiana Tech,UAB,4,4,-0.1,400992664,2018-02-15
86,2,10:58,658,658,Nate Darling Offensive Rebound.,47,45,2,3,0.6018785415756381,0.6043979305967159,Louisiana Tech,UAB,4,4,-0.1,400992664,2018-02-15
87,2,10:55,655,655,Makhtar Gueye Offensive Rebound.,47,45,2,48,0.6020742676775154,0.6045901188889287,Louisiana Tech,UAB,4,4,-0.1,400992664,2018-02-15
88,2,10:07,607,607,Derric Jean Defensive Rebound.,50,47,3,32,0.6565449568734302,0.6588626473273629,Louisiana Tech,UAB,4,4,-0.1,400992664,2018-02-15
89,2,9:35,575,575,Jy'lan Washington Defensive Rebound.,53,47,6,65,0.7930760579642361,0.7947338944472422,Louisiana Tech,UAB,4,4,-0.1,400992664,2018-02-15
90,2,8:30,510,510,DaQuan Bracey Steal.,58,49,9,3,0.8965119414522712,0.8974140782984469,Louisiana Tech,UAB,4,4,-0.1,400992664,2018-02-15
91,2,8:27,507,507,Lewis Sullivan Block.,58,49,9,2,0.8970120421260754,0.8979087898174489,Louisiana Tech,UAB,4,4,-0.1,400992664,2018-02-15
92,2,8:25,505,505,Makhtar Gueye Defensive Rebound.,58,49,9,7,0.8973435080084554,0.898236681618,Louisiana Tech,UAB,4,4,-0.1,400992664,2018-02-15
93,2,8:18,498,498,Exavian Christon Defensive Rebound.,58,49,9,17,0.8984996652656358,0.8993803770085909,Louisiana Tech,UAB,4,4,-0.1,400992664,2018-02-15
94,2,8:01,481,481,Zack Bryant Block.,58,49,9,3,0.901392217188486,0.9022420300241599,Louisiana Tech,UAB,4,4,-0.1,400992664,2018-02-15
95,2,7:58,478,478,Lewis Sullivan Defensive Rebound.,58,49,9,45,0.9019312434557656,0.9027753736008594,Louisiana Tech,UAB,4,4,-0.1,400992664,2018-02-15
96,2,7:13,433,433,Makhtar Gueye Defensive Rebound.,58,51,7,54,0.8604411812623849,0.8615525871866165,Louisiana Tech,UAB,4,4,-0.1,400992664,2018-02-15
97,2,6:19,379,379,Chris Cokley Defensive Rebound.,58,51,7,22,0.8768261562172762,0.8777781550030601,Louisiana Tech,UAB,4,4,-0.1,400992664,2018-02-15
98,2,5:57,357,357,DaQuan Bracey Defensive Rebound.,58,51,7,7,0.8834512574094319,0.88433810372924,Louisiana Tech,UAB,4,4,-0.1,400992664,2018-02-15
99,2,5:50,350,350,Oliver Powell Offensive Rebound.,58,51,7,25,0.8857449347222436,0.8866098307950007,Louisiana Tech,UAB,4,4,-0.1,400992664,2018-02-15
100,2,5:25,325,325,Jalen Perry Defensive Rebound.,58,51,7,9,0.8950228382039724,0.8958024797329407,Louisiana Tech,UAB,4,4,-0.1,400992664,2018-02-15
101,2,5:16,316,316,Jalen Perry missed Free Throw.,58,51,7,0,0.8988495841858828,0.8995955375539114,Louisiana Tech,UAB,4,4,-0.1,400992664,2018-02-15
102,2,5:16,316,316,UAB Deadball Team Rebound.,58,51,7,0,0.8988495841858828,0.8995955375539114,Louisiana Tech,UAB,4,4,-0.1,400992664,2018-02-15
103,2,5:16,316,316,Jalen Perry made Free Throw.,58,52,6,93,0.8666038476400275,0.8675525627431391,Louisiana Tech,UAB,4,4,-0.1,400992664,2018-02-15
104,2,3:43,223,223,Nate Darling made Free Throw.,63,53,10,0,0.9592708465274126,0.9595521666258192,Louisiana Tech,UAB,4,4,-0.1,400992664,2018-02-15
105,2,3:43,223,223,Nate Darling made Free Throw.,63,54,9,24,0.9449340699909934,0.9453087697829458,Louisiana Tech,UAB,4,4,-0.1,400992664,2018-02-15
106,2,3:19,199,199,Anthony Duruji Offensive Rebound.,63,54,9,5,0.9543804182402458,0.954680698507259,Louisiana Tech,UAB,4,4,-0.1,400992664,2018-02-15
107,2,3:14,194,194,Lewis Sullivan Defensive Rebound.,63,54,9,12,0.9575505097779319,0.9578280828827683,Louisiana Tech,UAB,4,4,-0.1,400992664,2018-02-15
108,2,3:02,182,182,Lewis Sullivan Offensive Rebound.,63,54,9,3,0.9656807811651766,0.9659014806946677,Louisiana Tech,UAB,4,4,-0.1,400992664,2018-02-15
109,2,2:59,179,179,Jacobi Boykins Defensive Rebound.,63,54,9,29,0.9675236315835555,0.967731526992024,Louisiana Tech,UAB,4,4,-0.1,400992664,2018-02-15
110,2,2:30,150,150,Lewis Sullivan Steal.,63,54,9,8,0.9818465085468359,0.9819567850129735,Louisiana Tech,UAB,4,4,-0.1,400992664,2018-02-15
111,2,2:22,142,142,Derric Jean Steal.,63,54,9,57,0.9849043249532964,0.9849944776170632,Louisiana Tech,UAB,4,4,-0.1,400992664,2018-02-15
112,2,1:25,85,85,Anthony Duruji Block.,68,57,11,3,0.9993846143807689,0.9993877545768381,Louisiana Tech,UAB,4,4,-0.1,400992664,2018-02-15
113,2,1:22,82,82,Nick Norton Offensive Rebound.,68,57,11,5,0.9994713078796099,0.9994739773150471,Louisiana Tech,UAB,4,4,-0.1,400992664,2018-02-15
114,2,1:17,77,77,William Lee Offensive Rebound.,68,57,11,1,0.999592245863254,0.9995942677771528,Louisiana Tech,UAB,4,4,-0.1,400992664,2018-02-15
115,2,1:16,76,76,Oliver Powell Block.,68,57,11,0,0.999613342727844,0.9996152529703156,Louisiana Tech,UAB,4,4,-0.1,400992664,2018-02-15
116,2,1:16,76,76,William Lee Offensive Rebound.,68,57,11,2,0.999613342727844,0.9996152529703156,Louisiana Tech,UAB,4,4,-0.1,400992664,2018-02-15
117,2,1:14,74,74,Nick Norton Offensive Rebound.,68,57,11,2,0.9996527819911452,0.9996544846488593,Louisiana Tech,UAB,4,4,-0.1,400992664,2018-02-15
118,2,1:12,72,72,Anthony Duruji Defensive Rebound.,68,57,11,5,0.9996887934928941,0.9996903080674849,Louisiana Tech,UAB,4,4,-0.1,400992664,2018-02-15
119,2,1:07,67,67,Anthony Duruji made Free Throw.,69,57,12,0,0.99989005360726535,0.9998905785065867,Louisiana Tech,UAB,4,4,-0.1,400992664,2018-02-15
120,2,1:07,67,67,Anthony Duruji missed Free Throw.,69,57,12,0,0.99989005360726535,0.9998905785065867,Louisiana Tech,UAB,4,4,-0.1,400992664,2018-02-15
121,2,1:07,67,67,Lewis Sullivan Defensive Rebound.,69,57,12,8,0.99989005360726535,0.9998905785065867,Louisiana Tech,UAB,4,4,-0.1,400992664,2018-02-15
122,2,0:59,59,59,Oliver Powell Defensive Rebound.,69,57,12,17,0.9999336553083246,0.9999339619933806,Louisiana Tech,UAB,4,4,-0.1,400992664,2018-02-15
123,2,0:42,42,42,Nick Norton Steal.,69,57,12,9,0.9999789919486909,0.9999790820957565,Louisiana Tech,UAB,4,4,-0.1,400992664,2018-02-15
124,2,0:33,33,33,Derric Jean Defensive Rebound.,71,60,11,3,0.9999717535620608,0.999971869651438,Louisiana Tech,UAB,4,4,-0.1,400992664,2018-02-15
125,2,0:30,30,30,Derric Jean made Free Throw.,72,60,12,0,0.9999913008192538,0.9999913360404823,Louisiana Tech,UAB,4,4,-0.1,400992664,2018-02-15
126,2,0:30,30,30,Derric Jean made Free Throw.,73,60,13,30,0.9999967067549304,0.9999967200886872,Louisiana Tech,UAB,4,4,-0.1,400992664,2018-02-15
127,2,0:00,0,0,End of Game,73,60,13,0,1,1,Louisiana Tech,UAB,4,4,-0.1,400992664,2018-02-15
