play_id,half,time_remaining_half,secs_remaining,secs_remaining_absolute,description,home_score,away_score,score_diff,play_length,win_prob,naive_win_prob,home,away,home_time_out_remaining,away_time_out_remaining,home_favored_by,game_id,date
1,1,20:00,2400,2400,PLAY,0,0,0,36,0.5,0.5,Utah Valley,New Mexico State,4,4,NA,400990691,2018-02-15
2,1,19:24,2364,2364,Jemerrio Jones Defensive Rebound.,0,3,-3,45,0.4330403178930196,0.4330403178930196,Utah Valley,New Mexico State,4,4,NA,400990691,2018-02-15
3,1,18:39,2319,2319,Isaac Neilson Steal.,2,6,-4,23,0.4092259238153655,0.4092259238153655,Utah Valley,New Mexico State,4,4,NA,400990691,2018-02-15
4,1,18:16,2296,2296,Isaac Neilson Defensive Rebound.,4,6,-2,18,0.4537236562407298,0.4537236562407298,Utah Valley,New Mexico State,4,4,NA,400990691,2018-02-15
5,1,17:58,2278,2278,Kenneth Ogbe made Free Throw.,5,6,-1,0,0.47660970179848494,0.47660970179848494,Utah Valley,New Mexico State,4,4,NA,400990691,2018-02-15
6,1,17:58,2278,2278,Kenneth Ogbe made Free Throw.,6,6,0,22,0.5,0.5,Utah Valley,New Mexico State,4,4,NA,400990691,2018-02-15
7,1,17:36,2256,2256,Conner Toolson Steal.,6,6,0,17,0.5,0.5,Utah Valley,New Mexico State,4,4,NA,400990691,2018-02-15
8,1,17:19,2239,2239,Johnathon Wilkins Defensive Rebound.,6,6,0,7,0.5,0.5,Utah Valley,New Mexico State,4,4,NA,400990691,2018-02-15
9,1,17:12,2232,2232,Isaac Neilson Steal.,6,6,0,23,0.5,0.5,Utah Valley,New Mexico State,4,4,NA,400990691,2018-02-15
10,1,16:49,2209,2209,Johnathon Wilkins Defensive Rebound.,6,6,0,135,0.5,0.5,Utah Valley,New Mexico State,4,4,NA,400990691,2018-02-15
11,1,14:34,2074,2074,Kenneth Ogbe Offensive Rebound.,10,12,-2,3,0.448602341227073,0.448602341227073,Utah Valley,New Mexico State,4,4,NA,400990691,2018-02-15
12,1,14:31,2071,2071,A.J. Harris Defensive Rebound.,10,12,-2,34,0.4485304598256185,0.4485304598256185,Utah Valley,New Mexico State,4,4,NA,400990691,2018-02-15
13,1,13:57,2037,2037,Conner Toolson Defensive Rebound.,10,12,-2,21,0.4477089600936891,0.4477089600936891,Utah Valley,New Mexico State,4,4,NA,400990691,2018-02-15
14,1,13:36,2016,2016,Johnny McCants Defensive Rebound.,10,12,-2,22,0.4471949062446377,0.4471949062446377,Utah Valley,New Mexico State,4,4,NA,400990691,2018-02-15
15,1,13:14,1994,1994,Zach Lofton Defensive Rebound.,10,12,-2,28,0.44665051566184294,0.44665051566184294,Utah Valley,New Mexico State,4,4,NA,400990691,2018-02-15
16,1,12:46,1966,1966,Conner Toolson Defensive Rebound.,10,12,-2,41,0.4459484329686287,0.4459484329686287,Utah Valley,New Mexico State,4,4,NA,400990691,2018-02-15
17,1,12:05,1925,1925,Isaac Neilson Defensive Rebound.,12,12,0,19,0.5,0.5,Utah Valley,New Mexico State,4,4,NA,400990691,2018-02-15
18,1,11:46,1906,1906,Keyon Jones Steal.,12,12,0,24,0.5,0.5,Utah Valley,New Mexico State,4,4,NA,400990691,2018-02-15
19,1,11:22,1882,1882,Keyon Jones Defensive Rebound.,12,15,-3,32,0.4161344881985581,0.4161344881985581,Utah Valley,New Mexico State,4,4,NA,400990691,2018-02-15
20,1,10:50,1850,1850,Utah Valley Defensive Rebound.,12,15,-3,16,0.4149174647450769,0.4149174647450769,Utah Valley,New Mexico State,4,4,NA,400990691,2018-02-15
21,1,10:34,1834,1834,Eli Chuha Steal.,12,15,-3,104,0.4143057652680227,0.4143057652680227,Utah Valley,New Mexico State,4,4,NA,400990691,2018-02-15
22,1,8:50,1730,1730,Shunn Buchanan Defensive Rebound.,15,21,-6,0,0.32602448711115617,0.32602448711115617,Utah Valley,New Mexico State,4,4,NA,400990691,2018-02-15
23,1,8:50,1730,1730,Eli Chuha Block.,15,21,-6,20,0.32602448711115617,0.32602448711115617,Utah Valley,New Mexico State,4,4,NA,400990691,2018-02-15
24,1,8:30,1710,1710,Jake Toolson Defensive Rebound.,15,21,-6,12,0.32452606624673247,0.32452606624673247,Utah Valley,New Mexico State,4,4,NA,400990691,2018-02-15
25,1,8:18,1698,1698,Brandon Randolph made Free Throw.,18,21,-3,63,0.40887801031675786,0.40887801031675786,Utah Valley,New Mexico State,4,4,NA,400990691,2018-02-15
26,1,7:15,1635,1635,Jemerrio Jones Steal.,21,24,-3,3,0.4062844499778993,0.4062844499778993,Utah Valley,New Mexico State,4,4,NA,400990691,2018-02-15
27,1,7:12,1632,1632,Jake Toolson Defensive Rebound.,21,24,-3,31,0.40616499656247984,0.40616499656247984,Utah Valley,New Mexico State,4,4,NA,400990691,2018-02-15
28,1,6:41,1601,1601,Johnathon Wilkins Offensive Rebound.,23,24,-1,12,0.4679668222044749,0.4679668222044749,Utah Valley,New Mexico State,4,4,NA,400990691,2018-02-15
29,1,6:29,1589,1589,Conner Toolson Defensive Rebound.,23,24,-1,42,0.4678038198482664,0.4678038198482664,Utah Valley,New Mexico State,4,4,NA,400990691,2018-02-15
30,1,5:47,1547,1547,Ben Nakwaasah Defensive Rebound.,25,24,1,23,0.5327741399702546,0.5327741399702546,Utah Valley,New Mexico State,4,4,NA,400990691,2018-02-15
31,1,5:24,1524,1524,Eli Chuha made Free Throw.,27,25,2,0,0.5659127637304104,0.5659127637304104,Utah Valley,New Mexico State,4,4,NA,400990691,2018-02-15
32,1,5:24,1524,1524,Eli Chuha missed Free Throw.,27,25,2,0,0.5659127637304104,0.5659127637304104,Utah Valley,New Mexico State,4,4,NA,400990691,2018-02-15
33,1,5:24,1524,1524,Jake Toolson Defensive Rebound.,27,25,2,70,0.5659127637304104,0.5659127637304104,Utah Valley,New Mexico State,4,4,NA,400990691,2018-02-15
34,1,4:14,1454,1454,Sidy N'Dir made Free Throw.,32,28,4,0,0.6336080508771188,0.6336080508771188,Utah Valley,New Mexico State,4,4,NA,400990691,2018-02-15
35,1,4:14,1454,1454,Sidy N'Dir missed Free Throw.,32,28,4,0,0.6336080508771188,0.6336080508771188,Utah Valley,New Mexico State,4,4,NA,400990691,2018-02-15
36,1,4:14,1454,1454,Jerrelle DeBerry Defensive Rebound.,32,28,4,55,0.6336080508771188,0.6336080508771188,Utah Valley,New Mexico State,4,4,NA,400990691,2018-02-15
37,1,3:19,1399,1399,Jemerrio Jones Defensive Rebound.,34,30,4,57,0.6368949075948703,0.6368949075948703,Utah Valley,New Mexico State,4,4,NA,400990691,2018-02-15
38,1,2:22,1342,1342,Keyon Jones missed Free Throw.,36,32,4,0,0.6401253774653898,0.6401253774653898,Utah Valley,New Mexico State,4,4,NA,400990691,2018-02-15
39,1,2:22,1342,1342,Ben Nakwaasah Defensive Rebound.,36,32,4,13,0.6401253774653898,0.6401253774653898,Utah Valley,New Mexico State,4,4,NA,400990691,2018-02-15
40,1,2:09,1329,1329,Keyon Jones Defensive Rebound.,36,32,4,18,0.6408712382854279,0.6408712382854279,Utah Valley,New Mexico State,4,4,NA,400990691,2018-02-15
41,1,1:51,1311,1311,Kenneth Ogbe Defensive Rebound.,36,32,4,30,0.6419242960543151,0.6419242960543151,Utah Valley,New Mexico State,4,4,NA,400990691,2018-02-15
42,1,1:21,1281,1281,Jemerrio Jones Defensive Rebound.,36,32,4,4,0.6437580116043304,0.6437580116043304,Utah Valley,New Mexico State,4,4,NA,400990691,2018-02-15
43,1,1:17,1277,1277,Jemerrio Jones missed Free Throw.,36,32,4,0,0.6440120269472533,0.6440120269472533,Utah Valley,New Mexico State,4,4,NA,400990691,2018-02-15
44,1,1:17,1277,1277,New Mexico State Offensive Rebound.,36,32,4,0,0.6440120269472533,0.6440120269472533,Utah Valley,New Mexico State,4,4,NA,400990691,2018-02-15
45,1,1:17,1277,1277,Jemerrio Jones missed Free Throw.,36,32,4,6,0.6440120269472533,0.6440120269472533,Utah Valley,New Mexico State,4,4,NA,400990691,2018-02-15
46,1,1:11,1271,1271,Sidy N'Dir Offensive Rebound.,36,32,4,17,0.6443979570839865,0.6443979570839865,Utah Valley,New Mexico State,4,4,NA,400990691,2018-02-15
47,1,0:54,1254,1254,Sidy N'Dir Defensive Rebound.,36,34,2,10,0.5743731696974178,0.5743731696974178,Utah Valley,New Mexico State,4,4,NA,400990691,2018-02-15
48,1,0:44,1244,1244,Ben Nakwaasah Steal.,36,34,2,4,0.5747422362360166,0.5747422362360166,Utah Valley,New Mexico State,4,4,NA,400990691,2018-02-15
49,1,0:40,1240,1240,Jake Toolson made Free Throw.,37,34,3,0,0.6112965838841767,0.6112965838841767,Utah Valley,New Mexico State,4,4,NA,400990691,2018-02-15
50,1,0:40,1240,1240,Jake Toolson made Free Throw.,38,34,4,40,0.6464994934675644,0.6464994934675644,Utah Valley,New Mexico State,4,4,NA,400990691,2018-02-15
51,1,0:00,1200,1200,End of 1st half,41,37,4,0,0.6495177425372646,0.6495177425372646,Utah Valley,New Mexico State,4,4,NA,400990691,2018-02-15
52,2,20:00,1200,1200,PLAY,41,37,4,83,0.6495177425372646,0.6495177425372646,Utah Valley,New Mexico State,4,4,NA,400990691,2018-02-15
53,2,18:37,1117,1117,Jemerrio Jones Defensive Rebound.,43,42,1,13,0.5401434407631966,0.5401434407631966,Utah Valley,New Mexico State,4,4,NA,400990691,2018-02-15
54,2,18:24,1104,1104,Conner Toolson Steal.,43,42,1,27,0.5404029344350949,0.5404029344350949,Utah Valley,New Mexico State,4,4,NA,400990691,2018-02-15
55,2,17:57,1077,1077,Jemerrio Jones Steal.,43,42,1,2,0.5409561656740791,0.5409561656740791,Utah Valley,New Mexico State,4,4,NA,400990691,2018-02-15
56,2,17:55,1075,1075,Sidy N'Dir missed Free Throw.,43,44,-1,0,0.4590018120410358,0.4590018120410358,Utah Valley,New Mexico State,4,4,NA,400990691,2018-02-15
57,2,17:55,1075,1075,Jake Toolson Defensive Rebound.,43,44,-1,18,0.4590018120410358,0.4590018120410358,Utah Valley,New Mexico State,4,4,NA,400990691,2018-02-15
58,2,17:37,1057,1057,Kenneth Ogbe made Free Throw.,44,44,0,0,0.5,0.5,Utah Valley,New Mexico State,4,4,NA,400990691,2018-02-15
59,2,17:37,1057,1057,Kenneth Ogbe made Free Throw.,45,44,1,48,0.5413847675952427,0.5413847675952427,Utah Valley,New Mexico State,4,4,NA,400990691,2018-02-15
60,2,16:49,1009,1009,Brandon Randolph made Free Throw.,46,46,0,0,0.5,0.5,Utah Valley,New Mexico State,4,4,NA,400990691,2018-02-15
61,2,16:49,1009,1009,Brandon Randolph made Free Throw.,47,46,1,45,0.542513684299699,0.542513684299699,Utah Valley,New Mexico State,4,4,NA,400990691,2018-02-15
62,2,16:04,964,964,Zach Lofton Steal.,47,48,-1,48,0.4562512599366847,0.4562512599366847,Utah Valley,New Mexico State,4,4,NA,400990691,2018-02-15
63,2,15:16,916,916,Jerrelle DeBerry made Free Throw.,50,50,0,0,0.5,0.5,Utah Valley,New Mexico State,4,4,NA,400990691,2018-02-15
64,2,15:16,916,916,Jerrelle DeBerry missed Free Throw.,50,50,0,0,0.5,0.5,Utah Valley,New Mexico State,4,4,NA,400990691,2018-02-15
65,2,15:16,916,916,Eli Chuha Defensive Rebound.,50,50,0,44,0.5,0.5,Utah Valley,New Mexico State,4,4,NA,400990691,2018-02-15
66,2,14:32,872,872,Jemerrio Jones Steal.,50,52,-2,72,0.4089310148377609,0.4089310148377609,Utah Valley,New Mexico State,4,4,NA,400990691,2018-02-15
67,2,13:20,800,800,Jerrelle DeBerry made Free Throw.,51,52,-1,0,0.45234225426169766,0.45234225426169766,Utah Valley,New Mexico State,4,4,NA,400990691,2018-02-15
68,2,13:20,800,800,Jerrelle DeBerry made Free Throw.,52,52,0,71,0.5,0.5,Utah Valley,New Mexico State,4,4,NA,400990691,2018-02-15
69,2,12:09,729,729,Isaac Neilson Block.,54,55,-1,2,0.4498014869034267,0.4498014869034267,Utah Valley,New Mexico State,4,4,NA,400990691,2018-02-15
70,2,12:07,727,727,Isaac Neilson Defensive Rebound.,54,55,-1,30,0.4497136577077934,0.4497136577077934,Utah Valley,New Mexico State,4,4,NA,400990691,2018-02-15
71,2,11:37,697,697,Jake Toolson Steal.,57,55,2,17,0.601850358546746,0.601850358546746,Utah Valley,New Mexico State,4,4,NA,400990691,2018-02-15
72,2,11:20,680,680,A.J. Harris Defensive Rebound.,57,55,2,16,0.602988509670762,0.602988509670762,Utah Valley,New Mexico State,4,4,NA,400990691,2018-02-15
73,2,11:04,664,664,Isaac Neilson Defensive Rebound.,57,55,2,4,0.6040150677877973,0.6040150677877973,Utah Valley,New Mexico State,4,4,NA,400990691,2018-02-15
74,2,11:00,660,660,Eli Chuha Steal.,57,55,2,14,0.6042701555836727,0.6042701555836727,Utah Valley,New Mexico State,4,4,NA,400990691,2018-02-15
75,2,10:46,646,646,Eli Chuha Offensive Rebound.,57,55,2,70,0.6051731196523822,0.6051731196523822,Utah Valley,New Mexico State,4,4,NA,400990691,2018-02-15
76,2,9:36,576,576,Zach Lofton Steal.,60,59,1,3,0.5561116108175674,0.5561116108175674,Utah Valley,New Mexico State,4,4,NA,400990691,2018-02-15
77,2,9:33,573,573,Zach Lofton made Free Throw.,60,62,-2,10,0.38885479418772134,0.38885479418772134,Utah Valley,New Mexico State,4,4,NA,400990691,2018-02-15
78,2,9:23,563,563,Jake Toolson Offensive Rebound.,60,62,-2,80,0.3877323794259576,0.3877323794259576,Utah Valley,New Mexico State,4,4,NA,400990691,2018-02-15
79,2,8:03,483,483,A.J. Harris Steal.,63,64,-1,19,0.4386869927542018,0.4386869927542018,Utah Valley,New Mexico State,4,4,NA,400990691,2018-02-15
80,2,7:44,464,464,Johnny McCants Defensive Rebound.,63,66,-3,15,0.32014535079735523,0.32014535079735523,Utah Valley,New Mexico State,4,4,NA,400990691,2018-02-15
81,2,7:29,449,449,Conner Toolson Defensive Rebound.,63,66,-3,48,0.3172931746817485,0.3172931746817485,Utah Valley,New Mexico State,4,4,NA,400990691,2018-02-15
82,2,6:41,401,401,Brandon Randolph Steal.,66,66,0,5,0.5,0.5,Utah Valley,New Mexico State,4,4,NA,400990691,2018-02-15
83,2,6:36,396,396,A.J. Harris Steal.,66,66,0,23,0.5,0.5,Utah Valley,New Mexico State,4,4,NA,400990691,2018-02-15
84,2,6:13,373,373,Utah Valley Defensive Rebound.,66,66,0,17,0.5,0.5,Utah Valley,New Mexico State,4,4,NA,400990691,2018-02-15
85,2,5:56,356,356,Zach Lofton Steal.,66,66,0,2,0.5,0.5,Utah Valley,New Mexico State,4,4,NA,400990691,2018-02-15
86,2,5:54,354,354,A.J. Harris Offensive Rebound.,66,66,0,37,0.5,0.5,Utah Valley,New Mexico State,4,4,NA,400990691,2018-02-15
87,2,5:17,317,317,Jerrelle DeBerry Offensive Rebound.,66,68,-2,5,0.34861718502317307,0.34861718502317307,Utah Valley,New Mexico State,4,4,NA,400990691,2018-02-15
88,2,5:12,312,312,Jerrelle DeBerry made Free Throw.,67,68,-1,0,0.42163187073858993,0.42163187073858993,Utah Valley,New Mexico State,4,4,NA,400990691,2018-02-15
89,2,5:12,312,312,Jerrelle DeBerry made Free Throw.,68,68,0,12,0.5,0.5,Utah Valley,New Mexico State,4,4,NA,400990691,2018-02-15
90,2,5:00,300,300,Conner Toolson Block.,68,68,0,2,0.5,0.5,Utah Valley,New Mexico State,4,4,NA,400990691,2018-02-15
91,2,4:58,298,298,Conner Toolson Defensive Rebound.,68,68,0,68,0.5,0.5,Utah Valley,New Mexico State,4,4,NA,400990691,2018-02-15
92,2,3:50,230,230,Jemerrio Jones Offensive Rebound.,74,68,6,7,0.8685510078023324,0.8685510078023324,Utah Valley,New Mexico State,4,4,NA,400990691,2018-02-15
93,2,3:43,223,223,Conner Toolson Defensive Rebound.,74,68,6,28,0.8698770562270444,0.8698770562270444,Utah Valley,New Mexico State,4,4,NA,400990691,2018-02-15
94,2,3:15,195,195,Zach Lofton made Free Throw.,76,69,7,0,0.9180673857551327,0.9180673857551327,Utah Valley,New Mexico State,4,4,NA,400990691,2018-02-15
95,2,3:15,195,195,Zach Lofton made Free Throw.,76,70,6,30,0.8880700527699188,0.8880700527699188,Utah Valley,New Mexico State,4,4,NA,400990691,2018-02-15
96,2,2:45,165,165,Zach Lofton Defensive Rebound.,76,70,6,11,0.9206015568483249,0.9206015568483249,Utah Valley,New Mexico State,4,4,NA,400990691,2018-02-15
97,2,2:34,154,154,Isaac Neilson Block.,76,70,6,1,0.9311911004632434,0.9311911004632434,Utah Valley,New Mexico State,4,4,NA,400990691,2018-02-15
98,2,2:33,153,153,Conner Toolson Defensive Rebound.,76,70,6,28,0.9321251415076274,0.9321251415076274,Utah Valley,New Mexico State,4,4,NA,400990691,2018-02-15
99,2,2:05,125,125,Jemerrio Jones Defensive Rebound.,76,70,6,52,0.9564192167456673,0.9564192167456673,Utah Valley,New Mexico State,4,4,NA,400990691,2018-02-15
100,2,1:13,73,73,Zach Lofton made Free Throw.,79,73,6,0,0.987593729355698,0.987593729355698,Utah Valley,New Mexico State,4,4,NA,400990691,2018-02-15
101,2,1:13,73,73,Zach Lofton made Free Throw.,79,74,5,10,0.9746069266910492,0.9746069266910492,Utah Valley,New Mexico State,4,4,NA,400990691,2018-02-15
102,2,1:03,63,63,Zach Lofton Offensive Rebound.,81,74,7,4,0.9957895302543087,0.9957895302543087,Utah Valley,New Mexico State,4,4,NA,400990691,2018-02-15
103,2,0:59,59,59,Zach Lofton made Free Throw.,81,75,6,0,0.991938864439575,0.991938864439575,Utah Valley,New Mexico State,4,4,NA,400990691,2018-02-15
104,2,0:59,59,59,Zach Lofton made Free Throw.,81,76,5,13,0.9821984154646465,0.9821984154646465,Utah Valley,New Mexico State,4,4,NA,400990691,2018-02-15
105,2,0:46,46,46,Brandon Randolph made Free Throw.,82,76,6,0,0.99476330809533,0.99476330809533,Utah Valley,New Mexico State,4,4,NA,400990691,2018-02-15
106,2,0:46,46,46,Brandon Randolph made Free Throw.,83,76,7,14,0.9978091752619612,0.9978091752619612,Utah Valley,New Mexico State,4,4,NA,400990691,2018-02-15
107,2,0:32,32,32,Utah Valley Defensive Rebound.,83,76,7,4,0.9987850101573519,0.9987850101573519,Utah Valley,New Mexico State,4,4,NA,400990691,2018-02-15
108,2,0:28,28,28,Johnny McCants Steal.,83,76,7,8,0.9989810394227572,0.9989810394227572,Utah Valley,New Mexico State,4,4,NA,400990691,2018-02-15
109,2,0:20,20,20,Brandon Randolph made Free Throw.,84,79,5,0,0.9943912765148744,0.9943912765148744,Utah Valley,New Mexico State,4,4,NA,400990691,2018-02-15
110,2,0:20,20,20,Brandon Randolph made Free Throw.,85,79,6,1,0.9980015224577066,0.9980015224577066,Utah Valley,New Mexico State,4,4,NA,400990691,2018-02-15
111,2,0:19,19,19,Jerrelle DeBerry Defensive Rebound.,85,79,6,6,0.998079365653707,0.998079365653707,Utah Valley,New Mexico State,4,4,NA,400990691,2018-02-15
112,2,0:13,13,13,Jerrelle DeBerry missed Free Throw.,85,79,6,0,0.9984958368847389,0.9984958368847389,Utah Valley,New Mexico State,4,4,NA,400990691,2018-02-15
113,2,0:13,13,13,Utah Valley Deadball Team Rebound.,85,79,6,0,0.9984958368847389,0.9984958368847389,Utah Valley,New Mexico State,4,4,NA,400990691,2018-02-15
114,2,0:13,13,13,Jerrelle DeBerry made Free Throw.,86,79,7,3,0.9994902170141574,0.9994902170141574,Utah Valley,New Mexico State,4,4,NA,400990691,2018-02-15
115,2,0:10,10,10,Jake Toolson Defensive Rebound.,86,79,7,10,0.9995598070342894,0.9995598070342894,Utah Valley,New Mexico State,4,4,NA,400990691,2018-02-15
116,2,0:00,0,0,End of Game,86,79,7,0,1,1,Utah Valley,New Mexico State,4,4,NA,400990691,2018-02-15
