play_id,half,time_remaining_half,secs_remaining,secs_remaining_absolute,description,home_score,away_score,score_diff,play_length,win_prob,naive_win_prob,home,away,home_time_out_remaining,away_time_out_remaining,home_favored_by,game_id,date
1,1,20:00,2400,2400,PLAY,0,0,0,35,0.31994473059334,0.5,UL Monroe,UT Arlington,4,4,-4.7,400990495,2018-02-15
2,1,19:25,2365,2365,Kevin Hervey Steal.,0,3,-3,3,0.2648949265686341,0.4330721585825475,UL Monroe,UT Arlington,4,4,-4.7,400990495,2018-02-15
3,1,19:22,2362,2362,Sam McDaniel Defensive Rebound.,0,3,-3,12,0.26486475883568095,0.43297657689473573,UL Monroe,UT Arlington,4,4,-4.7,400990495,2018-02-15
4,1,19:10,2350,2350,Nathan Hawkins Defensive Rebound.,0,3,-3,30,0.2647443271737723,0.4325924947332577,UL Monroe,UT Arlington,4,4,-4.7,400990495,2018-02-15
5,1,18:40,2320,2320,UL Monroe Deadball Team Rebound.,0,3,-3,14,0.2644457369598346,0.4316207473002184,UL Monroe,UT Arlington,4,4,-4.7,400990495,2018-02-15
6,1,18:26,2306,2306,Johnny Hamilton Defensive Rebound.,0,3,-3,23,0.264308106242846,0.43116207581705585,UL Monroe,UT Arlington,4,4,-4.7,400990495,2018-02-15
7,1,18:03,2283,2283,Johnny Hamilton Defensive Rebound.,0,5,-5,20,0.22940926671363396,0.38532232937316635,UL Monroe,UT Arlington,4,4,-4.7,400990495,2018-02-15
8,1,17:43,2263,2263,Johnny Hamilton Offensive Rebound.,0,5,-5,3,0.22891627824244373,0.384249213166358,UL Monroe,UT Arlington,4,4,-4.7,400990495,2018-02-15
9,1,17:40,2260,2260,Kevin Hervey Offensive Rebound.,0,5,-5,8,0.22884249809254276,0.38408761963594046,UL Monroe,UT Arlington,4,4,-4.7,400990495,2018-02-15
10,1,17:32,2252,2252,UT Arlington Offensive Rebound.,0,5,-5,5,0.2286460176367328,0.38365596376763217,UL Monroe,UT Arlington,4,4,-4.7,400990495,2018-02-15
11,1,17:27,2247,2247,Marvin Jean-Pierre Defensive Rebound.,0,5,-5,65,0.22852343412443157,0.38338565476517833,UL Monroe,UT Arlington,4,4,-4.7,400990495,2018-02-15
12,1,16:22,2182,2182,Michael Ertel Defensive Rebound.,5,5,0,12,0.3240136070665883,0.5,UL Monroe,UT Arlington,4,4,-4.7,400990495,2018-02-15
13,1,16:10,2170,2170,UT Arlington Defensive Rebound.,5,5,0,24,0.32427099917988167,0.5,UL Monroe,UT Arlington,4,4,-4.7,400990495,2018-02-15
14,1,15:46,2146,2146,UL Monroe Deadball Team Rebound.,5,5,0,31,0.3247967753823089,0.5,UL Monroe,UT Arlington,4,4,-4.7,400990495,2018-02-15
15,1,15:15,2115,2115,Erick Neal Defensive Rebound.,5,5,0,66,0.32549682957772325,0.5,UL Monroe,UT Arlington,4,4,-4.7,400990495,2018-02-15
16,1,14:09,2049,2049,DJ Bryant Defensive Rebound.,5,7,-2,7,0.2828738642635109,0.4480003742149476,UL Monroe,UT Arlington,4,4,-4.7,400990495,2018-02-15
17,1,14:02,2042,2042,Marvin Jean-Pierre Defensive Rebound.,5,7,-2,51,0.2828931306629761,0.447830583592025,UL Monroe,UT Arlington,4,4,-4.7,400990495,2018-02-15
18,1,13:11,1991,1991,Jordon Harris Defensive Rebound.,8,7,1,22,0.3526021963074433,0.5267887800720596,UL Monroe,UT Arlington,4,4,-4.7,400990495,2018-02-15
19,1,12:49,1969,1969,UL Monroe Defensive Rebound.,10,7,3,18,0.40440050334445,0.580571982196121,UL Monroe,UT Arlington,4,4,-4.7,400990495,2018-02-15
20,1,12:31,1951,1951,Kevin Hervey Defensive Rebound.,10,7,3,7,0.4055874075309874,0.5812464862174684,UL Monroe,UT Arlington,4,4,-4.7,400990495,2018-02-15
21,1,12:24,1944,1944,Julian Harris missed Free Throw.,10,7,3,0,0.4060530528638767,0.5815106122600169,UL Monroe,UT Arlington,4,4,-4.7,400990495,2018-02-15
22,1,12:24,1944,1944,UT Arlington Deadball Team Rebound.,10,7,3,0,0.4060530528638767,0.5815106122600169,UL Monroe,UT Arlington,4,4,-4.7,400990495,2018-02-15
23,1,12:24,1944,1944,Julian Harris made Free Throw.,10,8,2,12,0.37990171677852,0.5546108889427448,UL Monroe,UT Arlington,4,4,-4.7,400990495,2018-02-15
24,1,12:12,1932,1932,Kaelon Wilson Defensive Rebound.,10,8,2,14,0.3805397105762701,0.5549189644888189,UL Monroe,UT Arlington,4,4,-4.7,400990495,2018-02-15
25,1,11:58,1918,1918,Sam McDaniel Steal.,10,8,2,27,0.38129037758884843,0.5552796947367151,UL Monroe,UT Arlington,4,4,-4.7,400990495,2018-02-15
26,1,11:31,1891,1891,Jordon Harris Defensive Rebound.,10,8,2,20,0.38275508677025566,0.5559738315376455,UL Monroe,UT Arlington,4,4,-4.7,400990495,2018-02-15
27,1,11:11,1871,1871,Marvin Jean-Pierre Offensive Rebound.,10,8,2,25,0.3838551599491062,0.5564880863658522,UL Monroe,UT Arlington,4,4,-4.7,400990495,2018-02-15
28,1,10:46,1846,1846,Marvin Jean-Pierre Defensive Rebound.,12,8,4,55,0.44083072795398925,0.6127934324377025,UL Monroe,UT Arlington,4,4,-4.7,400990495,2018-02-15
29,1,9:51,1791,1791,Kaelon Wilson Defensive Rebound.,14,10,4,19,0.44554442678847167,0.6155578083544394,UL Monroe,UT Arlington,4,4,-4.7,400990495,2018-02-15
30,1,9:32,1772,1772,Sam McDaniel Defensive Rebound.,14,10,4,12,0.44721135072072893,0.61653040077531,UL Monroe,UT Arlington,4,4,-4.7,400990495,2018-02-15
31,1,9:20,1760,1760,Erick Neal Defensive Rebound.,14,10,4,5,0.4482755625790338,0.6171508766093694,UL Monroe,UT Arlington,4,4,-4.7,400990495,2018-02-15
32,1,9:15,1755,1755,Travis Munnings Block.,14,10,4,1,0.4487217096859915,0.6174109733170465,UL Monroe,UT Arlington,4,4,-4.7,400990495,2018-02-15
33,1,9:14,1754,1754,Michael Ertel Defensive Rebound.,14,10,4,8,0.4488111356132444,0.6174631083087059,UL Monroe,UT Arlington,4,4,-4.7,400990495,2018-02-15
34,1,9:06,1746,1746,Julian Harris Defensive Rebound.,14,10,4,8,0.449528939548878,0.6178816242361526,UL Monroe,UT Arlington,4,4,-4.7,400990495,2018-02-15
35,1,8:58,1738,1738,Travis Munnings Block.,14,10,4,2,0.45025108698436794,0.6183027969337564,UL Monroe,UT Arlington,4,4,-4.7,400990495,2018-02-15
36,1,8:56,1736,1736,UT Arlington Offensive Rebound.,14,10,4,56,0.4504323162543463,0.6184085223956917,UL Monroe,UT Arlington,4,4,-4.7,400990495,2018-02-15
37,1,8:00,1680,1680,Kaelon Wilson Steal.,14,16,-2,34,0.2846544749857069,0.43835615087908525,UL Monroe,UT Arlington,4,4,-4.7,400990495,2018-02-15
38,1,7:26,1646,1646,Sam McDaniel made Free Throw.,15,19,-4,0,0.23651522523615767,0.3767507109577273,UL Monroe,UT Arlington,4,4,-4.7,400990495,2018-02-15
39,1,7:26,1646,1646,Sam McDaniel made Free Throw.,16,19,-3,0,0.2599862762555074,0.40672466482613245,UL Monroe,UT Arlington,4,4,-4.7,400990495,2018-02-15
40,1,7:26,1646,1646,Sam McDaniel made Free Throw.,17,19,-2,11,0.2849173134988833,0.43740968560124915,UL Monroe,UT Arlington,4,4,-4.7,400990495,2018-02-15
41,1,7:15,1635,1635,Kevin Hervey made Free Throw.,17,22,-5,17,0.21432453934367868,0.34700173982130017,UL Monroe,UT Arlington,4,4,-4.7,400990495,2018-02-15
42,1,6:58,1618,1618,Travis Munnings Defensive Rebound.,19,22,-3,7,0.2599423982318239,0.40561008841491536,UL Monroe,UT Arlington,4,4,-4.7,400990495,2018-02-15
43,1,6:51,1611,1611,Jordon Harris Offensive Rebound.,19,22,-3,7,0.25993687294462003,0.405333734127011,UL Monroe,UT Arlington,4,4,-4.7,400990495,2018-02-15
44,1,6:44,1604,1604,DJ Bryant Defensive Rebound.,19,22,-3,6,0.25993291676368335,0.40505774803040934,UL Monroe,UT Arlington,4,4,-4.7,400990495,2018-02-15
45,1,6:38,1598,1598,Marvin Jean-Pierre Steal.,19,22,-3,120,0.25993054402854965,0.40482127427981895,UL Monroe,UT Arlington,4,4,-4.7,400990495,2018-02-15
46,1,4:38,1478,1478,Travis Munnings Defensive Rebound.,25,28,-3,22,0.2597832804887765,0.3998424248113219,UL Monroe,UT Arlington,4,4,-4.7,400990495,2018-02-15
47,1,4:16,1456,1456,Travis Munnings Defensive Rebound.,27,28,-1,79,0.31559262268349253,0.46585361014200644,UL Monroe,UT Arlington,4,4,-4.7,400990495,2018-02-15
48,1,2:57,1377,1377,Marvin Jean-Pierre Defensive Rebound.,32,31,1,12,0.3817834700642296,0.5353983633018101,UL Monroe,UT Arlington,4,4,-4.7,400990495,2018-02-15
49,1,2:45,1365,1365,Jordon Harris made Free Throw.,33,31,2,0,0.41664173846820973,0.5708031265423881,UL Monroe,UT Arlington,4,4,-4.7,400990495,2018-02-15
50,1,2:45,1365,1365,Jordon Harris made Free Throw.,34,31,3,7,0.4516489461572236,0.6053226331278144,UL Monroe,UT Arlington,4,4,-4.7,400990495,2018-02-15
51,1,2:38,1358,1358,Nathan Hawkins Defensive Rebound.,34,31,3,49,0.4522739041833067,0.6056295918672308,UL Monroe,UT Arlington,4,4,-4.7,400990495,2018-02-15
52,1,1:49,1309,1309,Julian Harris made Free Throw.,36,32,4,0,0.4931344930707748,0.6420431536640385,UL Monroe,UT Arlington,4,4,-4.7,400990495,2018-02-15
53,1,1:49,1309,1309,Julian Harris missed Free Throw.,36,32,4,0,0.4931344930707748,0.6420431536640385,UL Monroe,UT Arlington,4,4,-4.7,400990495,2018-02-15
54,1,1:49,1309,1309,Sam McDaniel Defensive Rebound.,36,32,4,66,0.4931344930707748,0.6420431536640385,UL Monroe,UT Arlington,4,4,-4.7,400990495,2018-02-15
55,1,0:43,1243,1243,Michael Ertel Defensive Rebound.,41,34,7,15,0.6118346728051628,0.7417011851699986,UL Monroe,UT Arlington,4,4,-4.7,400990495,2018-02-15
56,1,0:28,1228,1228,Davion Turner Block.,41,34,7,2,0.6144399375489437,0.7432849796733723,UL Monroe,UT Arlington,4,4,-4.7,400990495,2018-02-15
57,1,0:26,1226,1226,Travis Munnings Offensive Rebound.,41,34,7,12,0.6147942933272282,0.743501811539874,UL Monroe,UT Arlington,4,4,-4.7,400990495,2018-02-15
58,1,0:14,1214,1214,Erick Neal Defensive Rebound.,41,34,7,8,0.6169572014574453,0.7448326450253747,UL Monroe,UT Arlington,4,4,-4.7,400990495,2018-02-15
59,1,0:06,1206,1206,Erick Neal missed Free Throw.,41,34,7,0,0.6184289588119403,0.7457442213481225,UL Monroe,UT Arlington,4,4,-4.7,400990495,2018-02-15
60,1,0:06,1206,1206,Marvin Jean-Pierre Defensive Rebound.,41,34,7,4,0.6184289588119403,0.7457442213481225,UL Monroe,UT Arlington,4,4,-4.7,400990495,2018-02-15
61,1,0:02,1202,1202,Davion Turner Defensive Rebound.,41,34,7,2,0.6191594182585176,0.7461959315992981,UL Monroe,UT Arlington,4,4,-4.7,400990495,2018-02-15
62,1,0:00,1200,1200,End of 1st half,41,34,7,0,0.6195225742971733,0.7464201950257411,UL Monroe,UT Arlington,4,4,-4.7,400990495,2018-02-15
63,2,20:00,1200,1200,PLAY,41,34,7,12,0.6195225742971733,0.7464201950257411,UL Monroe,UT Arlington,4,4,-4.7,400990495,2018-02-15
64,2,19:48,1188,1188,Nathan Hawkins Defensive Rebound.,41,34,7,13,0.6216749587815276,0.7477454089879065,UL Monroe,UT Arlington,4,4,-4.7,400990495,2018-02-15
65,2,19:35,1175,1175,DJ Bryant Offensive Rebound.,41,34,7,13,0.6239625018852109,0.7491471708883459,UL Monroe,UT Arlington,4,4,-4.7,400990495,2018-02-15
66,2,19:22,1162,1162,Sam Alabakis Offensive Rebound.,41,36,5,6,0.5501621964445105,0.687124845149949,UL Monroe,UT Arlington,4,4,-4.7,400990495,2018-02-15
67,2,19:16,1156,1156,Sam Alabakis made Free Throw.,42,36,6,0,0.5896680945816413,0.7204971065659819,UL Monroe,UT Arlington,4,4,-4.7,400990495,2018-02-15
68,2,19:16,1156,1156,Sam Alabakis missed Free Throw.,42,36,6,0,0.5896680945816413,0.7204971065659819,UL Monroe,UT Arlington,4,4,-4.7,400990495,2018-02-15
69,2,19:16,1156,1156,Kevin Hervey Defensive Rebound.,42,36,6,37,0.5896680945816413,0.7204971065659819,UL Monroe,UT Arlington,4,4,-4.7,400990495,2018-02-15
70,2,18:39,1119,1119,Sam McDaniel Defensive Rebound.,44,38,6,16,0.5954843465265451,0.7240343705832295,UL Monroe,UT Arlington,4,4,-4.7,400990495,2018-02-15
71,2,18:23,1103,1103,Kevin Hervey Defensive Rebound.,44,38,6,34,0.5980121492696108,0.7255727102355465,UL Monroe,UT Arlington,4,4,-4.7,400990495,2018-02-15
72,2,17:49,1069,1069,Johnny Hamilton Block.,44,38,6,2,0.6035119987929524,0.7289382170937547,UL Monroe,UT Arlington,4,4,-4.7,400990495,2018-02-15
73,2,17:47,1067,1067,Erick Neal Defensive Rebound.,44,38,6,69,0.6038435225063724,0.7291422365470361,UL Monroe,UT Arlington,4,4,-4.7,400990495,2018-02-15
74,2,16:38,998,998,Sam Alabakis Steal.,47,42,5,27,0.5748618369196621,0.7022555773331528,UL Monroe,UT Arlington,4,4,-4.7,400990495,2018-02-15
75,2,16:11,971,971,Travis Munnings Defensive Rebound.,49,42,7,19,0.661751201137628,0.7724871428087147,UL Monroe,UT Arlington,4,4,-4.7,400990495,2018-02-15
76,2,15:52,952,952,Michael Ertel Offensive Rebound.,49,42,7,52,0.665869459272857,0.7751049219164547,UL Monroe,UT Arlington,4,4,-4.7,400990495,2018-02-15
77,2,15:00,900,900,Sam McDaniel Defensive Rebound.,49,42,7,47,0.6754837114646,0.7811207983294799,UL Monroe,UT Arlington,4,4,-4.7,400990495,2018-02-15
78,2,14:13,853,853,Julian Harris made Free Throw.,52,43,9,0,0.7578919161444795,0.841965870683835,UL Monroe,UT Arlington,4,4,-4.7,400990495,2018-02-15
79,2,14:13,853,853,Julian Harris made Free Throw.,52,44,8,37,0.722174903245815,0.8156347081119434,UL Monroe,UT Arlington,4,4,-4.7,400990495,2018-02-15
80,2,13:36,816,816,Kevin Hervey Offensive Rebound.,54,44,10,34,0.797179329566567,0.8692805928573439,UL Monroe,UT Arlington,4,4,-4.7,400990495,2018-02-15
81,2,13:02,782,782,Jordon Harris Defensive Rebound.,57,46,11,41,0.8330266776764381,0.8935214728762098,UL Monroe,UT Arlington,4,4,-4.7,400990495,2018-02-15
82,2,12:21,741,741,Michael Ertel Offensive Rebound.,60,49,11,1,0.8430635355834678,0.8996377426944883,UL Monroe,UT Arlington,4,4,-4.7,400990495,2018-02-15
83,2,12:20,740,740,Michael Ertel made Two Point Tip Shot.,62,49,13,0,0.8891767592239963,0.9304843353404719,UL Monroe,UT Arlington,4,4,-4.7,400990495,2018-02-15
84,2,12:20,740,740,Michael Ertel missed Free Throw.,62,49,13,0,0.8891767592239963,0.9304843353404719,UL Monroe,UT Arlington,4,4,-4.7,400990495,2018-02-15
85,2,12:20,740,740,Kaelon Wilson Defensive Rebound.,62,49,13,9,0.8891767592239963,0.9304843353404719,UL Monroe,UT Arlington,4,4,-4.7,400990495,2018-02-15
86,2,12:11,731,731,Brandon Newman Defensive Rebound.,62,49,13,45,0.8913516386057831,0.9317874594481738,UL Monroe,UT Arlington,4,4,-4.7,400990495,2018-02-15
87,2,11:26,686,686,Michael Ertel Defensive Rebound.,65,49,16,58,0.9442721567960911,0.9654542331480743,UL Monroe,UT Arlington,4,4,-4.7,400990495,2018-02-15
88,2,10:28,628,628,DJ Bryant Defensive Rebound.,67,49,18,26,0.9677400202562084,0.9799564423752106,UL Monroe,UT Arlington,4,4,-4.7,400990495,2018-02-15
89,2,10:02,602,602,Sam McDaniel made Free Throw.,68,51,17,0,0.9631005506656694,0.9769030314186852,UL Monroe,UT Arlington,4,4,-4.7,400990495,2018-02-15
90,2,10:02,602,602,Sam McDaniel made Free Throw.,69,51,18,37,0.9701781058065009,0.9813843520647393,UL Monroe,UT Arlington,4,4,-4.7,400990495,2018-02-15
91,2,9:25,565,565,Marvin Jean-Pierre Defensive Rebound.,72,51,21,47,0.986784470024455,0.9917289064100999,UL Monroe,UT Arlington,4,4,-4.7,400990495,2018-02-15
92,2,8:38,518,518,UT Arlington Deadball Team Rebound.,75,51,24,2,0.9949524870581629,0.9968104099253096,UL Monroe,UT Arlington,4,4,-4.7,400990495,2018-02-15
93,2,8:36,516,516,Kaelon Wilson made Free Throw.,75,52,23,0,0.9936590854260225,0.9959890861616058,UL Monroe,UT Arlington,4,4,-4.7,400990495,2018-02-15
94,2,8:36,516,516,Kaelon Wilson made Free Throw.,75,53,22,80,0.991954791609006,0.9949078342959422,UL Monroe,UT Arlington,4,4,-4.7,400990495,2018-02-15
95,2,7:16,436,436,UT Arlington Deadball Team Rebound.,78,56,22,77,0.9949456202403992,0.9967307756584308,UL Monroe,UT Arlington,4,4,-4.7,400990495,2018-02-15
96,2,5:59,359,359,Johnny Hamilton Defensive Rebound.,80,62,18,18,0.9919010295994756,0.9945945846498331,UL Monroe,UT Arlington,4,4,-4.7,400990495,2018-02-15
97,2,5:41,341,341,Julian Harris Defensive Rebound.,80,62,18,13,0.9931026260780823,0.9953608133432706,UL Monroe,UT Arlington,4,4,-4.7,400990495,2018-02-15
98,2,5:28,328,328,Travis Munnings Defensive Rebound.,80,62,18,45,0.9939793510817269,0.9959268263702844,UL Monroe,UT Arlington,4,4,-4.7,400990495,2018-02-15
99,2,4:43,283,283,Davion Turner Defensive Rebound.,80,64,16,9,0.9920179962605464,0.9944760557866804,UL Monroe,UT Arlington,4,4,-4.7,400990495,2018-02-15
100,2,4:34,274,274,UL Monroe Defensive Rebound.,80,64,16,24,0.9918424415206869,0.9943293529860242,UL Monroe,UT Arlington,4,4,-4.7,400990495,2018-02-15
101,2,4:10,250,250,Johnny Hamilton Block.,80,64,16,1,0.9910107847823114,0.9936742628989292,UL Monroe,UT Arlington,4,4,-4.7,400990495,2018-02-15
102,2,4:09,249,249,Julian Harris Defensive Rebound.,80,64,16,51,0.9909818912263314,0.9936506199109203,UL Monroe,UT Arlington,4,4,-4.7,400990495,2018-02-15
103,2,3:18,198,198,DJ Bryant Steal.,80,67,13,4,0.9836622241580631,0.9881363439305811,UL Monroe,UT Arlington,4,4,-4.7,400990495,2018-02-15
104,2,3:14,194,194,Kaelon Wilson missed Free Throw.,80,69,11,0,0.9705433011362375,0.9784774100033105,UL Monroe,UT Arlington,4,4,-4.7,400990495,2018-02-15
105,2,3:14,194,194,Marvin Jean-Pierre Defensive Rebound.,80,69,11,23,0.9705433011362375,0.9784774100033105,UL Monroe,UT Arlington,4,4,-4.7,400990495,2018-02-15
106,2,2:51,171,171,Johnny Hamilton Defensive Rebound.,80,69,11,29,0.9826993062485135,0.9872074546323379,UL Monroe,UT Arlington,4,4,-4.7,400990495,2018-02-15
107,2,2:22,142,142,Johnny Hamilton Defensive Rebound.,80,69,11,11,0.9920626946423355,0.9940242019904607,UL Monroe,UT Arlington,4,4,-4.7,400990495,2018-02-15
108,2,2:11,131,131,Sam McDaniel Defensive Rebound.,80,69,11,28,0.9944064098889503,0.9957566657405057,UL Monroe,UT Arlington,4,4,-4.7,400990495,2018-02-15
109,2,1:43,103,103,Marvin Jean-Pierre Offensive Rebound.,80,69,11,52,0.9981257157184232,0.9985478894165973,UL Monroe,UT Arlington,4,4,-4.7,400990495,2018-02-15
110,2,0:51,51,51,Jordon Harris made Free Throw.,84,71,13,0,0.9999793418202357,0.9999832629341158,UL Monroe,UT Arlington,4,4,-4.7,400990495,2018-02-15
111,2,0:51,51,51,Jordon Harris missed Free Throw.,84,71,13,0,0.9999793418202357,0.9999832629341158,UL Monroe,UT Arlington,4,4,-4.7,400990495,2018-02-15
112,2,0:51,51,51,DJ Bryant Defensive Rebound.,84,71,13,9,0.9999793418202357,0.9999832629341158,UL Monroe,UT Arlington,4,4,-4.7,400990495,2018-02-15
113,2,0:42,42,42,UL Monroe Defensive Rebound.,84,71,13,9,0.9999895685267289,0.9999914774905424,UL Monroe,UT Arlington,4,4,-4.7,400990495,2018-02-15
114,2,0:33,33,33,Sam McDaniel missed Free Throw.,84,71,13,0,0.9999949203940875,0.9999958143295954,UL Monroe,UT Arlington,4,4,-4.7,400990495,2018-02-15
115,2,0:33,33,33,Kaelon Wilson Defensive Rebound.,84,71,13,4,0.9999949203940875,0.9999958143295954,UL Monroe,UT Arlington,4,4,-4.7,400990495,2018-02-15
116,2,0:29,29,29,Marvin Jean-Pierre Defensive Rebound.,84,71,13,29,0.999996346888039,0.9999969781647302,UL Monroe,UT Arlington,4,4,-4.7,400990495,2018-02-15
117,2,0:00,0,0,End of Game,84,71,13,0,1,1,UL Monroe,UT Arlington,4,4,-4.7,400990495,2018-02-15
