play_id,half,time_remaining_half,secs_remaining,secs_remaining_absolute,description,home_score,away_score,score_diff,play_length,win_prob,naive_win_prob,home,away,home_time_out_remaining,away_time_out_remaining,home_favored_by,game_id,date
1,1,20:00,2400,2400,PLAY,0,0,0,28,0.7485569865888488,0.5,Radford,Campbell,4,4,6.8,400992285,2018-02-15
2,1,19:32,2372,2372,Cory Gensler Defensive Rebound.,0,0,0,37,0.7479766025210643,0.5,Radford,Campbell,4,4,6.8,400992285,2018-02-15
3,1,18:55,2335,2335,Radford Offensive Rebound.,0,0,0,76,0.7471777903512297,0.5,Radford,Campbell,4,4,6.8,400992285,2018-02-15
4,1,17:39,2259,2259,Ed Polite Jr. Steal.,5,0,5,37,0.8244466422342832,0.6159662791029149,Radford,Campbell,4,4,6.8,400992285,2018-02-15
5,1,17:02,2222,2222,Mogga Lado Defensive Rebound.,7,0,7,9,0.851040111634656,0.6622472699749412,Radford,Campbell,4,4,6.8,400992285,2018-02-15
6,1,16:53,2213,2213,Donald Hicks Defensive Rebound.,7,0,7,31,0.8512550418778099,0.6628977013295915,Radford,Campbell,4,4,6.8,400992285,2018-02-15
7,1,16:22,2182,2182,Ed Polite Jr. Defensive Rebound.,9,0,9,43,0.8750486071413679,0.7073172080426157,Radford,Campbell,4,4,6.8,400992285,2018-02-15
8,1,15:39,2139,2139,Chris Clemons Defensive Rebound.,9,2,7,10,0.8529788200160061,0.6682747965530983,Radford,Campbell,4,4,6.8,400992285,2018-02-15
9,1,15:29,2129,2129,Ed Polite Jr. Defensive Rebound.,9,2,7,117,0.8532072260727755,0.6690073013481805,Radford,Campbell,4,4,6.8,400992285,2018-02-15
10,1,13:32,2012,2012,Devonnte Holland Defensive Rebound.,16,4,12,32,0.909888165786414,0.7815047641459862,Radford,Campbell,4,4,6.8,400992285,2018-02-15
11,1,13:00,1980,1980,Carlik Jones Defensive Rebound.,18,4,14,10,0.9270222202008401,0.8189720881136515,Radford,Campbell,4,4,6.8,400992285,2018-02-15
12,1,12:50,1970,1970,Devonnte Holland made Free Throw.,19,4,15,0,0.9343525640099503,0.8354620825904419,Radford,Campbell,4,4,6.8,400992285,2018-02-15
13,1,12:50,1970,1970,Devonnte Holland made Free Throw.,20,4,16,21,0.9406923714400737,0.8498170466831885,Radford,Campbell,4,4,6.8,400992285,2018-02-15
14,1,12:29,1949,1949,Travis Fields Jr Steal.,20,4,16,29,0.9414468866116705,0.8520046294597367,Radford,Campbell,4,4,6.8,400992285,2018-02-15
15,1,12:00,1920,1920,Radford Defensive Rebound.,22,4,18,44,0.9533946060433109,0.8804144835322105,Radford,Campbell,4,4,6.8,400992285,2018-02-15
16,1,11:16,1876,1876,Donald Hicks Defensive Rebound.,25,4,21,29,0.9674252278100118,0.9150719682437696,Radford,Campbell,4,4,6.8,400992285,2018-02-15
17,1,10:47,1847,1847,Andrew Eudy Defensive Rebound.,25,4,21,16,0.9682448490136857,0.9175121103971872,Radford,Campbell,4,4,6.8,400992285,2018-02-15
18,1,10:31,1831,1831,Leroy Butts IV Defensive Rebound.,25,4,21,17,0.9686899942809558,0.9188388417688663,Radford,Campbell,4,4,6.8,400992285,2018-02-15
19,1,10:14,1814,1814,Shane Whitfield Defensive Rebound.,25,4,21,9,0.9691587229804731,0.9202360080001579,Radford,Campbell,4,4,6.8,400992285,2018-02-15
20,1,10:05,1805,1805,Travis Fields Jr Defensive Rebound.,25,4,21,23,0.9694054415435449,0.9209712029127868,Radford,Campbell,4,4,6.8,400992285,2018-02-15
21,1,9:42,1782,1782,Jordan Whitfield Defensive Rebound.,25,4,21,12,0.9700326046123322,0.9228384393537126,Radford,Campbell,4,4,6.8,400992285,2018-02-15
22,1,9:30,1770,1770,Andrew Eudy made Free Throw.,25,5,20,0,0.9667430385283801,0.9150111447082163,Radford,Campbell,4,4,6.8,400992285,2018-02-15
23,1,9:30,1770,1770,Andrew Eudy missed Free Throw.,25,5,20,0,0.9667430385283801,0.9150111447082163,Radford,Campbell,4,4,6.8,400992285,2018-02-15
24,1,9:30,1770,1770,Donald Hicks Defensive Rebound.,25,5,20,20,0.9667430385283801,0.9150111447082163,Radford,Campbell,4,4,6.8,400992285,2018-02-15
25,1,9:10,1750,1750,Marcus Burk Defensive Rebound.,25,5,20,44,0.9673142935005283,0.9167047852969211,Radford,Campbell,4,4,6.8,400992285,2018-02-15
26,1,8:26,1706,1706,Jordan Whitfield Defensive Rebound.,25,5,20,36,0.968574656401731,0.9204225045703629,Radford,Campbell,4,4,6.8,400992285,2018-02-15
27,1,7:50,1670,1670,Marcus Burk Defensive Rebound.,25,8,17,21,0.9564308676730595,0.8924832283400742,Radford,Campbell,4,4,6.8,400992285,2018-02-15
28,1,7:29,1649,1649,Andrew Eudy Block.,25,11,14,2,0.9386196751903627,0.8531388417195469,Radford,Campbell,4,4,6.8,400992285,2018-02-15
29,1,7:27,1647,1647,Justin Cousin Offensive Rebound.,25,11,14,2,0.9386836927326409,0.8533338873669566,Radford,Campbell,4,4,6.8,400992285,2018-02-15
30,1,7:25,1645,1645,Jordan Whitfield Defensive Rebound.,25,11,14,5,0.9387474297093228,0.8535283795833948,Radford,Campbell,4,4,6.8,400992285,2018-02-15
31,1,7:20,1640,1640,Chris Clemons missed Free Throw.,25,13,12,0,0.9227241317263759,0.8196646376196302,Radford,Campbell,4,4,6.8,400992285,2018-02-15
32,1,7:20,1640,1640,Ed Polite Jr. Defensive Rebound.,25,13,12,30,0.9227241317263759,0.8196646376196302,Radford,Campbell,4,4,6.8,400992285,2018-02-15
33,1,6:50,1610,1610,Randy Phillips Offensive Rebound.,25,13,12,16,0.9236373196365992,0.8225635035007346,Radford,Campbell,4,4,6.8,400992285,2018-02-15
34,1,6:34,1594,1594,Andrew Eudy Steal.,25,13,12,50,0.9241109308348144,0.8240864022653492,Radford,Campbell,4,4,6.8,400992285,2018-02-15
35,1,5:44,1544,1544,Marcus Burk Defensive Rebound.,25,15,10,7,0.9053293827549695,0.7882716059464451,Radford,Campbell,4,4,6.8,400992285,2018-02-15
36,1,5:37,1537,1537,Travis Fields Jr Steal.,25,15,10,54,0.9055244492581805,0.7889330409016105,Radford,Campbell,4,4,6.8,400992285,2018-02-15
37,1,4:43,1483,1483,Andrew Eudy Steal.,27,17,10,3,0.9071376293902056,0.7942274899252435,Radford,Campbell,4,4,6.8,400992285,2018-02-15
38,1,4:40,1480,1480,Chris Clemons made Free Throw.,27,18,9,0,0.8952082391944306,0.7715758826971392,Radford,Campbell,4,4,6.8,400992285,2018-02-15
39,1,4:40,1480,1480,Chris Clemons made Free Throw.,27,19,8,40,0.8818256543119724,0.7468690784529353,Radford,Campbell,4,4,6.8,400992285,2018-02-15
40,1,4:00,1440,1440,Andrew Eudy Block.,29,19,10,2,0.9086175876992838,0.7987773533040915,Radford,Campbell,4,4,6.8,400992285,2018-02-15
41,1,3:58,1438,1438,Devonnte Holland Offensive Rebound.,29,19,10,26,0.9086865973043331,0.7989888806283278,Radford,Campbell,4,4,6.8,400992285,2018-02-15
42,1,3:32,1412,1412,Carlik Jones Defensive Rebound.,29,19,10,23,0.9095376661369508,0.8016550718034481,Radford,Campbell,4,4,6.8,400992285,2018-02-15
43,1,3:09,1389,1389,Radford Defensive Rebound.,29,19,10,54,0.9102367641433794,0.8039159159757641,Radford,Campbell,4,4,6.8,400992285,2018-02-15
44,1,2:15,1335,1335,Cory Gensler Offensive Rebound.,31,19,12,10,0.9324351658718978,0.8497881613427939,Radford,Campbell,4,4,6.8,400992285,2018-02-15
45,1,2:05,1325,1325,Carlik Jones Defensive Rebound.,31,19,12,8,0.9327452431338477,0.8507458802679659,Radford,Campbell,4,4,6.8,400992285,2018-02-15
46,1,1:57,1317,1317,Carlik Jones made Free Throw.,32,19,13,0,0.9415417851532606,0.8689950835358113,Radford,Campbell,4,4,6.8,400992285,2018-02-15
47,1,1:57,1317,1317,Carlik Jones missed Free Throw.,32,19,13,0,0.9415417851532606,0.8689950835358113,Radford,Campbell,4,4,6.8,400992285,2018-02-15
48,1,1:57,1317,1317,Randy Phillips Offensive Rebound.,32,19,13,20,0.9415417851532606,0.8689950835358113,Radford,Campbell,4,4,6.8,400992285,2018-02-15
49,1,1:37,1297,1297,Ed Polite Jr. Offensive Rebound.,32,19,13,26,0.9421824705681243,0.8709081029597502,Radford,Campbell,4,4,6.8,400992285,2018-02-15
50,1,1:11,1271,1271,Andrew Eudy made Free Throw.,35,22,13,21,0.9430660011389275,0.8734859588257713,Radford,Campbell,4,4,6.8,400992285,2018-02-15
51,1,0:50,1250,1250,Andrew Eudy Defensive Rebound.,35,22,13,10,0.9438353688377489,0.8756694277332469,Radford,Campbell,4,4,6.8,400992285,2018-02-15
52,1,0:40,1240,1240,Travis Fields Jr Defensive Rebound.,35,22,13,32,0.9442227480764412,0.8767475456714704,Radford,Campbell,4,4,6.8,400992285,2018-02-15
53,1,0:08,1208,1208,Travis Fields Jr Offensive Rebound.,35,22,13,3,0.9455681518943946,0.8803907714869051,Radford,Campbell,4,4,6.8,400992285,2018-02-15
54,1,0:05,1205,1205,Travis Fields Jr made Free Throw.,36,22,14,0,0.953077791745796,0.8959748321224571,Radford,Campbell,4,4,6.8,400992285,2018-02-15
55,1,0:05,1205,1205,Travis Fields Jr made Free Throw.,37,22,15,5,0.9594961439920026,0.9094621289684647,Radford,Campbell,4,4,6.8,400992285,2018-02-15
56,1,0:00,1200,1200,End of 1st half,37,22,15,0,0.9596929873777215,0.9099848741674551,Radford,Campbell,4,4,6.8,400992285,2018-02-15
57,2,20:00,1200,1200,PLAY,37,22,15,15,0.9596929873777215,0.9099848741674551,Radford,Campbell,4,4,6.8,400992285,2018-02-15
58,2,19:45,1185,1185,Christian Bradford Defensive Rebound.,37,22,15,63,0.960265138323522,0.9115080020143526,Radford,Campbell,4,4,6.8,400992285,2018-02-15
59,2,18:42,1122,1122,Shane Whitfield Defensive Rebound.,39,25,14,20,0.9562334912551811,0.904417188550287,Radford,Campbell,4,4,6.8,400992285,2018-02-15
60,2,18:22,1102,1102,Ed Polite Jr. Steal.,39,25,14,53,0.9569571456328361,0.9063427907450334,Radford,Campbell,4,4,6.8,400992285,2018-02-15
61,2,17:29,1049,1049,Andrew Eudy Block.,39,28,11,2,0.9340877033798353,0.8621140867605649,Radford,Campbell,4,4,6.8,400992285,2018-02-15
62,2,17:27,1047,1047,Randy Phillips Offensive Rebound.,39,28,11,0,0.9341784449400392,0.862350502588302,Radford,Campbell,4,4,6.8,400992285,2018-02-15
63,2,17:27,1047,1047,Randy Phillips missed Free Throw.,39,28,11,0,0.9341784449400392,0.862350502588302,Radford,Campbell,4,4,6.8,400992285,2018-02-15
64,2,17:27,1047,1047,Radford Deadball Team Rebound.,39,28,11,0,0.9341784449400392,0.862350502588302,Radford,Campbell,4,4,6.8,400992285,2018-02-15
65,2,17:27,1047,1047,Randy Phillips made Free Throw.,40,28,12,24,0.9437223142375926,0.880982264072459,Radford,Campbell,4,4,6.8,400992285,2018-02-15
66,2,17:03,1023,1023,Travis Fields Jr Defensive Rebound.,40,28,12,69,0.9448184862351232,0.8837909631813018,Radford,Campbell,4,4,6.8,400992285,2018-02-15
67,2,15:54,954,954,Andrew Eudy Steal.,42,30,12,10,0.9484220710510705,0.8927000449048293,Radford,Campbell,4,4,6.8,400992285,2018-02-15
68,2,15:44,944,944,Ed Polite Jr. Defensive Rebound.,42,30,12,26,0.9489114349307396,0.8939017225918743,Radford,Campbell,4,4,6.8,400992285,2018-02-15
69,2,15:18,918,918,Andrew Eudy Defensive Rebound.,42,30,12,19,0.9500576297637793,0.896735300715065,Radford,Campbell,4,4,6.8,400992285,2018-02-15
70,2,14:59,899,899,Donald Hicks Offensive Rebound.,42,30,12,19,0.950816369868924,0.8986206118855156,Radford,Campbell,4,4,6.8,400992285,2018-02-15
71,2,14:40,880,880,Campbell Offensive Rebound.,42,30,12,125,0.9515421337122987,0.9004231222294903,Radford,Campbell,4,4,6.8,400992285,2018-02-15
72,2,12:35,755,755,Shane Whitfield made Free Throw.,47,36,11,0,0.9485119784715416,0.8973962588111349,Radford,Campbell,4,4,6.8,400992285,2018-02-15
73,2,12:35,755,755,Shane Whitfield missed Free Throw.,47,36,11,0,0.9485119784715416,0.8973962588111349,Radford,Campbell,4,4,6.8,400992285,2018-02-15
74,2,12:35,755,755,Donald Hicks Defensive Rebound.,47,36,11,26,0.9485119784715416,0.8973962588111349,Radford,Campbell,4,4,6.8,400992285,2018-02-15
75,2,12:09,729,729,Jordan Whitfield Steal.,47,36,11,3,0.9504156805687136,0.9016949444964789,Radford,Campbell,4,4,6.8,400992285,2018-02-15
76,2,12:06,726,726,Randy Phillips Block.,47,36,11,2,0.9506452639482591,0.9022107839926756,Radford,Campbell,4,4,6.8,400992285,2018-02-15
77,2,12:04,724,724,Carlik Jones Defensive Rebound.,47,36,11,6,0.9507944590159212,0.9025467598201772,Radford,Campbell,4,4,6.8,400992285,2018-02-15
78,2,11:58,718,718,Campbell Defensive Rebound.,47,36,11,60,0.951224699997792,0.9035190995231114,Radford,Campbell,4,4,6.8,400992285,2018-02-15
79,2,10:58,658,658,Travis Fields Jr made Free Throw.,48,36,12,0,0.9629835437638309,0.9270980439588798,Radford,Campbell,4,4,6.8,400992285,2018-02-15
80,2,10:58,658,658,Travis Fields Jr made Free Throw.,49,36,13,19,0.9698391566356949,0.9401870044487008,Radford,Campbell,4,4,6.8,400992285,2018-02-15
81,2,10:39,639,639,Justin Cousin Steal.,49,36,13,50,0.9706486995223944,0.9420543506226465,Radford,Campbell,4,4,6.8,400992285,2018-02-15
82,2,9:49,589,589,Randy Phillips Block.,51,36,15,0,0.9826117503890374,0.9657898177578274,Radford,Campbell,4,4,6.8,400992285,2018-02-15
83,2,9:49,589,589,Campbell Offensive Rebound.,51,36,15,6,0.9826117503890374,0.9657898177578274,Radford,Campbell,4,4,6.8,400992285,2018-02-15
84,2,9:43,583,583,Randy Phillips Defensive Rebound.,51,36,15,21,0.9828833707353333,0.9663837987257416,Radford,Campbell,4,4,6.8,400992285,2018-02-15
85,2,9:22,562,562,Chris Clemons Steal.,51,36,15,36,0.9839239021191571,0.9686329996630247,Radford,Campbell,4,4,6.8,400992285,2018-02-15
86,2,8:46,526,526,Carlik Jones made Free Throw.,52,38,14,0,0.9819663817023252,0.9653598856924531,Radford,Campbell,4,4,6.8,400992285,2018-02-15
87,2,8:46,526,526,Carlik Jones missed Free Throw.,52,38,14,0,0.9819663817023252,0.9653598856924531,Radford,Campbell,4,4,6.8,400992285,2018-02-15
88,2,8:46,526,526,Damontez Oliver Defensive Rebound.,52,38,14,14,0.9819663817023252,0.9653598856924531,Radford,Campbell,4,4,6.8,400992285,2018-02-15
89,2,8:32,512,512,Marcus Burk Offensive Rebound.,52,38,14,6,0.9825811002920237,0.9666927237202616,Radford,Campbell,4,4,6.8,400992285,2018-02-15
90,2,8:26,506,506,Jordan Whitfield Offensive Rebound.,52,38,14,13,0.9828277039345045,0.9672285889255811,Radford,Campbell,4,4,6.8,400992285,2018-02-15
91,2,8:13,493,493,Donald Hicks Defensive Rebound.,52,38,14,23,0.9833527675295181,0.9683668758041889,Radford,Campbell,4,4,6.8,400992285,2018-02-15
92,2,7:50,470,470,Randy Phillips Offensive Rebound.,52,38,14,13,0.984345574437098,0.9704881171541478,Radford,Campbell,4,4,6.8,400992285,2018-02-15
93,2,7:37,457,457,Mogga Lado Block.,52,38,14,3,0.984995928228885,0.971848698165104,Radford,Campbell,4,4,6.8,400992285,2018-02-15
94,2,7:34,454,454,Mogga Lado Defensive Rebound.,52,38,14,12,0.9851586540575087,0.9721857363825952,Radford,Campbell,4,4,6.8,400992285,2018-02-15
95,2,7:22,442,442,Randy Phillips Block.,52,38,14,2,0.9858636851111526,0.9736322944594891,Radford,Campbell,4,4,6.8,400992285,2018-02-15
96,2,7:20,440,440,Travis Fields Jr Defensive Rebound.,52,38,14,51,0.9859900687249965,0.9738894702631923,Radford,Campbell,4,4,6.8,400992285,2018-02-15
97,2,6:29,389,389,Chris Clemons made Free Throw.,54,39,15,0,0.9916439528152705,0.9847680331275867,Radford,Campbell,4,4,6.8,400992285,2018-02-15
98,2,6:29,389,389,Chris Clemons made Free Throw.,54,40,14,2,0.9889961436794414,0.9799854030821882,Radford,Campbell,4,4,6.8,400992285,2018-02-15
99,2,6:27,387,387,Carlik Jones Offensive Rebound.,54,40,14,12,0.9890946933906378,0.9801859652561903,Radford,Campbell,4,4,6.8,400992285,2018-02-15
100,2,6:15,375,375,Ed Polite Jr. Defensive Rebound.,56,40,16,48,0.9941174542817,0.9893438820394734,Radford,Campbell,4,4,6.8,400992285,2018-02-15
101,2,5:27,327,327,Ed Polite Jr. Block.,56,40,16,2,0.9957871670659124,0.9925929525589593,Radford,Campbell,4,4,6.8,400992285,2018-02-15
102,2,5:25,325,325,Radford Defensive Rebound.,56,40,16,45,0.995863133560497,0.9927361719211175,Radford,Campbell,4,4,6.8,400992285,2018-02-15
103,2,4:40,280,280,Cory Gensler made Free Throw.,58,41,17,0,0.9976353030873246,0.9959730944916501,Radford,Campbell,4,4,6.8,400992285,2018-02-15
104,2,4:40,280,280,Cory Gensler made Free Throw.,58,42,16,0,0.9967328925592099,0.9944398908049645,Radford,Campbell,4,4,6.8,400992285,2018-02-15
105,2,4:40,280,280,Cory Gensler missed Free Throw.,58,42,16,0,0.9967328925592099,0.9944398908049645,Radford,Campbell,4,4,6.8,400992285,2018-02-15
106,2,4:40,280,280,Randy Phillips Defensive Rebound.,58,42,16,50,0.9967328925592099,0.9944398908049645,Radford,Campbell,4,4,6.8,400992285,2018-02-15
107,2,3:50,230,230,Donald Hicks Steal.,60,42,18,19,0.9978954080046597,0.996545517977534,Radford,Campbell,4,4,6.8,400992285,2018-02-15
108,2,3:31,211,211,Andrew Eudy Steal.,60,42,18,33,0.9981991805117201,0.9970896184917875,Radford,Campbell,4,4,6.8,400992285,2018-02-15
109,2,2:58,178,178,Chris Clemons made Free Throw.,62,45,17,0,0.9990035399933134,0.9984376190414935,Radford,Campbell,4,4,6.8,400992285,2018-02-15
110,2,2:58,178,178,Chris Clemons made Free Throw.,62,46,16,0,0.9985435644389546,0.9977170059068232,Radford,Campbell,4,4,6.8,400992285,2018-02-15
111,2,2:58,178,178,Carlik Jones made Free Throw.,63,46,17,0,0.9990035399933134,0.9984376190414935,Radford,Campbell,4,4,6.8,400992285,2018-02-15
112,2,2:58,178,178,Carlik Jones made Free Throw.,64,46,18,10,0.9993183439500989,0.9989310187474876,Radford,Campbell,4,4,6.8,400992285,2018-02-15
113,2,2:48,168,168,Chris Clemons made Free Throw.,64,49,15,10,0.9984469384603971,0.9975896821171416,Radford,Campbell,4,4,6.8,400992285,2018-02-15
114,2,2:38,158,158,Chris Clemons Steal.,67,49,18,0,0.9996882194548368,0.9995206739574127,Radford,Campbell,4,4,6.8,400992285,2018-02-15
115,2,2:38,158,158,Carlik Jones Steal.,67,49,18,40,0.9996882194548368,0.9995206739574127,Radford,Campbell,4,4,6.8,400992285,2018-02-15
116,2,1:58,118,118,Ed Polite Jr. Defensive Rebound.,67,51,16,23,0.9998759129603669,0.9998172480886075,Radford,Campbell,4,4,6.8,400992285,2018-02-15
117,2,1:35,95,95,Christian Bradford made Free Throw.,68,51,17,0,0.9999838297483629,0.9999768163140248,Radford,Campbell,4,4,6.8,400992285,2018-02-15
118,2,1:35,95,95,Christian Bradford missed Free Throw.,68,51,17,0,0.9999838297483629,0.9999768163140248,Radford,Campbell,4,4,6.8,400992285,2018-02-15
119,2,1:35,95,95,Jordan Whitfield Defensive Rebound.,68,51,17,7,0.9999838297483629,0.9999768163140248,Radford,Campbell,4,4,6.8,400992285,2018-02-15
120,2,1:28,88,88,Chris Clemons made Free Throw.,68,52,16,0,0.9999814431409155,0.9999736200845468,Radford,Campbell,4,4,6.8,400992285,2018-02-15
121,2,1:28,88,88,Chris Clemons made Free Throw.,68,53,15,3,0.9999641353456636,0.9999490161755549,Radford,Campbell,4,4,6.8,400992285,2018-02-15
122,2,1:25,85,85,Donald Hicks made Free Throw.,69,53,16,0,0.999985015487688,0.9999787766069634,Radford,Campbell,4,4,6.8,400992285,2018-02-15
123,2,1:25,85,85,Donald Hicks made Free Throw.,70,53,17,6,0.9999923515699154,0.9999891670726255,Radford,Campbell,4,4,6.8,400992285,2018-02-15
124,2,1:19,79,79,Carlik Jones Defensive Rebound.,70,53,17,59,0.9999952026719753,0.9999932555317916,Radford,Campbell,4,4,6.8,400992285,2018-02-15
125,2,0:20,20,20,Damontez Oliver Defensive Rebound.,72,53,19,20,0.9999999978058153,0.9999999971492078,Radford,Campbell,4,4,6.8,400992285,2018-02-15
126,2,0:00,0,0,End of Game,72,53,19,0,1,1,Radford,Campbell,4,4,6.8,400992285,2018-02-15
