play_id,half,time_remaining_half,secs_remaining,secs_remaining_absolute,description,home_score,away_score,score_diff,play_length,win_prob,naive_win_prob,home,away,home_time_out_remaining,away_time_out_remaining,home_favored_by,game_id,date
1,1,20:00,2400,2400,PLAY,0,0,0,31,0.8326199378178255,0.5,Murray State,Jacksonville State,4,4,10,400991031,2018-02-15
2,1,19:29,2369,2369,Jacksonville State Defensive Rebound.,0,0,0,28,0.831918366515682,0.5,Murray State,Jacksonville State,4,4,10,400991031,2018-02-15
3,1,19:01,2341,2341,Jonathan Stark Defensive Rebound.,0,0,0,53,0.8312598175795943,0.5,Murray State,Jacksonville State,4,4,10,400991031,2018-02-15
4,1,18:08,2288,2288,Norbertas Giga Defensive Rebound.,2,2,0,20,0.8299448258562526,0.5,Murray State,Jacksonville State,4,4,10,400991031,2018-02-15
5,1,17:48,2268,2268,Shaq Buchanan Defensive Rebound.,2,2,0,12,0.8294241267532321,0.5,Murray State,Jacksonville State,4,4,10,400991031,2018-02-15
6,1,17:36,2256,2256,Marlon Hunter Defensive Rebound.,2,2,0,44,0.8291050002370619,0.5,Murray State,Jacksonville State,4,4,10,400991031,2018-02-15
7,1,16:52,2212,2212,Norbertas Giga Defensive Rebound.,2,2,0,18,0.8278902522411004,0.5,Murray State,Jacksonville State,4,4,10,400991031,2018-02-15
8,1,16:34,2194,2194,Jamall Gregory Steal.,2,5,-3,8,0.7815397793864128,0.4274026879380878,Murray State,Jacksonville State,4,4,10,400991031,2018-02-15
9,1,16:26,2186,2186,Brion Sanchious Block.,2,5,-3,2,0.7810691693100301,0.427129719175092,Murray State,Jacksonville State,4,4,10,400991031,2018-02-15
10,1,16:24,2184,2184,Brion Sanchious Defensive Rebound.,2,5,-3,12,0.7809509336850835,0.42706141630147587,Murray State,Jacksonville State,4,4,10,400991031,2018-02-15
11,1,16:12,2172,2172,Christian Cunningham Block.,2,5,-3,4,0.780236609885321,0.4266511374356508,Murray State,Jacksonville State,4,4,10,400991031,2018-02-15
12,1,16:08,2168,2168,Christian Cunningham Defensive Rebound.,2,5,-3,14,0.7799966251087934,0.4265142055072612,Murray State,Jacksonville State,4,4,10,400991031,2018-02-15
13,1,15:54,2154,2154,Terrell Miller Jr. Defensive Rebound.,2,5,-3,29,0.779149114477717,0.4260336520324465,Murray State,Jacksonville State,4,4,10,400991031,2018-02-15
14,1,15:25,2125,2125,Jonathan Stark Defensive Rebound.,4,5,-1,16,0.8102689763547682,0.4748418147482974,Murray State,Jacksonville State,4,4,10,400991031,2018-02-15
15,1,15:09,2109,2109,Marlon Hunter Defensive Rebound.,4,5,-1,10,0.8096050258663408,0.47465214992702653,Murray State,Jacksonville State,4,4,10,400991031,2018-02-15
16,1,14:59,2099,2099,Jacksonville State Offensive Rebound.,4,5,-1,10,0.8091842861137948,0.4745329960623789,Murray State,Jacksonville State,4,4,10,400991031,2018-02-15
17,1,14:49,2089,2089,Christian Cunningham Offensive Rebound.,4,5,-1,15,0.8087591109566823,0.4744133499307184,Murray State,Jacksonville State,4,4,10,400991031,2018-02-15
18,1,14:34,2074,2074,Marlon Hunter Offensive Rebound.,4,5,-1,0,0.8081130383203946,0.47423292044484744,Murray State,Jacksonville State,4,4,10,400991031,2018-02-15
19,1,14:34,2074,2074,Marlon Hunter made Two Point Tip Shot.,4,7,-3,0,0.7740768181368307,0.42324188549994607,Murray State,Jacksonville State,4,4,10,400991031,2018-02-15
20,1,14:34,2074,2074,Marlon Hunter made Free Throw.,4,8,-4,17,0.7555280578569379,0.3982795499694707,Murray State,Jacksonville State,4,4,10,400991031,2018-02-15
21,1,14:17,2057,2057,Jacksonville State Defensive Rebound.,4,8,-4,24,0.7541826616288136,0.39748801289790797,Murray State,Jacksonville State,4,4,10,400991031,2018-02-15
22,1,13:53,2033,2033,Brion Sanchious Defensive Rebound.,4,8,-4,16,0.7522469981351769,0.3963606801300943,Murray State,Jacksonville State,4,4,10,400991031,2018-02-15
23,1,13:37,2017,2017,Jacksonville State Defensive Rebound.,4,8,-4,17,0.7509326723815943,0.3956023285706299,Murray State,Jacksonville State,4,4,10,400991031,2018-02-15
24,1,13:20,2000,2000,Ja Morant Steal.,4,8,-4,24,0.7495150125748157,0.3947902928876433,Murray State,Jacksonville State,4,4,10,400991031,2018-02-15
25,1,12:56,1976,1976,Terrell Miller Jr. Steal.,6,8,-2,21,0.7860420155715881,0.44620040245950554,Murray State,Jacksonville State,4,4,10,400991031,2018-02-15
26,1,12:35,1955,1955,Brion Sanchious Steal.,6,8,-2,8,0.7847821915419781,0.44566964359135686,Murray State,Jacksonville State,4,4,10,400991031,2018-02-15
27,1,12:27,1947,1947,Malcolm Drumwright Defensive Rebound.,6,8,-2,30,0.7842959328543353,0.4454657953323223,Murray State,Jacksonville State,4,4,10,400991031,2018-02-15
28,1,11:57,1917,1917,Jamall Gregory Offensive Rebound.,6,8,-2,3,0.7824410135499656,0.4446945680369782,Murray State,Jacksonville State,4,4,10,400991031,2018-02-15
29,1,11:54,1914,1914,Jamall Gregory made Two Point Tip Shot.,6,10,-4,36,0.7420018786739186,0.3905772542304068,Murray State,Jacksonville State,4,4,10,400991031,2018-02-15
30,1,11:18,1878,1878,Jonathan Stark Block.,9,10,-1,1,0.79874754367283185,0.4717561665119255,Murray State,Jacksonville State,4,4,10,400991031,2018-02-15
31,1,11:17,1877,1877,Jason Burnell Offensive Rebound.,9,10,-1,2,0.798695065030508,0.47174318365662943,Murray State,Jacksonville State,4,4,10,400991031,2018-02-15
32,1,11:15,1875,1875,Jason Burnell made Free Throw.,9,11,-2,0,0.7797573213257804,0.4436148405043947,Murray State,Jacksonville State,4,4,10,400991031,2018-02-15
33,1,11:15,1875,1875,Jason Burnell made Free Throw.,9,12,-3,39,0.7596936482495251,0.41586872048210777,Murray State,Jacksonville State,4,4,10,400991031,2018-02-15
34,1,10:36,1836,1836,Murray State Defensive Rebound.,9,12,-3,75,0.7565718687043046,0.4143823923767152,Murray State,Jacksonville State,4,4,10,400991031,2018-02-15
35,1,9:21,1761,1761,Anthony Smith Defensive Rebound.,11,12,-1,15,0.7922716048158338,0.4702070306512659,Murray State,Jacksonville State,4,4,10,400991031,2018-02-15
36,1,9:06,1746,1746,Anthony Smith Offensive Rebound.,11,12,-1,4,0.7913940632609427,0.4700006725452892,Murray State,Jacksonville State,4,4,10,400991031,2018-02-15
37,1,9:02,1742,1742,Norbertas Giga Block.,11,12,-1,0,0.7911583074514579,0.4699452126315672,Murray State,Jacksonville State,4,4,10,400991031,2018-02-15
38,1,9:02,1742,1742,Jacksonville State Defensive Rebound.,11,12,-1,19,0.7911583074514579,0.4699452126315672,Murray State,Jacksonville State,4,4,10,400991031,2018-02-15
39,1,8:43,1723,1723,Ja Morant Steal.,11,12,-1,10,0.7900285528084203,0.46967908482183,Murray State,Jacksonville State,4,4,10,400991031,2018-02-15
40,1,8:33,1713,1713,Christian Cunningham Block.,11,12,-1,2,0.7894274342668698,0.46953710671225657,Murray State,Jacksonville State,4,4,10,400991031,2018-02-15
41,1,8:31,1711,1711,Christian Cunningham Defensive Rebound.,11,12,-1,20,0.7893066771123849,0.46950854334579023,Murray State,Jacksonville State,4,4,10,400991031,2018-02-15
42,1,8:11,1691,1691,Christian Cunningham Offensive Rebound.,11,12,-1,73,0.788089428895849,0.4692196526147364,Murray State,Jacksonville State,4,4,10,400991031,2018-02-15
43,1,6:58,1618,1618,Jonathan Stark made Free Throw.,14,16,-2,0,0.761018092982686,0.4366517256120925,Murray State,Jacksonville State,4,4,10,400991031,2018-02-15
44,1,6:58,1618,1618,Jonathan Stark made Free Throw.,15,16,-1,66,0.7834100562344507,0.4681977238463864,Murray State,Jacksonville State,4,4,10,400991031,2018-02-15
45,1,5:52,1552,1552,Jalen Dupree Defensive Rebound.,18,18,0,24,0.8006117342696744,0.5,Murray State,Jacksonville State,4,4,10,400991031,2018-02-15
46,1,5:28,1528,1528,Jonathan Stark Defensive Rebound.,20,18,2,22,0.8383951729886147,0.5657991774203687,Murray State,Jacksonville State,4,4,10,400991031,2018-02-15
47,1,5:06,1506,1506,Christian Cunningham Block.,20,18,2,0,0.8376805712337673,0.5664328016857153,Murray State,Jacksonville State,4,4,10,400991031,2018-02-15
48,1,5:06,1506,1506,Murray State Offensive Rebound.,20,18,2,0,0.8376805712337673,0.5664328016857153,Murray State,Jacksonville State,4,4,10,400991031,2018-02-15
49,1,5:06,1506,1506,Jonathan Stark made Free Throw.,21,18,3,0,0.8550444732042288,0.5989200862087086,Murray State,Jacksonville State,4,4,10,400991031,2018-02-15
50,1,5:06,1506,1506,Jonathan Stark made Free Throw.,22,18,4,11,0.8708373016417081,0.6305607788785816,Murray State,Jacksonville State,4,4,10,400991031,2018-02-15
51,1,4:55,1495,1495,Ja Morant Offensive Rebound.,22,18,4,21,0.8706942624260251,0.6311789215301561,Murray State,Jacksonville State,4,4,10,400991031,2018-02-15
52,1,4:34,1474,1474,Ja Morant Offensive Rebound.,22,18,4,5,0.8704406478582047,0.6323962167945812,Murray State,Jacksonville State,4,4,10,400991031,2018-02-15
53,1,4:29,1469,1469,Jamall Gregory Defensive Rebound.,22,18,4,24,0.8703846887843448,0.6326940490494581,Murray State,Jacksonville State,4,4,10,400991031,2018-02-15
54,1,4:05,1445,1445,Shaq Buchanan Block.,22,18,4,2,0.8701420287313824,0.634168479430647,Murray State,Jacksonville State,4,4,10,400991031,2018-02-15
55,1,4:03,1443,1443,Shaq Buchanan Defensive Rebound.,22,18,4,9,0.8701219330136601,0.634291953889353,Murray State,Jacksonville State,4,4,10,400991031,2018-02-15
56,1,3:54,1434,1434,Anthony Smith Defensive Rebound.,22,18,4,69,0.8700264870224441,0.6348409721257828,Murray State,Jacksonville State,4,4,10,400991031,2018-02-15
57,1,2:45,1365,1365,Brion Sanchious missed Free Throw.,24,20,4,0,0.8691006850568919,0.6388225376222332,Murray State,Jacksonville State,4,4,10,400991031,2018-02-15
58,1,2:45,1365,1365,Shaq Buchanan Offensive Rebound.,24,20,4,31,0.8691006850568919,0.6388225376222332,Murray State,Jacksonville State,4,4,10,400991031,2018-02-15
59,1,2:14,1334,1334,Jonathan Stark missed Free Throw.,24,20,4,0,0.8686351293782588,0.640583186733558,Murray State,Jacksonville State,4,4,10,400991031,2018-02-15
60,1,2:14,1334,1334,Murray State Deadball Team Rebound.,24,20,4,0,0.8686351293782588,0.640583186733558,Murray State,Jacksonville State,4,4,10,400991031,2018-02-15
61,1,2:14,1334,1334,Jonathan Stark made Free Throw.,25,20,5,6,0.8842613977711983,0.6731287584729663,Murray State,Jacksonville State,4,4,10,400991031,2018-02-15
62,1,2:08,1328,1328,Shaq Buchanan Defensive Rebound.,25,20,5,3,0.8842197748279771,0.6735418698851705,Murray State,Jacksonville State,4,4,10,400991031,2018-02-15
63,1,2:05,1325,1325,Norbertas Giga Block.,25,20,5,1,0.8841993578417219,0.6737495167367594,Murray State,Jacksonville State,4,4,10,400991031,2018-02-15
64,1,2:04,1324,1324,Malcolm Drumwright Defensive Rebound.,25,20,5,74,0.8841926187122343,0.6738189082144527,Murray State,Jacksonville State,4,4,10,400991031,2018-02-15
65,1,0:50,1250,1250,Anthony Smith Steal.,27,22,5,6,0.8838740386318784,0.6793500352185985,Murray State,Jacksonville State,4,4,10,400991031,2018-02-15
66,1,0:44,1244,1244,Malcolm Drumwright made Free Throw.,29,23,6,0,0.8984599819848307,0.7117048489926061,Murray State,Jacksonville State,4,4,10,400991031,2018-02-15
67,1,0:44,1244,1244,Malcolm Drumwright missed Free Throw.,29,23,6,0,0.8984599819848307,0.7117048489926061,Murray State,Jacksonville State,4,4,10,400991031,2018-02-15
68,1,0:44,1244,1244,Jacksonville State Deadball Team Rebound.,29,23,6,44,0.8984599819848307,0.7117048489926061,Murray State,Jacksonville State,4,4,10,400991031,2018-02-15
69,1,0:00,1200,1200,End of 1st half,29,23,6,0,0.8989072491558652,0.7161370692370593,Murray State,Jacksonville State,4,4,10,400991031,2018-02-15
70,2,20:00,1200,1200,PLAY,29,23,6,48,0.8989072491558652,0.7161370692370593,Murray State,Jacksonville State,4,4,10,400991031,2018-02-15
71,2,19:12,1152,1152,Terrell Miller Jr. Defensive Rebound.,31,25,6,8,0.8994037910819941,0.7208816793668602,Murray State,Jacksonville State,4,4,10,400991031,2018-02-15
72,2,19:04,1144,1144,Brion Sanchious Offensive Rebound.,31,25,6,55,0.8994795909226794,0.7216479314873679,Murray State,Jacksonville State,4,4,10,400991031,2018-02-15
73,2,18:09,1089,1089,Murray State Defensive Rebound.,33,25,8,29,0.9258004522078576,0.786763251673477,Murray State,Jacksonville State,4,4,10,400991031,2018-02-15
74,2,17:40,1060,1060,Christian Cunningham Offensive Rebound.,36,25,11,32,0.9538986365575665,0.8608299666885428,Murray State,Jacksonville State,4,4,10,400991031,2018-02-15
75,2,17:08,1028,1028,Marlon Hunter Defensive Rebound.,36,27,9,35,0.9377675360696821,0.8201361156320665,Murray State,Jacksonville State,4,4,10,400991031,2018-02-15
76,2,16:33,993,993,Brion Sanchious missed Free Throw.,36,29,7,0,0.9158141932283175,0.7694200109845263,Murray State,Jacksonville State,4,4,10,400991031,2018-02-15
77,2,16:33,993,993,Murray State Deadball Team Rebound.,36,29,7,0,0.9158141932283175,0.7694200109845263,Murray State,Jacksonville State,4,4,10,400991031,2018-02-15
78,2,16:33,993,993,Brion Sanchious missed Free Throw.,36,29,7,0,0.9158141932283175,0.7694200109845263,Murray State,Jacksonville State,4,4,10,400991031,2018-02-15
79,2,16:33,993,993,Norbertas Giga Defensive Rebound.,36,29,7,13,0.9158141932283175,0.7694200109845263,Murray State,Jacksonville State,4,4,10,400991031,2018-02-15
80,2,16:20,980,980,Ja Morant Defensive Rebound.,36,29,7,50,0.9161934700510984,0.7712048740602211,Murray State,Jacksonville State,4,4,10,400991031,2018-02-15
81,2,15:30,930,930,Jonathan Stark Offensive Rebound.,39,31,8,48,0.9301749393866751,0.8072026248940581,Murray State,Jacksonville State,4,4,10,400991031,2018-02-15
82,2,14:42,882,882,Christian Cunningham Defensive Rebound.,39,33,6,16,0.9038678549322846,0.7502454177183828,Murray State,Jacksonville State,4,4,10,400991031,2018-02-15
83,2,14:26,866,866,Shaq Buchanan Defensive Rebound.,39,33,6,15,0.9041370900325622,0.7518161050556492,Murray State,Jacksonville State,4,4,10,400991031,2018-02-15
84,2,14:11,851,851,Jacara Cross Block.,39,33,6,2,0.9044034930489636,0.7533157936163957,Murray State,Jacksonville State,4,4,10,400991031,2018-02-15
85,2,14:09,849,849,Malcolm Drumwright Defensive Rebound.,39,33,6,11,0.9044405793618184,0.7535193906375872,Murray State,Jacksonville State,4,4,10,400991031,2018-02-15
86,2,13:58,838,838,Ja Morant Defensive Rebound.,39,33,6,29,0.9046530604395694,0.7546602976189082,Murray State,Jacksonville State,4,4,10,400991031,2018-02-15
87,2,13:29,809,809,Jonathan Stark made Free Throw.,40,33,7,0,0.9204020687367274,0.7910816850651126,Murray State,Jacksonville State,4,4,10,400991031,2018-02-15
88,2,13:29,809,809,Jonathan Stark made Free Throw.,41,33,8,22,0.9332694302672888,0.8207837005368326,Murray State,Jacksonville State,4,4,10,400991031,2018-02-15
89,2,13:07,787,787,Anthony Smith Steal.,41,33,8,11,0.9340316883810659,0.8237628646617957,Murray State,Jacksonville State,4,4,10,400991031,2018-02-15
90,2,12:56,776,776,Jonathan Stark made Free Throw.,42,33,9,0,0.9453970779518679,0.851634441551379,Murray State,Jacksonville State,4,4,10,400991031,2018-02-15
91,2,12:56,776,776,Jonathan Stark missed Free Throw.,42,33,9,0,0.9453970779518679,0.851634441551379,Murray State,Jacksonville State,4,4,10,400991031,2018-02-15
92,2,12:56,776,776,Marlon Hunter Defensive Rebound.,42,33,9,25,0.9453970779518679,0.851634441551379,Murray State,Jacksonville State,4,4,10,400991031,2018-02-15
93,2,12:31,751,751,Norbertas Giga Offensive Rebound.,42,33,9,21,0.9465282074536745,0.8556822847625972,Murray State,Jacksonville State,4,4,10,400991031,2018-02-15
94,2,12:10,730,730,Jacksonville State Defensive Rebound.,42,35,7,36,0.9236764297130253,0.803616477538974,Murray State,Jacksonville State,4,4,10,400991031,2018-02-15
95,2,11:34,694,694,Shaq Buchanan missed Free Throw.,42,37,5,0,0.8912159986618962,0.7379050253693448,Murray State,Jacksonville State,4,4,10,400991031,2018-02-15
96,2,11:34,694,694,Jalen Dupree Offensive Rebound.,42,37,5,5,0.8912159986618962,0.7379050253693448,Murray State,Jacksonville State,4,4,10,400991031,2018-02-15
97,2,11:29,689,689,Marlon Hunter Defensive Rebound.,42,37,5,10,0.891347132196547,0.738587146628762,Murray State,Jacksonville State,4,4,10,400991031,2018-02-15
98,2,11:19,679,679,Anthony Smith Defensive Rebound.,42,37,5,9,0.891593354680448,0.7399118824406834,Murray State,Jacksonville State,4,4,10,400991031,2018-02-15
99,2,11:10,670,670,Ja Morant missed Free Throw.,42,37,5,0,0.8918025046305139,0.7410738869565631,Murray State,Jacksonville State,4,4,10,400991031,2018-02-15
100,2,11:10,670,670,Murray State Deadball Team Rebound.,42,37,5,0,0.8918025046305139,0.7410738869565631,Murray State,Jacksonville State,4,4,10,400991031,2018-02-15
101,2,11:10,670,670,Ja Morant made Free Throw.,43,37,6,69,0.9104871830150727,0.7793476964275553,Murray State,Jacksonville State,4,4,10,400991031,2018-02-15
102,2,10:01,601,601,Shaq Buchanan Defensive Rebound.,43,39,4,18,0.8708388958798176,0.7071974378990634,Murray State,Jacksonville State,4,4,10,400991031,2018-02-15
103,2,9:43,583,583,Jalen Dupree Offensive Rebound.,43,39,4,38,0.8713664676746542,0.7100473686839622,Murray State,Jacksonville State,4,4,10,400991031,2018-02-15
104,2,9:05,545,545,Malcolm Drumwright Defensive Rebound.,43,41,2,49,0.811891182623611,0.6145242237215509,Murray State,Jacksonville State,4,4,10,400991031,2018-02-15
105,2,8:16,496,496,Jacara Cross Block.,43,43,0,1,0.7247867954993173,0.5,Murray State,Jacksonville State,4,4,10,400991031,2018-02-15
106,2,8:15,495,495,Marlon Hunter Defensive Rebound.,43,43,0,35,0.7246747566191745,0.5,Murray State,Jacksonville State,4,4,10,400991031,2018-02-15
107,2,7:40,460,460,Jonathan Stark Steal.,46,45,1,82,0.7683815765487776,0.5626983944641942,Murray State,Jacksonville State,4,4,10,400991031,2018-02-15
108,2,6:18,378,378,Jacksonville State Offensive Rebound.,51,47,4,15,0.882013484346909,0.7554922798421061,Murray State,Jacksonville State,4,4,10,400991031,2018-02-15
109,2,6:03,363,363,Murray State Defensive Rebound.,51,47,4,41,0.8830720513366072,0.7598829274625256,Murray State,Jacksonville State,4,4,10,400991031,2018-02-15
110,2,5:22,322,322,Ja Morant Defensive Rebound.,53,47,6,25,0.9361294653370241,0.8647686011905755,Murray State,Jacksonville State,4,4,10,400991031,2018-02-15
111,2,4:57,297,297,Terrell Miller Jr. Offensive Rebound.,53,47,6,24,0.9396830216670945,0.8746649738106788,Murray State,Jacksonville State,4,4,10,400991031,2018-02-15
112,2,4:33,273,273,Jamall Gregory made Free Throw.,55,48,7,0,0.9542046868068004,0.9053994428802704,Murray State,Jacksonville State,4,4,10,400991031,2018-02-15
113,2,4:33,273,273,Jamall Gregory made Free Throw.,55,49,6,7,0.9378490663760658,0.8739164054646431,Murray State,Jacksonville State,4,4,10,400991031,2018-02-15
114,2,4:26,266,266,Marlon Hunter Steal.,55,49,6,16,0.936718748746328,0.8726057152735469,Murray State,Jacksonville State,4,4,10,400991031,2018-02-15
115,2,4:10,250,250,Jason Burnell Defensive Rebound.,55,51,4,11,0.8826288701030287,0.7797475321473003,Murray State,Jacksonville State,4,4,10,400991031,2018-02-15
116,2,3:59,239,239,Ja Morant Defensive Rebound.,55,51,4,14,0.8806130095212037,0.7785331486909061,Murray State,Jacksonville State,4,4,10,400991031,2018-02-15
117,2,3:45,225,225,Jonathan Stark missed Free Throw.,57,51,6,0,0.9321611450663813,0.8693862401854864,Murray State,Jacksonville State,4,4,10,400991031,2018-02-15
118,2,3:45,225,225,Malcolm Drumwright Defensive Rebound.,57,51,6,23,0.9321611450663813,0.8693862401854864,Murray State,Jacksonville State,4,4,10,400991031,2018-02-15
119,2,3:22,202,202,Jamall Gregory missed Free Throw.,57,51,6,0,0.93713013265379,0.8814125469920588,Murray State,Jacksonville State,4,4,10,400991031,2018-02-15
120,2,3:22,202,202,Jacksonville State Deadball Team Rebound.,57,51,6,0,0.93713013265379,0.8814125469920588,Murray State,Jacksonville State,4,4,10,400991031,2018-02-15
121,2,3:22,202,202,Jamall Gregory made Free Throw.,57,52,5,43,0.9143107126532851,0.8417840428025303,Murray State,Jacksonville State,4,4,10,400991031,2018-02-15
122,2,2:39,159,159,Jonathan Stark made Free Throw.,58,52,6,6,0.9595981583808987,0.9264513368129754,Murray State,Jacksonville State,4,4,10,400991031,2018-02-15
123,2,2:33,153,153,Jonathan Stark made Free Throw.,59,52,7,94,0.9754353334115373,0.9550595299900229,Murray State,Jacksonville State,4,4,10,400991031,2018-02-15
124,2,0:59,59,59,Jamall Gregory Defensive Rebound.,62,56,6,16,0.994913012831439,0.991938864439575,Murray State,Jacksonville State,4,4,10,400991031,2018-02-15
125,2,0:43,43,43,Brion Sanchious Steal.,65,58,7,0,0.9987407649448163,0.9980616009947884,Murray State,Jacksonville State,4,4,10,400991031,2018-02-15
126,2,0:43,43,43,Brion Sanchious missed Free Throw.,65,58,7,0,0.9987407649448163,0.9980616009947884,Murray State,Jacksonville State,4,4,10,400991031,2018-02-15
127,2,0:43,43,43,Murray State Deadball Team Rebound.,65,58,7,0,0.9987407649448163,0.9980616009947884,Murray State,Jacksonville State,4,4,10,400991031,2018-02-15
128,2,0:43,43,43,Brion Sanchious made Free Throw.,66,58,8,19,0.9994835337649666,0.9992046605148502,Murray State,Jacksonville State,4,4,10,400991031,2018-02-15
129,2,0:24,24,24,Brion Sanchious Defensive Rebound.,66,58,8,5,0.9997902941333078,0.9996892696721271,Murray State,Jacksonville State,4,4,10,400991031,2018-02-15
130,2,0:19,19,19,Jamall Gregory Steal.,66,58,8,2,0.9998368127372532,0.9997607039400961,Murray State,Jacksonville State,4,4,10,400991031,2018-02-15
131,2,0:17,17,17,Jamall Gregory made Free Throw.,66,59,7,0,0.9995771028344272,0.9993825524408365,Murray State,Jacksonville State,4,4,10,400991031,2018-02-15
132,2,0:17,17,17,Jamall Gregory made Free Throw.,66,60,6,4,0.9987856659869127,0.998227667092277,Murray State,Jacksonville State,4,4,10,400991031,2018-02-15
133,2,0:13,13,13,Jonathan Stark made Free Throw.,67,60,7,0,0.999647873300057,0.9994902170141574,Murray State,Jacksonville State,4,4,10,400991031,2018-02-15
134,2,0:13,13,13,Jonathan Stark made Free Throw.,68,60,8,10,0.9998807500432313,0.9998273407260461,Murray State,Jacksonville State,4,4,10,400991031,2018-02-15
135,2,0:03,3,3,Terrell Miller Jr. Steal.,68,60,8,3,0.9999310202769247,0.9999022597418413,Murray State,Jacksonville State,4,4,10,400991031,2018-02-15
136,2,0:00,0,0,End of Game,68,60,8,0,1,1,Murray State,Jacksonville State,4,4,10,400991031,2018-02-15
