play_id,half,time_remaining_half,secs_remaining,secs_remaining_absolute,description,home_score,away_score,score_diff,play_length,win_prob,naive_win_prob,home,away,home_time_out_remaining,away_time_out_remaining,home_favored_by,game_id,date
1,1,20:00,2400,2400,PLAY,0,0,0,26,0.7393902247451446,0.5,San Diego,Pacific,4,4,6.5,400986949,2018-02-15
2,1,19:34,2374,2374,Jahlil Tripp Defensive Rebound.,0,0,0,37,0.738863521983425,0.5,San Diego,Pacific,4,4,6.5,400986949,2018-02-15
3,1,18:57,2337,2337,Namdi Okonkwo Defensive Rebound.,0,0,0,17,0.7380839190719198,0.5,San Diego,Pacific,4,4,6.5,400986949,2018-02-15
4,1,18:40,2320,2320,Olin Carter III Defensive Rebound.,0,0,0,25,0.7377134190847997,0.5,San Diego,Pacific,4,4,6.5,400986949,2018-02-15
5,1,18:15,2295,2295,Jahlil Tripp Defensive Rebound.,0,0,0,17,0.7371539645235543,0.5,San Diego,Pacific,4,4,6.5,400986949,2018-02-15
6,1,17:58,2278,2278,Pacific Offensive Rebound.,0,0,0,15,0.7367633359183048,0.5,San Diego,Pacific,4,4,6.5,400986949,2018-02-15
7,1,17:43,2263,2263,Isaiah Pineiro Defensive Rebound.,0,0,0,10,0.736411630130748,0.5,San Diego,Pacific,4,4,6.5,400986949,2018-02-15
8,1,17:33,2253,2253,Isaiah Wright made Free Throw.,1,0,1,0,0.7541630161960985,0.5236738188039088,San Diego,Pacific,4,4,6.5,400986949,2018-02-15
9,1,17:33,2253,2253,Isaiah Wright made Free Throw.,2,0,2,54,0.771307007956994,0.5472417311522229,San Diego,Pacific,4,4,6.5,400986949,2018-02-15
10,1,16:39,2199,2199,Cameron Neubauer Defensive Rebound.,4,3,1,32,0.7533464803116613,0.5242941748530289,San Diego,Pacific,4,4,6.5,400986949,2018-02-15
11,1,16:07,2167,2167,Roberto Gallinat missed Free Throw.,7,5,2,0,0.7707366658367507,0.5492114226540541,San Diego,Pacific,4,4,6.5,400986949,2018-02-15
12,1,16:07,2167,2167,Tyler Williams Defensive Rebound.,7,5,2,38,0.7707366658367507,0.5492114226540541,San Diego,Pacific,4,4,6.5,400986949,2018-02-15
13,1,15:29,2129,2129,Isaiah Pineiro Defensive Rebound.,10,5,5,23,0.8194052399182234,0.6230799858828722,San Diego,Pacific,4,4,6.5,400986949,2018-02-15
14,1,15:06,2106,2106,Jack Williams Defensive Rebound.,10,5,5,16,0.8197229129315826,0.6243627767363209,San Diego,Pacific,4,4,6.5,400986949,2018-02-15
15,1,14:50,2090,2090,Isaiah Wright Defensive Rebound.,10,5,5,28,0.8199413959409088,0.6252611509694007,San Diego,Pacific,4,4,6.5,400986949,2018-02-15
16,1,14:22,2062,2062,Olin Carter III made Free Throw.,11,5,6,0,0.8351062506966982,0.6507761355137928,San Diego,Pacific,4,4,6.5,400986949,2018-02-15
17,1,14:22,2062,2062,Olin Carter III missed Free Throw.,11,5,6,0,0.8351062506966982,0.6507761355137928,San Diego,Pacific,4,4,6.5,400986949,2018-02-15
18,1,14:22,2062,2062,Anthony Townes Defensive Rebound.,11,5,6,23,0.8351062506966982,0.6507761355137928,San Diego,Pacific,4,4,6.5,400986949,2018-02-15
19,1,13:59,2039,2039,Tyler Williams Defensive Rebound.,11,5,6,37,0.8355486709721708,0.6523090994274577,San Diego,Pacific,4,4,6.5,400986949,2018-02-15
20,1,13:22,2002,2002,Cameron Neubauer Defensive Rebound.,13,5,8,42,0.8634293175040145,0.7013297527338652,San Diego,Pacific,4,4,6.5,400986949,2018-02-15
21,1,12:40,1960,1960,Max Tinsley Offensive Rebound.,13,5,8,18,0.8646271593072241,0.7048863869091847,San Diego,Pacific,4,4,6.5,400986949,2018-02-15
22,1,12:22,1942,1942,Cameron Neubauer Defensive Rebound.,13,5,8,58,0.8651444237122492,0.7064289381299491,San Diego,Pacific,4,4,6.5,400986949,2018-02-15
23,1,11:24,1884,1884,Jahlil Tripp made Free Throw.,13,8,5,35,0.8226652364344537,0.637358200059722,San Diego,Pacific,4,4,6.5,400986949,2018-02-15
24,1,10:49,1849,1849,Cameron Neubauer Defensive Rebound.,15,8,7,55,0.8540298046401584,0.6904600744191841,San Diego,Pacific,4,4,6.5,400986949,2018-02-15
25,1,9:54,1794,1794,Jahlil Tripp Defensive Rebound.,18,10,8,35,0.8692351378855221,0.7191363163102348,San Diego,Pacific,4,4,6.5,400986949,2018-02-15
26,1,9:19,1759,1759,Anthony Townes Defensive Rebound.,18,13,5,12,0.8241060840619707,0.6449960999878918,San Diego,Pacific,4,4,6.5,400986949,2018-02-15
27,1,9:07,1747,1747,Jahlil Tripp missed Free Throw.,18,15,3,0,0.786712634498673,0.5891029374258591,San Diego,Pacific,4,4,6.5,400986949,2018-02-15
28,1,9:07,1747,1747,Isaiah Pineiro Defensive Rebound.,18,15,3,18,0.786712634498673,0.5891029374258591,San Diego,Pacific,4,4,6.5,400986949,2018-02-15
29,1,8:49,1729,1729,Anthony Townes Steal.,18,15,3,29,0.7866265232339253,0.589834145971904,San Diego,Pacific,4,4,6.5,400986949,2018-02-15
30,1,8:20,1700,1700,Jahlil Tripp Defensive Rebound.,18,15,3,12,0.7864954824302187,0.5910377124473295,San Diego,Pacific,4,4,6.5,400986949,2018-02-15
31,1,8:08,1688,1688,Tyler Williams Defensive Rebound.,18,15,3,30,0.7864449175934765,0.591545789155677,San Diego,Pacific,4,4,6.5,400986949,2018-02-15
32,1,7:38,1658,1658,Yauhen Massalski Block.,18,15,3,2,0.7862725736756918,0.592790166249948,San Diego,Pacific,4,4,6.5,400986949,2018-02-15
33,1,7:36,1656,1656,Yauhen Massalski Defensive Rebound.,18,15,3,9,0.7862583486687892,0.5928714414043756,San Diego,Pacific,4,4,6.5,400986949,2018-02-15
34,1,7:27,1647,1647,Max Tinsley Defensive Rebound.,18,15,3,10,0.7861906817673522,0.5932351187206281,San Diego,Pacific,4,4,6.5,400986949,2018-02-15
35,1,7:17,1637,1637,Olin Carter III Block.,18,15,3,2,0.786109050235281,0.5936357823243171,San Diego,Pacific,4,4,6.5,400986949,2018-02-15
36,1,7:15,1635,1635,Olin Carter III Defensive Rebound.,18,15,3,13,0.7860919813737439,0.5937155500221006,San Diego,Pacific,4,4,6.5,400986949,2018-02-15
37,1,7:02,1622,1622,Jahlil Tripp Defensive Rebound.,18,15,3,82,0.7859756943223883,0.5942317242215156,San Diego,Pacific,4,4,6.5,400986949,2018-02-15
38,1,5:40,1540,1540,Yauhen Massalski Defensive Rebound.,22,18,4,18,0.8065171332032324,0.6287179167243605,San Diego,Pacific,4,4,6.5,400986949,2018-02-15
39,1,5:22,1522,1522,Isaiah Pineiro Offensive Rebound.,22,18,4,22,0.8065124675695672,0.6296821043705431,San Diego,Pacific,4,4,6.5,400986949,2018-02-15
40,1,5:00,1500,1500,Cameron Neubauer Offensive Rebound.,22,18,4,7,0.8065295717312041,0.6308964171719894,San Diego,Pacific,4,4,6.5,400986949,2018-02-15
41,1,4:53,1493,1493,Pacific Defensive Rebound.,22,18,4,21,0.8065418155245406,0.631292667968614,San Diego,Pacific,4,4,6.5,400986949,2018-02-15
42,1,4:32,1472,1472,Jahlil Tripp made Free Throw.,22,19,3,0,0.7845414986785962,0.6004321213715557,San Diego,Pacific,4,4,6.5,400986949,2018-02-15
43,1,4:32,1472,1472,Jahlil Tripp made Free Throw.,22,20,2,18,0.7607099694621827,0.5674637237186487,San Diego,Pacific,4,4,6.5,400986949,2018-02-15
44,1,4:14,1454,1454,Anthony Townes Steal.,22,20,2,40,0.7603828500794119,0.5680411277859687,San Diego,Pacific,4,4,6.5,400986949,2018-02-15
45,1,3:34,1414,1414,Anthony Townes Block.,22,22,0,1,0.7050785506592574,0.5,San Diego,Pacific,4,4,6.5,400986949,2018-02-15
46,1,3:33,1413,1413,Jack Williams Defensive Rebound.,22,22,0,40,0.7050292848409665,0.5,San Diego,Pacific,4,4,6.5,400986949,2018-02-15
47,1,2:53,1373,1373,Yauhen Massalski Defensive Rebound.,24,22,2,28,0.758761779199168,0.5705635125419892,San Diego,Pacific,4,4,6.5,400986949,2018-02-15
48,1,2:25,1345,1345,Jack Williams Defensive Rebound.,24,22,2,12,0.7581346365604337,0.571404398790268,San Diego,Pacific,4,4,6.5,400986949,2018-02-15
49,1,2:13,1333,1333,Jack Williams Offensive Rebound.,24,22,2,25,0.7578644696438324,0.5717691614617366,San Diego,Pacific,4,4,6.5,400986949,2018-02-15
50,1,1:48,1308,1308,Jose Martinez Defensive Rebound.,24,22,2,10,0.7573085370046728,0.5725471695673392,San Diego,Pacific,4,4,6.5,400986949,2018-02-15
51,1,1:38,1298,1298,Anthony Townes Defensive Rebound.,24,22,2,13,0.7570914183334894,0.572867849730861,San Diego,Pacific,4,4,6.5,400986949,2018-02-15
52,1,1:25,1285,1285,Miles Reynolds made Free Throw.,24,26,-2,13,0.6329017225016088,0.4267048751797433,San Diego,Pacific,4,4,6.5,400986949,2018-02-15
53,1,1:12,1272,1272,Jahlil Tripp Defensive Rebound.,24,26,-2,22,0.6317277815575263,0.4262639108807381,San Diego,Pacific,4,4,6.5,400986949,2018-02-15
54,1,0:50,1250,1250,Isaiah Pineiro Defensive Rebound.,24,26,-2,26,0.6297022436594559,0.42548058478505607,San Diego,Pacific,4,4,6.5,400986949,2018-02-15
55,1,0:24,1224,1224,Juwan Gray Offensive Rebound.,24,26,-2,6,0.6272372610160555,0.42448262532549014,San Diego,Pacific,4,4,6.5,400986949,2018-02-15
56,1,0:18,1218,1218,Juwan Gray missed Two Point Tip Shot.,24,26,-2,0,0.6266563507646125,0.4242395713141537,San Diego,Pacific,4,4,6.5,400986949,2018-02-15
57,1,0:18,1218,1218,Namdi Okonkwo Defensive Rebound.,24,26,-2,18,0.6266563507646125,0.4242395713141537,San Diego,Pacific,4,4,6.5,400986949,2018-02-15
58,1,0:00,1200,1200,End of 1st half,24,29,-5,0,0.5119214357059568,0.3162303721963287,San Diego,Pacific,4,4,6.5,400986949,2018-02-15
59,2,20:00,1200,1200,PLAY,24,29,-5,17,0.5119214357059568,0.3162303721963287,San Diego,Pacific,4,4,6.5,400986949,2018-02-15
60,2,19:43,1183,1183,Isaiah Wright Defensive Rebound.,24,29,-5,4,0.5091149317427964,0.3147042729181865,San Diego,Pacific,4,4,6.5,400986949,2018-02-15
61,2,19:39,1179,1179,Namdi Okonkwo Defensive Rebound.,24,29,-5,24,0.5084626133433602,0.31435180551338976,San Diego,Pacific,4,4,6.5,400986949,2018-02-15
62,2,19:15,1155,1155,Olin Carter III Block.,24,29,-5,3,0.504593797931052,0.3122748286157126,San Diego,Pacific,4,4,6.5,400986949,2018-02-15
63,2,19:12,1152,1152,Namdi Okonkwo Offensive Rebound.,24,29,-5,65,0.5041140365283832,0.31201852204188807,San Diego,Pacific,4,4,6.5,400986949,2018-02-15
64,2,18:07,1087,1087,Isaiah Pineiro Offensive Rebound.,24,34,-10,10,0.3010925292400692,0.16334317486368197,San Diego,Pacific,4,4,6.5,400986949,2018-02-15
65,2,17:57,1077,1077,Roberto Gallinat Steal.,24,34,-10,35,0.29882623979118794,0.1622032354217677,San Diego,Pacific,4,4,6.5,400986949,2018-02-15
66,2,17:22,1042,1042,Jahlil Tripp Defensive Rebound.,24,36,-12,63,0.22674386665928398,0.11844423906476861,San Diego,Pacific,4,4,6.5,400986949,2018-02-15
67,2,16:19,979,979,Isaiah Pineiro Defensive Rebound.,27,38,-11,7,0.24118132189850472,0.12889803461055035,San Diego,Pacific,4,4,6.5,400986949,2018-02-15
68,2,16:12,972,972,Isaiah Wright Offensive Rebound.,27,38,-11,5,0.23922413239575796,0.1279020830187432,San Diego,Pacific,4,4,6.5,400986949,2018-02-15
69,2,16:07,967,967,Roberto Gallinat Defensive Rebound.,27,38,-11,19,0.23781566367303425,0.12718449253190464,San Diego,Pacific,4,4,6.5,400986949,2018-02-15
70,2,15:48,948,948,Miles Reynolds made Free Throw.,27,41,-14,26,0.1513537030450606,0.07722650368769597,San Diego,Pacific,4,4,6.5,400986949,2018-02-15
71,2,15:22,922,922,Jahlil Tripp Defensive Rebound.,27,41,-14,68,0.14603926553992017,0.07470892197971073,San Diego,Pacific,4,4,6.5,400986949,2018-02-15
72,2,14:14,854,854,Juwan Gray Steal.,29,44,-15,8,0.11393000554952779,0.058038538946042946,San Diego,Pacific,4,4,6.5,400986949,2018-02-15
73,2,14:06,846,846,Isaiah Pineiro made Free Throw.,32,44,-12,29,0.18177859841475882,0.09636740206313911,San Diego,Pacific,4,4,6.5,400986949,2018-02-15
74,2,13:37,817,817,Pacific Offensive Rebound.,32,44,-12,29,0.17583764147216796,0.09344478363368408,San Diego,Pacific,4,4,6.5,400986949,2018-02-15
75,2,13:08,788,788,Jahlil Tripp Offensive Rebound.,32,44,-12,2,0.16924755734214408,0.09016682117453735,San Diego,Pacific,4,4,6.5,400986949,2018-02-15
76,2,13:06,786,786,Olin Carter III Defensive Rebound.,32,44,-12,99,0.1687617287632971,0.08992375721259646,San Diego,Pacific,4,4,6.5,400986949,2018-02-15
77,2,11:27,687,687,Juwan Gray missed Free Throw.,34,46,-12,0,0.14139180457610875,0.07613391243843926,San Diego,Pacific,4,4,6.5,400986949,2018-02-15
78,2,11:27,687,687,San Diego Deadball Team Rebound.,34,46,-12,0,0.14139180457610875,0.07613391243843926,San Diego,Pacific,4,4,6.5,400986949,2018-02-15
79,2,11:27,687,687,Juwan Gray missed Free Throw.,34,46,-12,0,0.14139180457610875,0.07613391243843926,San Diego,Pacific,4,4,6.5,400986949,2018-02-15
80,2,11:27,687,687,Anthony Townes Defensive Rebound.,34,46,-12,33,0.14139180457610875,0.07613391243843926,San Diego,Pacific,4,4,6.5,400986949,2018-02-15
81,2,10:54,654,654,Jack Williams Offensive Rebound.,34,46,-12,33,0.13396404708964094,0.07246818139308848,San Diego,Pacific,4,4,6.5,400986949,2018-02-15
82,2,10:21,621,621,Namdi Okonkwo made Free Throw.,36,47,-11,0,0.15249626973216826,0.08404546062711721,San Diego,Pacific,4,4,6.5,400986949,2018-02-15
83,2,10:21,621,621,Namdi Okonkwo made Free Throw.,36,48,-12,15,0.1264960722439529,0.06876894614971603,San Diego,Pacific,4,4,6.5,400986949,2018-02-15
84,2,10:06,606,606,Jahlil Tripp Steal.,36,48,-12,8,0.12280768996795509,0.06692171058702386,San Diego,Pacific,4,4,6.5,400986949,2018-02-15
85,2,9:58,598,598,Yauhen Massalski Steal.,36,48,-12,27,0.12072371466108592,0.06587107696343983,San Diego,Pacific,4,4,6.5,400986949,2018-02-15
86,2,9:31,571,571,Jack Williams Defensive Rebound.,36,48,-12,30,0.11293984899660804,0.06190560870546411,San Diego,Pacific,4,4,6.5,400986949,2018-02-15
87,2,9:01,541,541,Isaiah Pineiro Defensive Rebound.,36,48,-12,38,0.10297250761916907,0.05676045484275684,San Diego,Pacific,4,4,6.5,400986949,2018-02-15
88,2,8:23,503,503,Isaiah Wright Defensive Rebound.,36,48,-12,53,0.09308538245885434,0.051735561306823545,San Diego,Pacific,4,4,6.5,400986949,2018-02-15
89,2,7:30,450,450,Olin Carter III Steal.,38,48,-10,5,0.1256963049908484,0.07236374540859879,San Diego,Pacific,4,4,6.5,400986949,2018-02-15
90,2,7:25,445,445,Miles Reynolds Block.,38,48,-10,2,0.12366307913382847,0.07126851449473949,San Diego,Pacific,4,4,6.5,400986949,2018-02-15
91,2,7:23,443,443,Olin Carter III Offensive Rebound.,38,48,-10,2,0.1228209194443407,0.07081343129088503,San Diego,Pacific,4,4,6.5,400986949,2018-02-15
92,2,7:21,441,441,Pacific Defensive Rebound.,38,48,-10,29,0.12196173199952251,0.0703483276550791,San Diego,Pacific,4,4,6.5,400986949,2018-02-15
93,2,6:52,412,412,Namdi Okonkwo Offensive Rebound.,38,48,-10,50,0.10889622321387031,0.06326236324878752,San Diego,Pacific,4,4,6.5,400986949,2018-02-15
94,2,6:02,362,362,Tyler Williams missed Free Throw.,38,48,-10,0,0.08951722666341255,0.05293445611930973,San Diego,Pacific,4,4,6.5,400986949,2018-02-15
95,2,6:02,362,362,San Diego Deadball Team Rebound.,38,48,-10,0,0.08951722666341255,0.05293445611930973,San Diego,Pacific,4,4,6.5,400986949,2018-02-15
96,2,6:02,362,362,Tyler Williams made Free Throw.,39,48,-9,14,0.11597481338151332,0.0694038895467777,San Diego,Pacific,4,4,6.5,400986949,2018-02-15
97,2,5:48,348,348,Tyler Williams Offensive Rebound.,39,48,-9,4,0.10942135661523596,0.06581920773399125,San Diego,Pacific,4,4,6.5,400986949,2018-02-15
98,2,5:44,344,344,Namdi Okonkwo Block.,39,48,-9,2,0.1074618231376643,0.06473742642484301,San Diego,Pacific,4,4,6.5,400986949,2018-02-15
99,2,5:42,342,342,Jack Williams Defensive Rebound.,39,48,-9,33,0.1064658288124112,0.06418577117816054,San Diego,Pacific,4,4,6.5,400986949,2018-02-15
100,2,5:09,309,309,Olin Carter III Steal.,39,48,-9,20,0.08833488571989183,0.05394330334771904,San Diego,Pacific,4,4,6.5,400986949,2018-02-15
101,2,4:49,289,289,Namdi Okonkwo Defensive Rebound.,39,48,-9,75,0.08263428407508143,0.0509969837883867,San Diego,Pacific,4,4,6.5,400986949,2018-02-15
102,2,3:34,214,214,Roberto Gallinat made Free Throw.,42,52,-10,0,0.05978246322225578,0.03850177489783751,San Diego,Pacific,4,4,6.5,400986949,2018-02-15
103,2,3:34,214,214,Roberto Gallinat made Free Throw.,42,53,-11,12,0.044058528422619106,0.028207148827152265,San Diego,Pacific,4,4,6.5,400986949,2018-02-15
104,2,3:22,202,202,Juwan Gray missed Free Throw.,42,53,-11,0,0.03823143945533674,0.024663991692504637,San Diego,Pacific,4,4,6.5,400986949,2018-02-15
105,2,3:22,202,202,San Diego Deadball Team Rebound.,42,53,-11,0,0.03823143945533674,0.024663991692504637,San Diego,Pacific,4,4,6.5,400986949,2018-02-15
106,2,3:22,202,202,Juwan Gray made Free Throw.,43,53,-10,47,0.05261007453166953,0.034121012253279695,San Diego,Pacific,4,4,6.5,400986949,2018-02-15
107,2,2:35,155,155,Tyler Williams Steal.,46,55,-9,17,0.02995799121274214,0.020117127433373398,San Diego,Pacific,4,4,6.5,400986949,2018-02-15
108,2,2:18,138,138,Isaiah Wright Steal.,48,55,-7,33,0.05020496064473678,0.03451147117608355,San Diego,Pacific,4,4,6.5,400986949,2018-02-15
109,2,1:45,105,105,Roberto Gallinat missed Free Throw.,50,57,-7,0,0.023073487336092272,0.01627824597751206,San Diego,Pacific,4,4,6.5,400986949,2018-02-15
110,2,1:45,105,105,Juwan Gray Defensive Rebound.,50,57,-7,16,0.023073487336092272,0.01627824597751206,San Diego,Pacific,4,4,6.5,400986949,2018-02-15
111,2,1:29,89,89,Namdi Okonkwo Defensive Rebound.,50,57,-7,1,0.01415202846058827,0.010140117645190351,San Diego,Pacific,4,4,6.5,400986949,2018-02-15
112,2,1:28,88,88,Namdi Okonkwo made Free Throw.,50,58,-8,0,0.00713779022922469,0.005109960124065426,San Diego,Pacific,4,4,6.5,400986949,2018-02-15
113,2,1:28,88,88,Namdi Okonkwo made Free Throw.,50,59,-9,22,0.0037058912036806307,0.002650453115327223,San Diego,Pacific,4,4,6.5,400986949,2018-02-15
114,2,1:06,66,66,Roberto Gallinat made Free Throw.,53,60,-7,0,0.006391009237552884,0.004696090965432261,San Diego,Pacific,4,4,6.5,400986949,2018-02-15
115,2,1:06,66,66,Roberto Gallinat made Free Throw.,53,61,-8,13,0.0029835904549521384,0.002190339652742259,San Diego,Pacific,4,4,6.5,400986949,2018-02-15
116,2,0:53,53,53,Cameron Neubauer missed Free Throw.,55,61,-6,0,0.008877185327731933,0.0066333189868317205,San Diego,Pacific,4,4,6.5,400986949,2018-02-15
117,2,0:53,53,53,Jahlil Tripp Defensive Rebound.,55,61,-6,6,0.008877185327731933,0.0066333189868317205,San Diego,Pacific,4,4,6.5,400986949,2018-02-15
118,2,0:47,47,47,Miles Reynolds made Free Throw.,55,62,-7,0,0.0030337094268085086,0.002280857778366331,San Diego,Pacific,4,4,6.5,400986949,2018-02-15
119,2,0:47,47,47,Miles Reynolds made Free Throw.,55,63,-8,6,0.0012748720870881624,9.580777241621304e-4,San Diego,Pacific,4,4,6.5,400986949,2018-02-15
120,2,0:41,41,41,Roberto Gallinat Defensive Rebound.,55,63,-8,2,9.552117763137387e-4,7.23385015272178e-4,San Diego,Pacific,4,4,6.5,400986949,2018-02-15
121,2,0:39,39,39,Roberto Gallinat made Free Throw.,55,64,-9,0,3.4657006143073456e-4,2.6310640480087515e-4,San Diego,Pacific,4,4,6.5,400986949,2018-02-15
122,2,0:39,39,39,Roberto Gallinat made Free Throw.,55,65,-10,11,1.3871737338437746e-4,1.0530512001538216e-4,San Diego,Pacific,4,4,6.5,400986949,2018-02-15
123,2,0:28,28,28,Roberto Gallinat Defensive Rebound.,55,65,-10,3,6.916836014914895e-5,5.3278070039979296e-5,San Diego,Pacific,4,4,6.5,400986949,2018-02-15
124,2,0:25,25,25,Roberto Gallinat made Free Throw.,55,66,-11,0,2.0867936307754208e-5,1.613857973466177e-5,San Diego,Pacific,4,4,6.5,400986949,2018-02-15
125,2,0:25,25,25,Roberto Gallinat made Free Throw.,55,67,-12,4,7.653097934928636e-6,5.918638024846095e-6,San Diego,Pacific,4,4,6.5,400986949,2018-02-15
126,2,0:21,21,21,Jahlil Tripp Defensive Rebound.,55,67,-12,21,5.58097429686791e-6,4.339530969572487e-6,San Diego,Pacific,4,4,6.5,400986949,2018-02-15
127,2,0:00,0,0,End of Game,55,67,-12,0,7.353192156340745e-105,5.8792826982452694e-105,San Diego,Pacific,4,4,6.5,400986949,2018-02-15
