play_id,half,time_remaining_half,secs_remaining,secs_remaining_absolute,description,home_score,away_score,score_diff,play_length,win_prob,naive_win_prob,home,away,home_time_out_remaining,away_time_out_remaining,home_favored_by,game_id,date
1,1,20:00,2400,2400,PLAY,0,0,0,59,0.30956470741753095,0.5,VCU,Davidson,4,4,-5,400989794,2018-02-14
2,1,19:01,2341,2341,Jon Axel Gudmundsson Defensive Rebound.,2,3,-1,30,0.2914996047633425,0.47731038381294444,VCU,Davidson,4,4,-5,400989794,2018-02-14
3,1,18:31,2311,2311,Jonathan Williams Defensive Rebound.,2,3,-1,43,0.29176441440043765,0.4769794403329548,VCU,Davidson,4,4,-5,400989794,2018-02-14
4,1,17:48,2268,2268,Sean Mobley Defensive Rebound.,5,3,2,9,0.3537467960712297,0.5469031240173988,VCU,Davidson,4,4,-5,400989794,2018-02-14
5,1,17:39,2259,2259,Justin Tillman Offensive Rebound.,5,3,2,2,0.35412700306761863,0.5471060687074408,VCU,Davidson,4,4,-5,400989794,2018-02-14
6,1,17:37,2257,2257,Justin Tillman missed Free Throw.,5,3,2,0,0.3542118891126696,0.5471512577612353,VCU,Davidson,4,4,-5,400989794,2018-02-14
7,1,17:37,2257,2257,VCU Deadball Team Rebound.,5,3,2,0,0.3542118891126696,0.5471512577612353,VCU,Davidson,4,4,-5,400989794,2018-02-14
8,1,17:37,2257,2257,Justin Tillman made Free Throw.,6,3,3,48,0.3761334229978325,0.5704655119573574,VCU,Davidson,4,4,-5,400989794,2018-02-14
9,1,16:49,2209,2209,Jonathan Williams Defensive Rebound.,9,5,4,11,0.4018134681377544,0.5955987646459386,VCU,Davidson,4,4,-5,400989794,2018-02-14
10,1,16:38,2198,2198,Will Magarity Defensive Rebound.,9,5,4,15,0.4025702394111071,0.5960897878572667,VCU,Davidson,4,4,-5,400989794,2018-02-14
11,1,16:23,2183,2183,Will Magarity Offensive Rebound.,9,5,4,4,0.4036105816979446,0.59676095510238,VCU,Davidson,4,4,-5,400989794,2018-02-14
12,1,16:19,2179,2179,Justin Tillman Defensive Rebound.,9,5,4,34,0.4038896149565064,0.5969402036873175,VCU,Davidson,4,4,-5,400989794,2018-02-14
13,1,15:45,2145,2145,Issac Vann Defensive Rebound.,11,5,6,9,0.4551764882898737,0.645345355159311,VCU,Davidson,4,4,-5,400989794,2018-02-14
14,1,15:36,2136,2136,Peyton Aldridge Defensive Rebound.,11,5,6,83,0.4560494260850651,0.6459274847868975,VCU,Davidson,4,4,-5,400989794,2018-02-14
15,1,14:13,2053,2053,Justin Tillman Defensive Rebound.,15,8,7,12,0.4903121442244852,0.6746443832362384,VCU,Davidson,4,4,-5,400989794,2018-02-14
16,1,14:01,2041,2041,KiShawn Pritchett Defensive Rebound.,15,8,7,59,0.4916967540092913,0.6755473551858397,VCU,Davidson,4,4,-5,400989794,2018-02-14
17,1,13:02,1982,1982,Khris Lane Defensive Rebound.,17,10,7,16,0.4986509467658507,0.6800473765875121,VCU,Davidson,4,4,-5,400989794,2018-02-14
18,1,12:46,1966,1966,Rusty Reigel Steal.,17,10,7,25,0.5005802195543639,0.6812865425314799,VCU,Davidson,4,4,-5,400989794,2018-02-14
19,1,12:21,1941,1941,Mike'l Simms Steal.,17,10,7,16,0.5036331370114324,0.6832402714070321,VCU,Davidson,4,4,-5,400989794,2018-02-14
20,1,12:05,1925,1925,Peyton Aldridge Defensive Rebound.,17,10,7,48,0.5056113328856207,0.6845016119650218,VCU,Davidson,4,4,-5,400989794,2018-02-14
21,1,11:17,1877,1877,Davidson Defensive Rebound.,17,12,5,75,0.4551424401140887,0.6377794202723023,VCU,Davidson,4,4,-5,400989794,2018-02-14
22,1,10:02,1802,1802,Justin Tillman Defensive Rebound.,17,14,3,16,0.40522160759522313,0.5869286274211967,VCU,Davidson,4,4,-5,400989794,2018-02-14
23,1,9:46,1786,1786,Peyton Aldridge Defensive Rebound.,17,14,3,96,0.4064072989872302,0.5875531627941487,VCU,Davidson,4,4,-5,400989794,2018-02-14
24,1,8:10,1690,1690,Davidson Defensive Rebound.,19,19,0,51,0.3277877152304423,0.5,VCU,Davidson,4,4,-5,400989794,2018-02-14
25,1,7:19,1639,1639,Kellan Grady Defensive Rebound.,19,21,-2,27,0.27637978085365517,0.4372189225889159,VCU,Davidson,4,4,-5,400989794,2018-02-14
26,1,6:52,1612,1612,Peyton Aldridge Defensive Rebound.,19,23,-4,26,0.22858266874612387,0.3749979048381483,VCU,Davidson,4,4,-5,400989794,2018-02-14
27,1,6:26,1586,1586,Khris Lane Defensive Rebound.,19,23,-4,8,0.22837101355285347,0.37366903460704465,VCU,Davidson,4,4,-5,400989794,2018-02-14
28,1,6:18,1578,1578,Kellan Grady Defensive Rebound.,19,23,-4,22,0.2283076896528491,0.37325897426959354,VCU,Davidson,4,4,-5,400989794,2018-02-14
29,1,5:56,1556,1556,VCU Defensive Rebound.,19,23,-4,59,0.22813162576261342,0.3721221206853393,VCU,Davidson,4,4,-5,400989794,2018-02-14
30,1,4:57,1497,1497,Rusty Reigel Offensive Rebound.,21,23,-2,28,0.2781475424205964,0.4333010411665468,VCU,Davidson,4,4,-5,400989794,2018-02-14
31,1,4:29,1469,1469,Jon Axel Gudmundsson Defensive Rebound.,21,23,-2,36,0.2784461791833403,0.43244171173505624,VCU,Davidson,4,4,-5,400989794,2018-02-14
32,1,3:53,1433,1433,Mike'l Simms Steal.,21,23,-2,68,0.27877473812607345,0.4312750172656792,VCU,Davidson,4,4,-5,400989794,2018-02-14
33,1,2:45,1365,1365,Jon Axel Gudmundsson Defensive Rebound.,24,26,-2,25,0.27958616880378284,0.42919687345761187,VCU,Davidson,4,4,-5,400989794,2018-02-14
34,1,2:20,1340,1340,Justin Tillman Defensive Rebound.,24,26,-2,6,0.2799184370262455,0.4284441216355076,VCU,Davidson,4,4,-5,400989794,2018-02-14
35,1,2:14,1334,1334,Will Magarity Defensive Rebound.,24,26,-2,82,0.2799978608437017,0.4282614046821253,VCU,Davidson,4,4,-5,400989794,2018-02-14
36,1,0:52,1252,1252,Sean Mobley Defensive Rebound.,24,28,-4,21,0.22446397344414845,0.3543370480022264,VCU,Davidson,4,4,-5,400989794,2018-02-14
37,1,0:31,1231,1231,Marcus Santos-Silva Offensive Rebound.,24,28,-4,5,0.22403374584034003,0.3528518062551774,VCU,Davidson,4,4,-5,400989794,2018-02-14
38,1,0:26,1226,1226,Jon Axel Gudmundsson Steal.,24,28,-4,26,0.22391913482209688,0.35248300573931224,VCU,Davidson,4,4,-5,400989794,2018-02-14
39,1,0:00,1200,1200,Davidson Deadball Team Rebound.,24,28,-4,0,0.22325443804988981,0.3504822574627354,VCU,Davidson,4,4,-5,400989794,2018-02-14
40,1,0:00,1200,1200,End of 1st half,24,28,-4,0,0.22325443804988981,0.3504822574627354,VCU,Davidson,4,4,-5,400989794,2018-02-14
41,2,20:00,1200,1200,PLAY,24,28,-4,36,0.22325443804988981,0.3504822574627354,VCU,Davidson,4,4,-5,400989794,2018-02-14
42,2,19:24,1164,1164,Peyton Aldridge Defensive Rebound.,24,30,-6,76,0.1727564150474784,0.28027599713913565,VCU,Davidson,4,4,-5,400989794,2018-02-14
43,2,18:08,1088,1088,Peyton Aldridge Defensive Rebound.,26,34,-8,21,0.12839917063240225,0.2131257865679527,VCU,Davidson,4,4,-5,400989794,2018-02-14
44,2,17:47,1067,1067,Sean Mobley Defensive Rebound.,26,34,-8,62,0.12725613334054228,0.21075729620077738,VCU,Davidson,4,4,-5,400989794,2018-02-14
45,2,16:45,1005,1005,Mike'l Simms Defensive Rebound.,28,36,-8,22,0.123439808974094,0.2031011704736925,VCU,Davidson,4,4,-5,400989794,2018-02-14
46,2,16:23,983,983,Jon Axel Gudmundsson Defensive Rebound.,28,36,-8,18,0.12186369059156439,0.20004615354319533,VCU,Davidson,4,4,-5,400989794,2018-02-14
47,2,16:05,965,965,Sean Mobley Defensive Rebound.,28,36,-8,19,0.12047671484929715,0.19739841350921802,VCU,Davidson,4,4,-5,400989794,2018-02-14
48,2,15:46,946,946,Justin Tillman made Free Throw.,31,36,-5,13,0.18715200652852837,0.2917328223595731,VCU,Davidson,4,4,-5,400989794,2018-02-14
49,2,15:33,933,933,Justin Tillman Defensive Rebound.,31,36,-5,25,0.18652252738356742,0.29038681498840857,VCU,Davidson,4,4,-5,400989794,2018-02-14
50,2,15:08,908,908,Jon Axel Gudmundsson Defensive Rebound.,31,36,-5,32,0.18542063178420856,0.2879914951255196,VCU,Davidson,4,4,-5,400989794,2018-02-14
51,2,14:36,876,876,Kellan Grady Defensive Rebound.,31,36,-5,46,0.18411067437978723,0.285117415715415,VCU,Davidson,4,4,-5,400989794,2018-02-14
52,2,13:50,830,830,Rusty Reigel Defensive Rebound.,31,39,-8,24,0.11242701228358151,0.18177872665553568,VCU,Davidson,4,4,-5,400989794,2018-02-14
53,2,13:26,806,806,Peyton Aldridge Defensive Rebound.,31,41,-10,17,0.07849190699591044,0.12950181762631335,VCU,Davidson,4,4,-5,400989794,2018-02-14
54,2,13:09,789,789,Mike'l Simms Defensive Rebound.,31,41,-10,11,0.07729871520716979,0.127292985726532,VCU,Davidson,4,4,-5,400989794,2018-02-14
55,2,12:58,778,778,Jon Axel Gudmundsson Steal.,31,41,-10,4,0.0764618278301856,0.1257567444541446,VCU,Davidson,4,4,-5,400989794,2018-02-14
56,2,12:54,774,774,Justin Tillman Block.,31,41,-10,1,0.07614362541623555,0.12517515126246712,VCU,Davidson,4,4,-5,400989794,2018-02-14
57,2,12:53,773,773,VCU Defensive Rebound.,31,41,-10,86,0.07606286889940547,0.1250277565116421,VCU,Davidson,4,4,-5,400989794,2018-02-14
58,2,11:27,687,687,Oskar Michelsen Defensive Rebound.,33,47,-14,9,0.030929692883798748,0.051559353999257186,VCU,Davidson,4,4,-5,400989794,2018-02-14
59,2,11:18,678,678,Jonathan Williams Defensive Rebound.,33,47,-14,9,0.030474577514289614,0.05072283622879196,VCU,Davidson,4,4,-5,400989794,2018-02-14
60,2,11:09,669,669,Peyton Aldridge Defensive Rebound.,33,47,-14,18,0.030035512958684226,0.0499149866242072,VCU,Davidson,4,4,-5,400989794,2018-02-14
61,2,10:51,651,651,Justin Tillman Steal.,33,47,-14,12,0.029179060518172862,0.04834035459590994,VCU,Davidson,4,4,-5,400989794,2018-02-14
62,2,10:39,639,639,Jon Axel Gudmundsson Defensive Rebound.,33,47,-14,7,0.028604423626509872,0.04728773829545534,VCU,Davidson,4,4,-5,400989794,2018-02-14
63,2,10:32,632,632,Oskar Michelsen Offensive Rebound.,33,47,-14,15,0.028261452127931803,0.04666190641563284,VCU,Davidson,4,4,-5,400989794,2018-02-14
64,2,10:17,617,617,Malik Crowfield Defensive Rebound.,33,47,-14,39,0.02749397112750657,0.045269479519664715,VCU,Davidson,4,4,-5,400989794,2018-02-14
65,2,9:38,578,578,Peyton Aldridge made Free Throw.,36,50,-14,25,0.025163865316659272,0.04111332770861956,VCU,Davidson,4,4,-5,400989794,2018-02-14
66,2,9:13,553,553,Justin Tillman missed Free Throw.,36,50,-14,0,0.023326222335837535,0.03789902481348691,VCU,Davidson,4,4,-5,400989794,2018-02-14
67,2,9:13,553,553,VCU Deadball Team Rebound.,36,50,-14,0,0.023326222335837535,0.03789902481348691,VCU,Davidson,4,4,-5,400989794,2018-02-14
68,2,9:13,553,553,Justin Tillman made Free Throw.,37,50,-13,30,0.02921108810988888,0.047282410384164635,VCU,Davidson,4,4,-5,400989794,2018-02-14
69,2,8:43,523,523,VCU Defensive Rebound.,37,50,-13,27,0.026861545082623263,0.04318364924866372,VCU,Davidson,4,4,-5,400989794,2018-02-14
70,2,8:16,496,496,VCU Offensive Rebound.,37,50,-13,5,0.025252431965823656,0.040345620730219425,VCU,Davidson,4,4,-5,400989794,2018-02-14
71,2,8:11,491,491,Issac Vann made Free Throw.,38,50,-12,0,0.03166625082897239,0.0503273495181643,VCU,Davidson,4,4,-5,400989794,2018-02-14
72,2,8:11,491,491,Issac Vann missed Free Throw.,38,50,-12,0,0.03166625082897239,0.0503273495181643,VCU,Davidson,4,4,-5,400989794,2018-02-14
73,2,8:11,491,491,Peyton Aldridge Defensive Rebound.,38,50,-12,30,0.03166625082897239,0.0503273495181643,VCU,Davidson,4,4,-5,400989794,2018-02-14
74,2,7:41,461,461,Justin Tillman Defensive Rebound.,38,50,-12,13,0.029426781756309084,0.046436130163006815,VCU,Davidson,4,4,-5,400989794,2018-02-14
75,2,7:28,448,448,Justin Tillman Offensive Rebound.,38,50,-12,79,0.028237414036124977,0.044410767570664755,VCU,Davidson,4,4,-5,400989794,2018-02-14
76,2,6:09,369,369,Issac Vann made Free Throw.,39,55,-16,0,0.006650380508502904,0.01026469342768679,VCU,Davidson,4,4,-5,400989794,2018-02-14
77,2,6:09,369,369,Issac Vann missed Free Throw.,39,55,-16,0,0.006650380508502904,0.01026469342768679,VCU,Davidson,4,4,-5,400989794,2018-02-14
78,2,6:09,369,369,Peyton Aldridge Defensive Rebound.,39,55,-16,21,0.006650380508502904,0.01026469342768679,VCU,Davidson,4,4,-5,400989794,2018-02-14
79,2,5:48,348,348,VCU Defensive Rebound.,39,55,-16,39,0.005801741374816865,0.00887137321221463,VCU,Davidson,4,4,-5,400989794,2018-02-14
80,2,5:09,309,309,De'Riante Jenkins Defensive Rebound.,41,55,-14,47,0.007663790410952307,0.011479063370990477,VCU,Davidson,4,4,-5,400989794,2018-02-14
81,2,4:22,262,262,Davidson Defensive Rebound.,44,58,-14,21,0.0077229215308236,0.011288269930196389,VCU,Davidson,4,4,-5,400989794,2018-02-14
82,2,4:01,241,241,Kellan Grady made Free Throw.,44,59,-15,0,0.006129884521077924,0.008864946104252721,VCU,Davidson,4,4,-5,400989794,2018-02-14
83,2,4:01,241,241,Kellan Grady made Free Throw.,44,60,-16,6,0.004483398943991039,0.006488619792586761,VCU,Davidson,4,4,-5,400989794,2018-02-14
84,2,3:55,235,235,Jonathan Williams made Free Throw.,45,60,-15,0,0.006172068993215153,0.008895641590252853,VCU,Davidson,4,4,-5,400989794,2018-02-14
85,2,3:55,235,235,Jonathan Williams made Free Throw.,46,60,-14,73,0.00843150497713535,0.012139928528500614,VCU,Davidson,4,4,-5,400989794,2018-02-14
86,2,2:42,162,162,Peyton Aldridge made Free Throw.,49,64,-15,0,0.001430477095708093,0.0019676328031923676,VCU,Davidson,4,4,-5,400989794,2018-02-14
87,2,2:42,162,162,Peyton Aldridge made Free Throw.,49,65,-16,14,9.448119467948536e-4,0.00129983385858672,VCU,Davidson,4,4,-5,400989794,2018-02-14
88,2,2:28,148,148,KiShawn Pritchett Steal.,49,65,-16,9,5.553994767805449e-4,7.561375239631787e-4,VCU,Davidson,4,4,-5,400989794,2018-02-14
89,2,2:19,139,139,Jon Axel Gudmundsson made Free Throw.,49,66,-17,0,2.3758671382015674e-4,3.21233751023226e-4,VCU,Davidson,4,4,-5,400989794,2018-02-14
90,2,2:19,139,139,Jon Axel Gudmundsson made Free Throw.,49,67,-18,44,1.480430917989467e-4,2.001708621444682e-4,VCU,Davidson,4,4,-5,400989794,2018-02-14
91,2,1:35,95,95,Sean Mobley Defensive Rebound.,52,67,-15,18,6.242899609629854e-5,8.136332372835635e-5,VCU,Davidson,4,4,-5,400989794,2018-02-14
92,2,1:17,77,77,De'Riante Jenkins Steal.,54,67,-13,7,7.651439252180161e-5,9.811184636597163e-5,VCU,Davidson,4,4,-5,400989794,2018-02-14
93,2,1:10,70,70,Peyton Aldridge made Free Throw.,57,68,-11,0,2.1748536428059376e-4,2.770518997022861e-4,VCU,Davidson,4,4,-5,400989794,2018-02-14
94,2,1:10,70,70,Peyton Aldridge made Free Throw.,57,69,-12,10,1.0329684147215676e-4,1.3159267761069692e-4,VCU,Davidson,4,4,-5,400989794,2018-02-14
95,2,1:00,60,60,De'Riante Jenkins Offensive Rebound.,57,69,-12,19,5.580357995630575e-5,7.041909936268146e-5,VCU,Davidson,4,4,-5,400989794,2018-02-14
96,2,0:41,41,41,Peyton Aldridge made Free Throw.,60,70,-10,0,9.585532254205808e-5,1.1872800327603447e-4,VCU,Davidson,4,4,-5,400989794,2018-02-14
97,2,0:41,41,41,Peyton Aldridge made Free Throw.,60,71,-11,11,3.882410705898e-5,4.808884184698968e-5,VCU,Davidson,4,4,-5,400989794,2018-02-14
98,2,0:30,30,30,Will Magarity missed Free Throw.,63,71,-8,0,3.44270235585533e-4,4.216611811822387e-4,VCU,Davidson,4,4,-5,400989794,2018-02-14
99,2,0:30,30,30,Davidson Deadball Team Rebound.,63,71,-8,0,3.44270235585533e-4,4.216611811822387e-4,VCU,Davidson,4,4,-5,400989794,2018-02-14
100,2,0:30,30,30,Will Magarity made Free Throw.,63,72,-9,7,1.303574174768634e-4,0.00015966906565084682,VCU,Davidson,4,4,-5,400989794,2018-02-14
101,2,0:23,23,23,Jon Axel Gudmundsson Defensive Rebound.,63,72,-9,7,8.788675746062568e-5,1.0687416819396694e-4,VCU,Davidson,4,4,-5,400989794,2018-02-14
102,2,0:16,16,16,Jon Axel Gudmundsson made Free Throw.,63,73,-10,0,2.0151454120752986e-5,2.432593010887972e-5,VCU,Davidson,4,4,-5,400989794,2018-02-14
103,2,0:16,16,16,Jon Axel Gudmundsson made Free Throw.,63,74,-11,5,6.964983933454591e-6,8.40783866969105e-6,VCU,Davidson,4,4,-5,400989794,2018-02-14
104,2,0:11,11,11,Peyton Aldridge Defensive Rebound.,63,74,-11,11,4.788124870915846e-6,5.749257092822092e-6,VCU,Davidson,4,4,-5,400989794,2018-02-14
105,2,0:00,0,0,End of Game,63,74,-11,0,2.401496747532946e-96,2.852423339163565e-96,VCU,Davidson,4,4,-5,400989794,2018-02-14
