play_id,half,time_remaining_half,secs_remaining,secs_remaining_absolute,description,home_score,away_score,score_diff,play_length,win_prob,naive_win_prob,home,away,home_time_out_remaining,away_time_out_remaining,home_favored_by,game_id,date
1,1,20:00,2400,2400,PLAY,0,0,0,100,0.38194683214157565,0.5,American,Boston University,4,4,-3,400991974,2018-02-14
2,1,18:20,2300,2300,Max Mahoney Defensive Rebound.,2,4,-2,23,0.34040288378444733,0.45381258154161963,American,Boston University,4,4,-3,400991974,2018-02-14
3,1,17:57,2277,2277,Max Mahoney Steal.,2,4,-2,62,0.34021960154974823,0.4532991278378673,American,Boston University,4,4,-3,400991974,2018-02-14
4,1,16:55,2215,2215,Cedric Hankerson missed Free Throw.,4,6,-2,0,0.3397454920438078,0.45189305018148956,American,Boston University,4,4,-3,400991974,2018-02-14
5,1,16:55,2215,2215,Boston University Deadball Team Rebound.,4,6,-2,0,0.3397454920438078,0.45189305018148956,American,Boston University,4,4,-3,400991974,2018-02-14
6,1,16:55,2215,2215,Cedric Hankerson missed Free Throw.,4,6,-2,0,0.3397454920438078,0.45189305018148956,American,Boston University,4,4,-3,400991974,2018-02-14
7,1,16:55,2215,2215,Marvin Bragg Defensive Rebound.,4,6,-2,30,0.3397454920438078,0.45189305018148956,American,Boston University,4,4,-3,400991974,2018-02-14
8,1,16:25,2185,2185,Eric Johnson Defensive Rebound.,4,6,-2,8,0.3395299890556377,0.4512039550594804,American,Boston University,4,4,-3,400991974,2018-02-14
9,1,16:17,2177,2177,Sa'eed Nelson Steal.,4,6,-2,2,0.339474383549156,0.45101950016707304,American,Boston University,4,4,-3,400991974,2018-02-14
10,1,16:15,2175,2175,Sa'eed Nelson missed Free Throw.,4,6,-2,0,0.3394606133572629,0.45097334763387426,American,Boston University,4,4,-3,400991974,2018-02-14
11,1,16:15,2175,2175,American Deadball Team Rebound.,4,6,-2,0,0.3394606133572629,0.45097334763387426,American,Boston University,4,4,-3,400991974,2018-02-14
12,1,16:15,2175,2175,Sa'eed Nelson made Free Throw.,5,6,-1,86,0.36185326742274276,0.4754274683183452,American,Boston University,4,4,-3,400991974,2018-02-14
13,1,14:49,2089,2089,Tyler Scanlon Defensive Rebound.,8,9,-1,21,0.36221643018321525,0.4744133499307184,American,Boston University,4,4,-3,400991974,2018-02-14
14,1,14:28,2068,2068,Sukhmail Mathon missed Free Throw.,8,9,-1,0,0.362317596659147,0.47416041489824323,American,Boston University,4,4,-3,400991974,2018-02-14
15,1,14:28,2068,2068,Boston University Deadball Team Rebound.,8,9,-1,0,0.362317596659147,0.47416041489824323,American,Boston University,4,4,-3,400991974,2018-02-14
16,1,14:28,2068,2068,Sukhmail Mathon missed Free Throw.,8,9,-1,0,0.362317596659147,0.47416041489824323,American,Boston University,4,4,-3,400991974,2018-02-14
17,1,14:28,2068,2068,Sam Iorio Defensive Rebound.,8,9,-1,80,0.362317596659147,0.47416041489824323,American,Boston University,4,4,-3,400991974,2018-02-14
18,1,13:08,1988,1988,Kamali Chambers Block.,8,12,-4,4,0.2919942412377089,0.39421303038095096,American,Boston University,4,4,-3,400991974,2018-02-14
19,1,13:04,1984,1984,Sam Iorio Offensive Rebound.,8,12,-4,18,0.29188893392394843,0.39401984110213684,American,Boston University,4,4,-3,400991974,2018-02-14
20,1,12:46,1966,1966,Sukhmail Mathon Offensive Rebound.,10,12,-2,3,0.33816636595068517,0.4459484329686287,American,Boston University,4,4,-3,400991974,2018-02-14
21,1,12:43,1963,1963,American Defensive Rebound.,10,12,-2,17,0.33814877969379303,0.4458725698494025,American,Boston University,4,4,-3,400991974,2018-02-14
22,1,12:26,1946,1946,Nick Havener Defensive Rebound.,10,12,-2,11,0.3380490701599768,0.44544024862386306,American,Boston University,4,4,-3,400991974,2018-02-14
23,1,12:15,1935,1935,Sam Iorio Block.,10,12,-2,2,0.3379844318080701,0.44515825695845757,American,Boston University,4,4,-3,400991974,2018-02-14
24,1,12:13,1933,1933,Larry Motuzis Defensive Rebound.,10,12,-2,3,0.3379726633816289,0.4451067911198845,American,Boston University,4,4,-3,400991974,2018-02-14
25,1,12:10,1930,1930,Sa'eed Nelson missed Free Throw.,12,12,0,0,0.38896941316485945,0.5,American,Boston University,4,4,-3,400991974,2018-02-14
26,1,12:10,1930,1930,Max Mahoney Defensive Rebound.,12,12,0,55,0.38896941316485945,0.5,American,Boston University,4,4,-3,400991974,2018-02-14
27,1,11:15,1875,1875,Max Mahoney made Free Throw.,14,13,1,0,0.41727375970392444,0.5282827865318684,American,Boston University,4,4,-3,400991974,2018-02-14
28,1,11:15,1875,1875,Max Mahoney made Free Throw.,14,14,0,47,0.39002026410379,0.5,American,Boston University,4,4,-3,400991974,2018-02-14
29,1,10:28,1828,1828,Nick Havener made Free Throw.,17,15,2,0,0.4472361483004399,0.5576002052439307,American,Boston University,4,4,-3,400991974,2018-02-14
30,1,10:28,1828,1828,Nick Havener made Free Throw.,17,16,1,7,0.4188348572291025,0.5288962944849083,American,Boston University,4,4,-3,400991974,2018-02-14
31,1,10:21,1821,1821,Max Mahoney Defensive Rebound.,17,16,1,36,0.4190713624159441,0.528988468449615,American,Boston University,4,4,-3,400991974,2018-02-14
32,1,9:45,1785,1785,Jesse Little Offensive Rebound.,17,16,1,44,0.4203046691726147,0.5294675855787017,American,Boston University,4,4,-3,400991974,2018-02-14
33,1,9:01,1741,1741,Cedric Hankerson Steal.,17,16,1,60,0.4218520276473937,0.5300686819994131,American,Boston University,4,4,-3,400991974,2018-02-14
34,1,8:01,1681,1681,Larry Motuzis Defensive Rebound.,20,18,2,38,0.4545346977617636,0.5616153789188235,American,Boston University,4,4,-3,400991974,2018-02-14
35,1,7:23,1643,1643,Sam Iorio Defensive Rebound.,23,18,5,30,0.5507294345003286,0.6524975097128503,American,Boston University,4,4,-3,400991974,2018-02-14
36,1,6:53,1613,1613,Tyler Scanlon made Free Throw.,26,19,7,0,0.6154259380448831,0.7096281032822275,American,Boston University,4,4,-3,400991974,2018-02-14
37,1,6:53,1613,1613,Tyler Scanlon made Free Throw.,26,20,6,26,0.5848035373823137,0.6826386128118389,American,Boston University,4,4,-3,400991974,2018-02-14
38,1,6:27,1587,1587,Tyler Scanlon Defensive Rebound.,26,20,6,7,0.5875184562899566,0.6844794217578258,American,Boston University,4,4,-3,400991974,2018-02-14
39,1,6:20,1580,1580,Max Mahoney Offensive Rebound.,26,20,6,34,0.5882524002491492,0.684975652249574,American,Boston University,4,4,-3,400991974,2018-02-14
40,1,5:46,1546,1546,Sa'eed Nelson made Free Throw.,27,22,5,0,0.5597890435728814,0.6585199193539275,American,Boston University,4,4,-3,400991974,2018-02-14
41,1,5:46,1546,1546,Sa'eed Nelson missed Free Throw.,27,22,5,0,0.5597890435728814,0.6585199193539275,American,Boston University,4,4,-3,400991974,2018-02-14
42,1,5:46,1546,1546,Tyler Scanlon Defensive Rebound.,27,22,5,23,0.5597890435728814,0.6585199193539275,American,Boston University,4,4,-3,400991974,2018-02-14
43,1,5:23,1523,1523,Stacy Beckton Defensive Rebound.,27,22,5,11,0.5620114239966122,0.6599959354631356,American,Boston University,4,4,-3,400991974,2018-02-14
44,1,5:12,1512,1512,Cedric Hankerson Steal.,27,22,5,22,0.5630936476038673,0.6607183550468859,American,Boston University,4,4,-3,400991974,2018-02-14
45,1,4:50,1490,1490,Sam Iorio made Free Throw.,31,24,7,11,0.6299413712647399,0.7195802088667194,American,Boston University,4,4,-3,400991974,2018-02-14
46,1,4:39,1479,1479,Sa'eed Nelson Defensive Rebound.,31,24,7,20,0.6313323620547238,0.7205468507084087,American,Boston University,4,4,-3,400991974,2018-02-14
47,1,4:19,1459,1459,Sam Iorio made Free Throw.,32,24,8,0,0.6650077890695137,0.748908420400621,American,Boston University,4,4,-3,400991974,2018-02-14
48,1,4:19,1459,1459,Sam Iorio made Free Throw.,33,24,9,26,0.6947225124189826,0.7737133411596404,American,Boston University,4,4,-3,400991974,2018-02-14
49,1,3:53,1433,1433,Sam Iorio Block.,33,24,9,1,0.6985898106983162,0.7764209034206229,American,Boston University,4,4,-3,400991974,2018-02-14
50,1,3:52,1432,1432,Sam Iorio Defensive Rebound.,33,24,9,8,0.6987356044725045,0.7765224125211911,American,Boston University,4,4,-3,400991974,2018-02-14
51,1,3:44,1424,1424,Boston University Defensive Rebound.,33,24,9,98,0.6998932007314418,0.7773266999593123,American,Boston University,4,4,-3,400991974,2018-02-14
52,1,2:06,1326,1326,Tyler Scanlon Defensive Rebound.,33,28,5,14,0.582362052190537,0.6736802146089116,American,Boston University,4,4,-3,400991974,2018-02-14
53,1,1:52,1312,1312,Sam Iorio Defensive Rebound.,33,28,5,22,0.5838356893605621,0.6746593488514977,American,Boston University,4,4,-3,400991974,2018-02-14
54,1,1:30,1290,1290,Kamali Chambers Defensive Rebound.,33,28,5,30,0.5862076817512123,0.6762465150150259,American,Boston University,4,4,-3,400991974,2018-02-14
55,1,1:00,1260,1260,Cheikh Diallo Offensive Rebound.,33,28,5,7,0.5895907101047568,0.6785424182794305,American,Boston University,4,4,-3,400991974,2018-02-14
56,1,0:53,1253,1253,Max Mahoney Defensive Rebound.,33,28,5,20,0.5904102825041031,0.6791052624165871,American,Boston University,4,4,-3,400991974,2018-02-14
57,1,0:33,1233,1233,Larry Motuzis Defensive Rebound.,33,28,5,27,0.5928259485740082,0.6807804706020477,American,Boston University,4,4,-3,400991974,2018-02-14
58,1,0:06,1206,1206,Larry Motuzis made Free Throw.,34,28,6,0,0.6326752725159072,0.7155149193015726,American,Boston University,4,4,-3,400991974,2018-02-14
59,1,0:06,1206,1206,Larry Motuzis made Free Throw.,35,28,7,6,0.6676180109518216,0.7457442213481225,American,Boston University,4,4,-3,400991974,2018-02-14
60,1,0:00,1200,1200,Boston University Deadball Team Rebound.,35,28,7,0,0.6685605254670158,0.7464201950257411,American,Boston University,4,4,-3,400991974,2018-02-14
61,1,0:00,1200,1200,End of 1st half,35,28,7,0,0.6685605254670158,0.7464201950257411,American,Boston University,4,4,-3,400991974,2018-02-14
62,2,20:00,1200,1200,PLAY,35,28,7,9,0.6685605254670158,0.7464201950257411,American,Boston University,4,4,-3,400991974,2018-02-14
63,2,19:51,1191,1191,Cedric Hankerson Steal.,35,28,7,6,0.6699536250781504,0.7474171912363541,American,Boston University,4,4,-3,400991974,2018-02-14
64,2,19:45,1185,1185,Marvin Bragg Steal.,35,28,7,48,0.6708700147481619,0.748071739159006,American,Boston University,4,4,-3,400991974,2018-02-14
65,2,18:57,1137,1137,Sam Iorio Defensive Rebound.,37,28,9,9,0.7432842616132137,0.8075192791052247,American,Boston University,4,4,-3,400991974,2018-02-14
66,2,18:48,1128,1128,Will Goff Steal.,37,28,9,34,0.7446990222490071,0.8085161057294936,American,Boston University,4,4,-3,400991974,2018-02-14
67,2,18:14,1094,1094,Max Mahoney made Free Throw.,37,31,6,0,0.6480782661904958,0.7264478385788093,American,Boston University,4,4,-3,400991974,2018-02-14
68,2,18:14,1094,1094,Max Mahoney made Free Throw.,37,32,5,25,0.6101216524481441,0.6929389474389258,American,Boston University,4,4,-3,400991974,2018-02-14
69,2,17:49,1069,1069,Sam Iorio Block.,37,32,5,1,0.6132748814285129,0.6951628641294606,American,Boston University,4,4,-3,400991974,2018-02-14
70,2,17:48,1068,1068,American Defensive Rebound.,37,32,5,38,0.6134035252152658,0.6952539468019623,American,Boston University,4,4,-3,400991974,2018-02-14
71,2,17:10,1030,1030,Sam Iorio Defensive Rebound.,39,32,7,27,0.6942199968995881,0.7647247148813141,American,Boston University,4,4,-3,400991974,2018-02-14
72,2,16:43,1003,1003,Sam Iorio Defensive Rebound.,39,32,7,28,0.6988649953523555,0.7680978125434558,American,Boston University,4,4,-3,400991974,2018-02-14
73,2,16:15,975,975,Boston University Defensive Rebound.,39,32,7,41,0.7040720509427503,0.7719123786403093,American,Boston University,4,4,-3,400991974,2018-02-14
74,2,15:34,934,934,Javante McCoy Defensive Rebound.,39,34,5,49,0.6330569147869803,0.7095125283609721,American,Boston University,4,4,-3,400991974,2018-02-14
75,2,14:45,885,885,Stacy Beckton Block.,41,36,5,2,0.6393821987517123,0.7140822739813432,American,Boston University,4,4,-3,400991974,2018-02-14
76,2,14:43,883,883,Sa'eed Nelson Defensive Rebound.,41,36,5,25,0.6396290953334944,0.7142601834121076,American,Boston University,4,4,-3,400991974,2018-02-14
77,2,14:18,858,858,Stacy Beckton Defensive Rebound.,41,36,5,13,0.642728607844696,0.7164975364554617,American,Boston University,4,4,-3,400991974,2018-02-14
78,2,14:05,845,845,Javante McCoy Steal.,41,36,5,32,0.6443835093132664,0.7176975157586105,American,Boston University,4,4,-3,400991974,2018-02-14
79,2,13:33,813,813,Larry Motuzis Offensive Rebound.,41,38,3,19,0.5582342204767428,0.6386095316174478,American,Boston University,4,4,-3,400991974,2018-02-14
80,2,13:14,794,794,Javante McCoy Steal.,41,38,3,34,0.5603188199031411,0.6400840220505644,American,Boston University,4,4,-3,400991974,2018-02-14
81,2,12:40,760,760,Jesse Little Offensive Rebound.,41,38,3,3,0.5646179405708633,0.6431809670578964,American,Boston University,4,4,-3,400991974,2018-02-14
82,2,12:37,757,757,Tyler Scanlon Defensive Rebound.,41,38,3,11,0.5650393992770529,0.6434880099607001,American,Boston University,4,4,-3,400991974,2018-02-14
83,2,12:26,746,746,Max Mahoney missed Free Throw.,41,40,1,0,0.4678152600543798,0.5494775042448053,American,Boston University,4,4,-3,400991974,2018-02-14
84,2,12:26,746,746,Larry Motuzis Defensive Rebound.,41,40,1,36,0.4678152600543798,0.5494775042448053,American,Boston University,4,4,-3,400991974,2018-02-14
85,2,11:50,710,710,Larry Motuzis Defensive Rebound.,41,40,1,52,0.47055589340180537,0.5509822718062475,American,Boston University,4,4,-3,400991974,2018-02-14
86,2,10:58,658,658,Cedric Hankerson missed Free Throw.,43,40,3,0,0.5793176174209094,0.6537889343393154,American,Boston University,4,4,-3,400991974,2018-02-14
87,2,10:58,658,658,Boston University Deadball Team Rebound.,43,40,3,0,0.5793176174209094,0.6537889343393154,American,Boston University,4,4,-3,400991974,2018-02-14
88,2,10:58,658,658,Cedric Hankerson made Free Throw.,43,41,2,31,0.5269889393411509,0.6043979305967159,American,Boston University,4,4,-3,400991974,2018-02-14
89,2,10:27,627,627,Max Mahoney made Free Throw.,45,44,1,19,0.4761650613580226,0.5538496749951882,American,Boston University,4,4,-3,400991974,2018-02-14
90,2,10:08,608,608,Max Mahoney Defensive Rebound.,45,44,1,28,0.4775771374065816,0.5545916880464299,American,Boston University,4,4,-3,400991974,2018-02-14
91,2,9:40,580,580,American Defensive Rebound.,45,44,1,45,0.47995103349035817,0.5558983213332083,American,Boston University,4,4,-3,400991974,2018-02-14
92,2,8:55,535,535,Max Mahoney missed Free Throw.,48,46,2,0,0.5434567529820382,0.615694407948344,American,Boston University,4,4,-3,400991974,2018-02-14
93,2,8:55,535,535,Marvin Bragg Defensive Rebound.,48,46,2,11,0.5434567529820382,0.615694407948344,American,Boston University,4,4,-3,400991974,2018-02-14
94,2,8:44,524,524,Eric Johnson Block.,48,46,2,0,0.5451360593300594,0.6168534178172673,American,Boston University,4,4,-3,400991974,2018-02-14
95,2,8:44,524,524,American Offensive Rebound.,48,46,2,4,0.5451360593300594,0.6168534178172673,American,Boston University,4,4,-3,400991974,2018-02-14
96,2,8:40,520,520,Nick Havener Defensive Rebound.,48,46,2,59,0.5457194557766243,0.6172509114802167,American,Boston University,4,4,-3,400991974,2018-02-14
97,2,7:41,461,461,Cheikh Diallo Steal.,51,46,5,24,0.7260967661406791,0.7788918477992298,American,Boston University,4,4,-3,400991974,2018-02-14
98,2,7:17,437,437,Javante McCoy Defensive Rebound.,51,46,5,25,0.7346998797030896,0.7855099060117093,American,Boston University,4,4,-3,400991974,2018-02-14
99,2,6:52,412,412,Tyler Scanlon Offensive Rebound.,51,46,5,9,0.7453269237090013,0.7937298312849671,American,Boston University,4,4,-3,400991974,2018-02-14
100,2,6:43,403,403,Sa'eed Nelson Defensive Rebound.,51,46,5,5,0.7488847364597077,0.7964390115678599,American,Boston University,4,4,-3,400991974,2018-02-14
101,2,6:38,398,398,Will Goff Defensive Rebound.,51,46,5,34,0.7508268251035529,0.7979107168241443,American,Boston University,4,4,-3,400991974,2018-02-14
102,2,6:04,364,364,Cedric Hankerson Steal.,51,48,3,16,0.6460108045876193,0.7032396205047046,American,Boston University,4,4,-3,400991974,2018-02-14
103,2,5:48,348,348,Max Mahoney Offensive Rebound.,51,48,3,23,0.6519438164389931,0.7077027217110191,American,Boston University,4,4,-3,400991974,2018-02-14
104,2,5:25,325,325,Cedric Hankerson Defensive Rebound.,51,50,1,14,0.5143939022763553,0.576237653263185,American,Boston University,4,4,-3,400991974,2018-02-14
105,2,5:11,311,311,Tyler Scanlon made Free Throw.,51,53,-2,43,0.29339043392112113,0.3466917737386952,American,Boston University,4,4,-3,400991974,2018-02-14
106,2,4:28,268,268,Larry Motuzis Steal.,53,53,0,58,0.4423045529663603,0.5,American,Boston University,4,4,-3,400991974,2018-02-14
107,2,3:30,210,210,Larry Motuzis made Free Throw.,54,55,-1,0,0.36887123308192654,0.41941613904916414,American,Boston University,4,4,-3,400991974,2018-02-14
108,2,3:30,210,210,Larry Motuzis made Free Throw.,55,55,0,20,0.4472244042146891,0.5,American,Boston University,4,4,-3,400991974,2018-02-14
109,2,3:10,190,190,Sam Iorio Steal.,55,55,0,43,0.4492194595562027,0.5,American,Boston University,4,4,-3,400991974,2018-02-14
110,2,2:27,147,147,Sam Iorio Block.,58,55,3,1,0.7632174856249333,0.7949751424030801,American,Boston University,4,4,-3,400991974,2018-02-14
111,2,2:26,146,146,Boston University Offensive Rebound.,58,55,3,11,0.7647027089178805,0.7962389984206267,American,Boston University,4,4,-3,400991974,2018-02-14
112,2,2:15,135,135,Cedric Hankerson missed Free Throw.,58,55,3,0,0.7814542728271575,0.8105045724293557,American,Boston University,4,4,-3,400991974,2018-02-14
113,2,2:15,135,135,Boston University Deadball Team Rebound.,58,55,3,0,0.7814542728271575,0.8105045724293557,American,Boston University,4,4,-3,400991974,2018-02-14
114,2,2:15,135,135,Cedric Hankerson made Free Throw.,58,56,2,0,0.6877734972827131,0.7248924908127014,American,Boston University,4,4,-3,400991974,2018-02-14
115,2,2:15,135,135,Cedric Hankerson missed Free Throw.,58,56,2,0,0.6877734972827131,0.7248924908127014,American,Boston University,4,4,-3,400991974,2018-02-14
116,2,2:15,135,135,Sa'eed Nelson Defensive Rebound.,58,56,2,12,0.6877734972827131,0.7248924908127014,American,Boston University,4,4,-3,400991974,2018-02-14
117,2,2:03,123,123,Cedric Hankerson Block.,58,56,2,1,0.7045625881201668,0.7393181686394703,American,Boston University,4,4,-3,400991974,2018-02-14
118,2,2:02,122,122,Max Mahoney Defensive Rebound.,58,56,2,15,0.706027275343962,0.7405791344064003,American,Boston University,4,4,-3,400991974,2018-02-14
119,2,1:47,107,107,Sam Iorio Block.,58,56,2,2,0.7292767201714432,0.760641368588266,American,Boston University,4,4,-3,400991974,2018-02-14
120,2,1:45,105,105,Sam Iorio Defensive Rebound.,58,56,2,27,0.7325603801090764,0.7634812340801415,American,Boston University,4,4,-3,400991974,2018-02-14
121,2,1:18,78,78,Cedric Hankerson Defensive Rebound.,58,56,2,20,0.7791235975899253,0.8038147086763187,American,Boston University,4,4,-3,400991974,2018-02-14
122,2,0:58,58,58,Sam Iorio Defensive Rebound.,58,56,2,22,0.8140484187821091,0.834099587806877,American,Boston University,4,4,-3,400991974,2018-02-14
123,2,0:36,36,36,Marvin Bragg Offensive Rebound.,58,56,2,25,0.8510426393513145,0.8662483812303213,American,Boston University,4,4,-3,400991974,2018-02-14
124,2,0:11,11,11,Marvin Bragg Defensive Rebound.,60,56,4,3,0.9863198470506761,0.98772444949525,American,Boston University,4,4,-3,400991974,2018-02-14
125,2,0:08,8,8,Marvin Bragg missed Free Throw.,60,56,4,0,0.9874422486837195,0.9887112925767356,American,Boston University,4,4,-3,400991974,2018-02-14
126,2,0:08,8,8,Tyler Scanlon Defensive Rebound.,60,56,4,5,0.9874422486837195,0.9887112925767356,American,Boston University,4,4,-3,400991974,2018-02-14
127,2,0:03,3,3,Sam Iorio Block.,60,56,4,1,0.989142590300672,0.9902099423642159,American,Boston University,4,4,-3,400991974,2018-02-14
128,2,0:02,2,2,Boston University Offensive Rebound.,60,56,4,1,0.9894578340508315,0.990488316468114,American,Boston University,4,4,-3,400991974,2018-02-14
129,2,0:01,1,1,Javante McCoy Offensive Rebound.,60,56,4,1,0.989765029783546,0.9907597515972705,American,Boston University,4,4,-3,400991974,2018-02-14
130,2,0:00,0,0,End of Game,60,56,4,0,1,1,American,Boston University,4,4,-3,400991974,2018-02-14
