play_id,half,time_remaining_half,secs_remaining,secs_remaining_absolute,description,home_score,away_score,score_diff,play_length,win_prob,naive_win_prob,home,away,home_time_out_remaining,away_time_out_remaining,home_favored_by,game_id,date
1,1,20:00,2400,2400,PLAY,0,0,0,22,0.6869958955596293,0.5,Colgate,Lehigh,4,4,4.9,400992030,2018-02-14
2,1,19:38,2378,2378,Jordan Swopshire Offensive Rebound.,0,0,0,11,0.6866219971270398,0.5,Colgate,Lehigh,4,4,4.9,400992030,2018-02-14
3,1,19:27,2367,2367,Will Rayman Offensive Rebound.,0,0,0,4,0.6864312408476927,0.5,Colgate,Lehigh,4,4,4.9,400992030,2018-02-14
4,1,19:23,2363,2363,Will Rayman Offensive Rebound.,0,0,0,26,0.6863612344129972,0.5,Colgate,Lehigh,4,4,4.9,400992030,2018-02-14
5,1,18:57,2337,2337,Jordan Swopshire Defensive Rebound.,2,0,2,13,0.7237225914310166,0.545373062929666,Colgate,Lehigh,4,4,4.9,400992030,2018-02-14
6,1,18:44,2324,2324,Pat Andree Defensive Rebound.,2,0,2,36,0.7237316448000513,0.5456574240006768,Colgate,Lehigh,4,4,4.9,400992030,2018-02-14
7,1,18:08,2288,2288,Marques Wilson Defensive Rebound.,2,3,-1,109,0.664538965356822,0.47672232091729994,Colgate,Lehigh,4,4,4.9,400992030,2018-02-14
8,1,16:19,2179,2179,Will Rayman Defensive Rebound.,7,8,-1,10,0.6610984097012378,0.4754739480956594,Colgate,Lehigh,4,4,4.9,400992030,2018-02-14
9,1,16:09,2169,2169,Pat Andree Defensive Rebound.,7,8,-1,37,0.6607646431483107,0.47535769035550457,Colgate,Lehigh,4,4,4.9,400992030,2018-02-14
10,1,15:32,2132,2132,Kahron Ross Defensive Rebound.,7,10,-3,23,0.6130869310526869,0.42527405470464896,Colgate,Lehigh,4,4,4.9,400992030,2018-02-14
11,1,15:09,2109,2109,Dana Batt Defensive Rebound.,7,10,-3,25,0.6117175603511416,0.42447362502659963,Colgate,Lehigh,4,4,4.9,400992030,2018-02-14
12,1,14:44,2084,2084,Dana Batt Defensive Rebound.,9,10,-1,18,0.6578033256442782,0.47435333693776865,Colgate,Lehigh,4,4,4.9,400992030,2018-02-14
13,1,14:26,2066,2066,Pat Andree Defensive Rebound.,9,10,-1,98,0.6571478148006444,0.4741362029562442,Colgate,Lehigh,4,4,4.9,400992030,2018-02-14
14,1,12:48,1968,1968,Caleb Bennett Defensive Rebound.,15,15,0,32,0.6775358654232992,0.5,Colgate,Lehigh,4,4,4.9,400992030,2018-02-14
15,1,12:16,1936,1936,Kyle Leufroy Defensive Rebound.,15,18,-3,28,0.6006632334485162,0.4181862504697596,Colgate,Lehigh,4,4,4.9,400992030,2018-02-14
16,1,11:48,1908,1908,Sam Lindgren Defensive Rebound.,15,18,-3,22,0.5987469834848391,0.417121266790481,Colgate,Lehigh,4,4,4.9,400992030,2018-02-14
17,1,11:26,1886,1886,Caleb Bennett Steal.,15,18,-3,57,0.5972231309016408,0.41628630051041965,Colgate,Lehigh,4,4,4.9,400992030,2018-02-14
18,1,10:29,1829,1829,Kahron Ross Offensive Rebound.,18,18,0,5,0.6735205491347318,0.5,Colgate,Lehigh,4,4,4.9,400992030,2018-02-14
19,1,10:24,1824,1824,Will Rayman Defensive Rebound.,18,18,0,14,0.6733664209240101,0.5,Colgate,Lehigh,4,4,4.9,400992030,2018-02-14
20,1,10:10,1810,1810,Kahron Ross Steal.,18,18,0,24,0.6729316733511148,0.5,Colgate,Lehigh,4,4,4.9,400992030,2018-02-14
21,1,9:46,1786,1786,Sam Lindgren Offensive Rebound.,18,20,-2,104,0.618252307299496,0.4412954299508392,Colgate,Lehigh,4,4,4.9,400992030,2018-02-14
22,1,8:02,1682,1682,James Karnik Defensive Rebound.,22,26,-4,8,0.5516690854481069,0.37866710257567116,Colgate,Lehigh,4,4,4.9,400992030,2018-02-14
23,1,7:54,1674,1674,James Karnik Offensive Rebound.,22,26,-4,4,0.5509080209412136,0.3782334457764823,Colgate,Lehigh,4,4,4.9,400992030,2018-02-14
24,1,7:50,1670,1670,James Karnik made Free Throw.,22,27,-5,0,0.5195680135455416,0.3492223789510559,Colgate,Lehigh,4,4,4.9,400992030,2018-02-14
25,1,7:50,1670,1670,James Karnik missed Free Throw.,22,27,-5,0,0.5195680135455416,0.3492223789510559,Colgate,Lehigh,4,4,4.9,400992030,2018-02-14
26,1,7:50,1670,1670,Dana Batt Defensive Rebound.,22,27,-5,15,0.5195680135455416,0.3492223789510559,Colgate,Lehigh,4,4,4.9,400992030,2018-02-14
27,1,7:35,1655,1655,Pat Andree Defensive Rebound.,22,27,-5,19,0.5179203548843616,0.3482604397117185,Colgate,Lehigh,4,4,4.9,400992030,2018-02-14
28,1,7:16,1636,1636,James Karnik Offensive Rebound.,22,27,-5,10,0.5158387797454127,0.347064162554002,Colgate,Lehigh,4,4,4.9,400992030,2018-02-14
29,1,7:06,1626,1626,Jack Ferguson Steal.,22,27,-5,20,0.5147434803290909,0.3464418140217413,Colgate,Lehigh,4,4,4.9,400992030,2018-02-14
30,1,6:46,1606,1606,Kyle Leufroy Defensive Rebound.,22,27,-5,13,0.5125483953630109,0.34520600577947136,Colgate,Lehigh,4,4,4.9,400992030,2018-02-14
31,1,6:33,1593,1593,Pat Andree made Free Throw.,22,28,-6,0,0.47894332036156045,0.31594533666303376,Colgate,Lehigh,4,4,4.9,400992030,2018-02-14
32,1,6:33,1593,1593,Pat Andree made Free Throw.,22,29,-7,0,0.44694514218671433,0.288801209625638,Colgate,Lehigh,4,4,4.9,400992030,2018-02-14
33,1,6:33,1593,1593,Pat Andree made Free Throw.,22,30,-8,40,0.4153805331732818,0.2630922162666758,Colgate,Lehigh,4,4,4.9,400992030,2018-02-14
34,1,5:53,1553,1553,Jordan Swopshire Defensive Rebound.,22,30,-8,33,0.40944653617909793,0.2596887542276022,Colgate,Lehigh,4,4,4.9,400992030,2018-02-14
35,1,5:20,1520,1520,Jack Ferguson Steal.,25,30,-5,55,0.5028600063684231,0.33980822549761935,Colgate,Lehigh,4,4,4.9,400992030,2018-02-14
36,1,4:25,1465,1465,Pat Andree Steal.,28,32,-4,8,0.5302522681186022,0.3670652901478298,Colgate,Lehigh,4,4,4.9,400992030,2018-02-14
37,1,4:17,1457,1457,Dana Batt Block.,28,32,-4,2,0.529382796504067,0.36657731141441435,Colgate,Lehigh,4,4,4.9,400992030,2018-02-14
38,1,4:15,1455,1455,Dana Batt Defensive Rebound.,28,32,-4,7,0.5291639658970873,0.3664538835096488,Colgate,Lehigh,4,4,4.9,400992030,2018-02-14
39,1,4:08,1448,1448,Jordan Burns made Free Throw.,29,32,-3,0,0.5624305999366528,0.3984316526099437,Colgate,Lehigh,4,4,4.9,400992030,2018-02-14
40,1,4:08,1448,1448,Jordan Burns made Free Throw.,30,32,-2,24,0.5958895634060567,0.4317611112811524,Colgate,Lehigh,4,4,4.9,400992030,2018-02-14
41,1,3:44,1424,1424,Marques Wilson Offensive Rebound.,30,32,-2,1,0.5941187099254931,0.43099021759921446,Colgate,Lehigh,4,4,4.9,400992030,2018-02-14
42,1,3:43,1423,1423,Marques Wilson made Free Throw.,30,33,-3,0,0.5601432049621801,0.3972563455339922,Colgate,Lehigh,4,4,4.9,400992030,2018-02-14
43,1,3:43,1423,1423,Marques Wilson made Free Throw.,30,34,-4,61,0.5256707077521394,0.3645012181050987,Colgate,Lehigh,4,4,4.9,400992030,2018-02-14
44,1,2:42,1362,1362,Pat Andree Defensive Rebound.,33,36,-3,49,0.5546218511154922,0.39454587199966873,Colgate,Lehigh,4,4,4.9,400992030,2018-02-14
45,1,1:53,1313,1313,Marques Wilson Defensive Rebound.,33,38,-5,12,0.4773838800230232,0.32541128052559987,Colgate,Lehigh,4,4,4.9,400992030,2018-02-14
46,1,1:41,1301,1301,Jordan Burns Defensive Rebound.,33,38,-5,51,0.47584897460120695,0.32455554560008354,Colgate,Lehigh,4,4,4.9,400992030,2018-02-14
47,1,0:50,1250,1250,Caleb Bennett Defensive Rebound.,36,40,-4,14,0.5065017963707168,0.35419976786628665,Colgate,Lehigh,4,4,4.9,400992030,2018-02-14
48,1,0:36,1236,1236,Jordan Burns Defensive Rebound.,36,40,-4,36,0.5047669550262145,0.35321454103672295,Colgate,Lehigh,4,4,4.9,400992030,2018-02-14
49,1,0:00,1200,1200,Will Rayman Defensive Rebound.,36,40,-4,0,0.5000907464037664,0.3504822574627354,Colgate,Lehigh,4,4,4.9,400992030,2018-02-14
50,1,0:00,1200,1200,End of 1st half,36,40,-4,0,0.5000907464037664,0.3504822574627354,Colgate,Lehigh,4,4,4.9,400992030,2018-02-14
51,2,20:00,1200,1200,PLAY,36,40,-4,8,0.5000907464037664,0.3504822574627354,Colgate,Lehigh,4,4,4.9,400992030,2018-02-14
52,2,19:52,1192,1192,Kahron Ross Defensive Rebound.,36,40,-4,11,0.4990503148836944,0.3498720915005538,Colgate,Lehigh,4,4,4.9,400992030,2018-02-14
53,2,19:41,1181,1181,Kahron Ross missed Free Throw.,36,40,-4,0,0.4976369573376563,0.3490475311376454,Colgate,Lehigh,4,4,4.9,400992030,2018-02-14
54,2,19:41,1181,1181,Lehigh Deadball Team Rebound.,36,40,-4,0,0.4976369573376563,0.3490475311376454,Colgate,Lehigh,4,4,4.9,400992030,2018-02-14
55,2,19:41,1181,1181,Kahron Ross made Free Throw.,36,41,-5,22,0.4587789290144883,0.3145277623027059,Colgate,Lehigh,4,4,4.9,400992030,2018-02-14
56,2,19:19,1159,1159,Lance Tejada Steal.,36,41,-5,19,0.45557674253797437,0.3126174403762727,Colgate,Lehigh,4,4,4.9,400992030,2018-02-14
57,2,19:00,1140,1140,James Karnik Defensive Rebound.,36,41,-5,12,0.45284683513298557,0.31099720786276847,Colgate,Lehigh,4,4,4.9,400992030,2018-02-14
58,2,18:48,1128,1128,Sean O'Brien Steal.,36,41,-5,47,0.4511275478305627,0.3099783540849161,Colgate,Lehigh,4,4,4.9,400992030,2018-02-14
59,2,18:01,1081,1081,Marques Wilson Defensive Rebound.,38,44,-6,23,0.40429638743117535,0.27226987030430405,Colgate,Lehigh,4,4,4.9,400992030,2018-02-14
60,2,17:38,1058,1058,Marques Wilson made Free Throw.,38,47,-9,23,0.2888119525258817,0.1835507203997485,Colgate,Lehigh,4,4,4.9,400992030,2018-02-14
61,2,17:15,1035,1035,Dana Batt made Free Throw.,41,47,-6,43,0.3963996257325473,0.2674641829228858,Colgate,Lehigh,4,4,4.9,400992030,2018-02-14
62,2,16:32,992,992,Pat Andree Defensive Rebound.,41,49,-8,43,0.3101984635896482,0.20132159148739284,Colgate,Lehigh,4,4,4.9,400992030,2018-02-14
63,2,15:49,949,949,Marques Wilson Defensive Rebound.,41,51,-10,22,0.23142520598025787,0.145438039226292,Colgate,Lehigh,4,4,4.9,400992030,2018-02-14
64,2,15:27,927,927,Pat Andree Steal.,41,51,-10,4,0.22685320335595166,0.14273092797322337,Colgate,Lehigh,4,4,4.9,400992030,2018-02-14
65,2,15:23,923,923,Kyle Leufroy Offensive Rebound.,41,51,-10,24,0.22606996142915106,0.14226912426475258,Colgate,Lehigh,4,4,4.9,400992030,2018-02-14
66,2,14:59,899,899,Marques Wilson Defensive Rebound.,41,51,-10,109,0.22158843860406394,0.13963486728896785,Colgate,Lehigh,4,4,4.9,400992030,2018-02-14
67,2,13:10,790,790,Will Rayman Defensive Rebound.,46,53,-7,32,0.30936059275941663,0.2064064824661931,Colgate,Lehigh,4,4,4.9,400992030,2018-02-14
68,2,12:38,758,758,Will Rayman Defensive Rebound.,48,53,-5,15,0.3902942067306705,0.272202320516448,Colgate,Lehigh,4,4,4.9,400992030,2018-02-14
69,2,12:23,743,743,Sam Lindgren Offensive Rebound.,48,53,-5,16,0.38674378132987014,0.26987635566597623,Colgate,Lehigh,4,4,4.9,400992030,2018-02-14
70,2,12:07,727,727,Sean O'Brien Offensive Rebound.,48,53,-5,69,0.38260521608611114,0.26714848048774253,Colgate,Lehigh,4,4,4.9,400992030,2018-02-14
71,2,10:58,658,658,Kyle Leufroy Defensive Rebound.,51,55,-4,8,0.41777805247037925,0.2999264860306785,Colgate,Lehigh,4,4,4.9,400992030,2018-02-14
72,2,10:50,650,650,Pat Andree Offensive Rebound.,51,55,-4,51,0.4163166620074662,0.2990232432690973,Colgate,Lehigh,4,4,4.9,400992030,2018-02-14
73,2,9:59,599,599,Jack Ferguson Offensive Rebound.,51,57,-6,7,0.3052706500338568,0.21000940746515465,Colgate,Lehigh,4,4,4.9,400992030,2018-02-14
74,2,9:52,592,592,Kahron Ross Steal.,51,57,-6,16,0.30325465143180835,0.20871640757501253,Colgate,Lehigh,4,4,4.9,400992030,2018-02-14
75,2,9:36,576,576,Kahron Ross Defensive Rebound.,51,59,-8,33,0.2130864315961784,0.1414660018262901,Colgate,Lehigh,4,4,4.9,400992030,2018-02-14
76,2,9:03,543,543,Kyle Leufroy Steal.,51,61,-10,30,0.13592364335010135,0.08810320280845699,Colgate,Lehigh,4,4,4.9,400992030,2018-02-14
77,2,8:33,513,513,Dana Batt Offensive Rebound.,51,64,-13,9,0.0662488257033999,0.04209131176956048,Colgate,Lehigh,4,4,4.9,400992030,2018-02-14
78,2,8:24,504,504,Will Rayman made Free Throw.,52,64,-12,0,0.08095596817761516,0.051852867731395136,Colgate,Lehigh,4,4,4.9,400992030,2018-02-14
79,2,8:24,504,504,Will Rayman missed Free Throw.,52,64,-12,0,0.08095596817761516,0.051852867731395136,Colgate,Lehigh,4,4,4.9,400992030,2018-02-14
80,2,8:24,504,504,James Karnik Defensive Rebound.,52,64,-12,53,0.08095596817761516,0.051852867731395136,Colgate,Lehigh,4,4,4.9,400992030,2018-02-14
81,2,7:31,451,451,Jack Ferguson Defensive Rebound.,54,67,-13,24,0.05463451770973262,0.0351579153469215,Colgate,Lehigh,4,4,4.9,400992030,2018-02-14
82,2,7:07,427,427,Marques Wilson Defensive Rebound.,54,67,-13,26,0.04858338074940341,0.031447218639103394,Colgate,Lehigh,4,4,4.9,400992030,2018-02-14
83,2,6:41,401,401,Will Rayman Defensive Rebound.,54,67,-13,70,0.0425453687055802,0.02775038385267325,Colgate,Lehigh,4,4,4.9,400992030,2018-02-14
84,2,5:31,331,331,Kyle Leufroy Defensive Rebound.,57,69,-12,10,0.03790699188177793,0.02545859153437081,Colgate,Lehigh,4,4,4.9,400992030,2018-02-14
85,2,5:21,321,321,Jordan Robertson Steal.,57,69,-12,31,0.035134205985091614,0.023690126950450675,Colgate,Lehigh,4,4,4.9,400992030,2018-02-14
86,2,4:50,290,290,Pat Andree Offensive Rebound.,60,69,-9,1,0.07354857709851081,0.05101192470526687,Colgate,Lehigh,4,4,4.9,400992030,2018-02-14
87,2,4:49,289,289,Pat Andree made Free Throw.,60,72,-12,45,0.029063323040776478,0.019875457217766578,Colgate,Lehigh,4,4,4.9,400992030,2018-02-14
88,2,4:04,244,244,Sean O'Brien Defensive Rebound.,62,72,-10,18,0.058276661434876705,0.04115402947356988,Colgate,Lehigh,4,4,4.9,400992030,2018-02-14
89,2,3:46,226,226,Lance Tejada Steal.,62,72,-10,58,0.0573027123351848,0.040849747620714506,Colgate,Lehigh,4,4,4.9,400992030,2018-02-14
90,2,2:48,168,168,Kyle Leufroy Defensive Rebound.,65,76,-11,29,0.01627971520281499,0.011905696391860813,Colgate,Lehigh,4,4,4.9,400992030,2018-02-14
91,2,2:19,139,139,Francisco Amiel Defensive Rebound.,65,76,-11,6,0.007328553784262544,0.005462847943482099,Colgate,Lehigh,4,4,4.9,400992030,2018-02-14
92,2,2:13,133,133,Colgate Offensive Rebound.,65,76,-11,35,0.006049060904763387,0.004528614270478991,Colgate,Lehigh,4,4,4.9,400992030,2018-02-14
93,2,1:38,98,98,Will Rayman made Free Throw.,69,78,-9,0,0.00511546157614288,0.003940188047452121,Colgate,Lehigh,4,4,4.9,400992030,2018-02-14
94,2,1:38,98,98,Will Rayman made Free Throw.,70,78,-8,0,0.009418390233934195,0.007261737843728812,Colgate,Lehigh,4,4,4.9,400992030,2018-02-14
95,2,1:38,98,98,Will Rayman made Free Throw.,71,78,-7,35,0.01727791801195205,0.013345813237221834,Colgate,Lehigh,4,4,4.9,400992030,2018-02-14
96,2,1:03,63,63,Pat Andree Defensive Rebound.,71,80,-9,4,0.0011160235722019903,8.862143997382649e-4,Colgate,Lehigh,4,4,4.9,400992030,2018-02-14
97,2,0:59,59,59,Pat Andree missed Free Throw.,71,80,-9,0,9.184878917617761e-4,7.320637961404294e-4,Colgate,Lehigh,4,4,4.9,400992030,2018-02-14
98,2,0:59,59,59,Will Rayman Defensive Rebound.,71,80,-9,8,9.184878917617761e-4,7.320637961404294e-4,Colgate,Lehigh,4,4,4.9,400992030,2018-02-14
99,2,0:51,51,51,Sean O'Brien made Free Throw.,72,80,-8,0,0.00143025350739661,0.0011487645448615403,Colgate,Lehigh,4,4,4.9,400992030,2018-02-14
100,2,0:51,51,51,Sean O'Brien made Free Throw.,73,80,-7,4,0.003326566601798994,0.0026728622180475703,Colgate,Lehigh,4,4,4.9,400992030,2018-02-14
101,2,0:47,47,47,Kyle Leufroy made Free Throw.,73,81,-8,0,0.0011883135670045309,9.580777241621304e-4,Colgate,Lehigh,4,4,4.9,400992030,2018-02-14
102,2,0:47,47,47,Kyle Leufroy made Free Throw.,73,82,-9,3,4.988360978986559e-4,4.021327831244938e-4,Colgate,Lehigh,4,4,4.9,400992030,2018-02-14
103,2,0:44,44,44,Jordan Robertson made Free Throw.,74,82,-8,0,0.001030947747439225,8.336016517607714e-4,Colgate,Lehigh,4,4,4.9,400992030,2018-02-14
104,2,0:44,44,44,Jordan Robertson made Free Throw.,75,82,-7,2,0.0024970871468507198,0.0020196570968223234,Colgate,Lehigh,4,4,4.9,400992030,2018-02-14
105,2,0:42,42,42,Marques Wilson made Free Throw.,75,83,-8,0,9.363946091187685e-4,7.586158560229336e-4,Colgate,Lehigh,4,4,4.9,400992030,2018-02-14
106,2,0:42,42,42,Marques Wilson made Free Throw.,75,84,-9,7,3.8171910254364765e-4,3.0921541063423256e-4,Colgate,Lehigh,4,4,4.9,400992030,2018-02-14
107,2,0:35,35,35,Kahron Ross Defensive Rebound.,75,84,-9,10,2.590294975831317e-4,2.11281007403372e-4,Colgate,Lehigh,4,4,4.9,400992030,2018-02-14
108,2,0:25,25,25,Marques Wilson made Free Throw.,75,85,-10,0,5.3411966911671214e-5,4.400491439770612e-5,Colgate,Lehigh,4,4,4.9,400992030,2018-02-14
109,2,0:25,25,25,Marques Wilson made Free Throw.,75,86,-11,14,1.9588685350094648e-5,1.613857973466177e-5,Colgate,Lehigh,4,4,4.9,400992030,2018-02-14
110,2,0:11,11,11,Francisco Amiel Steal.,78,86,-8,4,1.8475144684437463e-4,1.544341249034924e-4,Colgate,Lehigh,4,4,4.9,400992030,2018-02-14
111,2,0:07,7,7,Kyle Leufroy Defensive Rebound.,78,86,-8,4,1.4666030855674535e-4,1.2311245365010233e-4,Colgate,Lehigh,4,4,4.9,400992030,2018-02-14
112,2,0:03,3,3,Kyle Leufroy made Free Throw.,78,87,-9,0,3.656227092831174e-5,3.0822441514341e-5,Colgate,Lehigh,4,4,4.9,400992030,2018-02-14
113,2,0:03,3,3,Kyle Leufroy made Free Throw.,78,88,-10,3,1.152944829037536e-5,9.719427705704867e-6,Colgate,Lehigh,4,4,4.9,400992030,2018-02-14
114,2,0:00,0,0,Pat Andree Defensive Rebound.,78,88,-10,0,1.638102066816854e-87,1.3838965267367376e-87,Colgate,Lehigh,4,4,4.9,400992030,2018-02-14
115,2,0:00,0,0,End of Game,78,88,-10,0,1.638102066816854e-87,1.3838965267367376e-87,Colgate,Lehigh,4,4,4.9,400992030,2018-02-14
