play_id,half,time_remaining_half,secs_remaining,secs_remaining_absolute,description,home_score,away_score,score_diff,play_length,win_prob,naive_win_prob,home,away,home_time_out_remaining,away_time_out_remaining,home_favored_by,game_id,date
1,1,20:00,2400,2400,PLAY,0,0,0,17,0.7268361433393516,0.5,Navy,Lafayette,4,4,6.1,400992046,2018-02-14
2,1,19:43,2383,2383,Evan Wieck Defensive Rebound.,0,0,0,77,0.7265050175700117,0.5,Navy,Lafayette,4,4,6.1,400992046,2018-02-14
3,1,18:26,2306,2306,Tom Lacey Defensive Rebound.,4,2,2,27,0.7601883255402263,0.5460543386548282,Navy,Lafayette,4,4,6.1,400992046,2018-02-14
4,1,17:59,2279,2279,Tom Lacey Steal.,6,2,4,25,0.7925436381579061,0.592506582845316,Navy,Lafayette,4,4,6.1,400992046,2018-02-14
5,1,17:34,2254,2254,Hasan Abdullah Defensive Rebound.,8,2,6,23,0.8222202908682515,0.6383760782397434,Navy,Lafayette,4,4,6.1,400992046,2018-02-14
6,1,17:11,2231,2231,Evan Wieck Offensive Rebound.,8,2,6,27,0.8227499015544859,0.639835031089264,Navy,Lafayette,4,4,6.1,400992046,2018-02-14
7,1,16:44,2204,2204,George Kiernan Defensive Rebound.,10,2,8,48,0.8498404096772826,0.6848544453045319,Navy,Lafayette,4,4,6.1,400992046,2018-02-14
8,1,15:56,2156,2156,Alex Petrie Defensive Rebound.,12,4,8,40,0.8513418830443789,0.6887016584202823,Navy,Lafayette,4,4,6.1,400992046,2018-02-14
9,1,15:16,2116,2116,Bryce Dulin made Free Throw.,13,7,6,0,0.8252985099280101,0.6472265386024073,Navy,Lafayette,4,4,6.1,400992046,2018-02-14
10,1,15:16,2116,2116,Bryce Dulin made Free Throw.,14,7,7,41,0.839405513633048,0.6699624691829895,Navy,Lafayette,4,4,6.1,400992046,2018-02-14
11,1,14:35,2075,2075,Bryce Dulin Offensive Rebound.,14,10,4,16,0.7945493244670047,0.6016740616972047,Navy,Lafayette,4,4,6.1,400992046,2018-02-14
12,1,14:19,2059,2059,Tyler Riemersma Offensive Rebound.,14,10,4,15,0.794685327065313,0.6024185723153839,Navy,Lafayette,4,4,6.1,400992046,2018-02-14
13,1,14:04,2044,2044,Shawn Anderson Offensive Rebound.,14,10,4,41,0.7948112759782161,0.6031211470294757,Navy,Lafayette,4,4,6.1,400992046,2018-02-14
14,1,13:23,2003,2003,Lukas Jarrett Block.,14,13,1,3,0.7381329380859531,0.5266384132347128,Navy,Lafayette,4,4,6.1,400992046,2018-02-14
15,1,13:20,2000,2000,Paulius Zalys Defensive Rebound.,14,13,1,49,0.7380747885333778,0.5266759152599936,Navy,Lafayette,4,4,6.1,400992046,2018-02-14
16,1,12:31,1951,1951,Nourse Fox Defensive Rebound.,14,13,1,11,0.73710103714539,0.5272972009707604,Navy,Lafayette,4,4,6.1,400992046,2018-02-14
17,1,12:20,1940,1940,Dylan Hastings Defensive Rebound.,14,13,1,22,0.7368764774026424,0.5274390583629032,Navy,Lafayette,4,4,6.1,400992046,2018-02-14
18,1,11:58,1918,1918,Myles Cherry Offensive Rebound.,14,13,1,14,0.73641975528486,0.5277248306378863,Navy,Lafayette,4,4,6.1,400992046,2018-02-14
19,1,11:44,1904,1904,Dylan Hastings Block.,14,15,-1,3,0.6904915613885257,0.47209346027667076,Navy,Lafayette,4,4,6.1,400992046,2018-02-14
20,1,11:41,1901,1901,Myles Cherry Defensive Rebound.,14,15,-1,36,0.6903533914958271,0.47205454593633916,Navy,Lafayette,4,4,6.1,400992046,2018-02-14
21,1,11:05,1865,1865,Dylan Hastings Defensive Rebound.,14,17,-3,35,0.6379219984221215,0.4154887052997811,Navy,Lafayette,4,4,6.1,400992046,2018-02-14
22,1,10:30,1830,1830,Tom Lacey Defensive Rebound.,14,17,-3,60,0.6352584639784562,0.4141523518704077,Navy,Lafayette,4,4,6.1,400992046,2018-02-14
23,1,9:30,1770,1770,Eric Stafford Defensive Rebound.,16,20,-4,36,0.6024592782333387,0.38336654046695295,Navy,Lafayette,4,4,6.1,400992046,2018-02-14
24,1,8:54,1734,1734,Evan Wieck Offensive Rebound.,16,22,-6,56,0.5398028015366955,0.3263212113937064,Navy,Lafayette,4,4,6.1,400992046,2018-02-14
25,1,7:58,1678,1678,George Kiernan Offensive Rebound.,20,22,-2,4,0.651551484958683,0.4382993364067255,Navy,Lafayette,4,4,6.1,400992046,2018-02-14
26,1,7:54,1674,1674,George Kiernan made Free Throw.,21,22,-1,0,0.6789389160730434,0.46897409318265637,Navy,Lafayette,4,4,6.1,400992046,2018-02-14
27,1,7:54,1674,1674,George Kiernan missed Free Throw.,21,22,-1,0,0.6789389160730434,0.46897409318265637,Navy,Lafayette,4,4,6.1,400992046,2018-02-14
28,1,7:54,1674,1674,Paulius Zalys Defensive Rebound.,21,22,-1,21,0.6789389160730434,0.46897409318265637,Navy,Lafayette,4,4,6.1,400992046,2018-02-14
29,1,7:33,1653,1653,Justin Jaworski made Free Throw.,21,25,-4,21,0.5907930690916123,0.37711702446523265,Navy,Lafayette,4,4,6.1,400992046,2018-02-14
30,1,7:12,1632,1632,Justin Jaworski Steal.,21,25,-4,4,0.5886446389943547,0.3760246772820588,Navy,Lafayette,4,4,6.1,400992046,2018-02-14
31,1,7:08,1628,1628,Evan Wieck Defensive Rebound.,21,25,-4,14,0.5882341225810659,0.37581854158856937,Navy,Lafayette,4,4,6.1,400992046,2018-02-14
32,1,6:54,1614,1614,Myles Cherry Defensive Rebound.,21,25,-4,12,0.5867929860377034,0.37510022972494195,Navy,Lafayette,4,4,6.1,400992046,2018-02-14
33,1,6:42,1602,1602,Eric Stafford Offensive Rebound.,21,25,-4,11,0.5855513396359784,0.3744868338754607,Navy,Lafayette,4,4,6.1,400992046,2018-02-14
34,1,6:31,1591,1591,Tom Lacey Defensive Rebound.,21,25,-4,23,0.584406955335979,0.37392480671840755,Navy,Lafayette,4,4,6.1,400992046,2018-02-14
35,1,6:08,1568,1568,Paulius Zalys Defensive Rebound.,21,25,-4,14,0.5819909899361028,0.37274426220437046,Navy,Lafayette,4,4,6.1,400992046,2018-02-14
36,1,5:54,1554,1554,Hasan Abdullah Steal.,21,25,-4,3,0.5805023038032942,0.37201783992376386,Navy,Lafayette,4,4,6.1,400992046,2018-02-14
37,1,5:51,1551,1551,Paulius Zalys Defensive Rebound.,21,25,-4,11,0.5801812909090446,0.37186105901731403,Navy,Lafayette,4,4,6.1,400992046,2018-02-14
38,1,5:40,1540,1540,George Kiernan Defensive Rebound.,21,25,-4,20,0.5789976971778538,0.3712820832756395,Navy,Lafayette,4,4,6.1,400992046,2018-02-14
39,1,5:20,1520,1520,Justin Jaworski Defensive Rebound.,21,25,-4,66,0.5768169953059892,0.37020926853617425,Navy,Lafayette,4,4,6.1,400992046,2018-02-14
40,1,4:14,1454,1454,Tom Lacey missed Free Throw.,23,27,-4,0,0.5692959088007321,0.36639194912288114,Navy,Lafayette,4,4,6.1,400992046,2018-02-14
41,1,4:14,1454,1454,Navy Deadball Team Rebound.,23,27,-4,0,0.5692959088007321,0.36639194912288114,Navy,Lafayette,4,4,6.1,400992046,2018-02-14
42,1,4:14,1454,1454,Tom Lacey missed Free Throw.,23,27,-4,0,0.5692959088007321,0.36639194912288114,Navy,Lafayette,4,4,6.1,400992046,2018-02-14
43,1,4:14,1454,1454,Paulius Zalys Defensive Rebound.,23,27,-4,15,0.5692959088007321,0.36639194912288114,Navy,Lafayette,4,4,6.1,400992046,2018-02-14
44,1,3:59,1439,1439,Tom Lacey Defensive Rebound.,23,27,-4,41,0.5675178480411874,0.3654627382968564,Navy,Lafayette,4,4,6.1,400992046,2018-02-14
45,1,3:18,1398,1398,Tom Lacey Offensive Rebound.,23,29,-6,1,0.4927870429106602,0.3008528193456678,Navy,Lafayette,4,4,6.1,400992046,2018-02-14
46,1,3:17,1397,1397,Tom Lacey missed Free Throw.,23,29,-6,0,0.49263804070381517,0.30077473928979226,Navy,Lafayette,4,4,6.1,400992046,2018-02-14
47,1,3:17,1397,1397,Tyler Riemersma Offensive Rebound.,23,29,-6,5,0.49263804070381517,0.30077473928979226,Navy,Lafayette,4,4,6.1,400992046,2018-02-14
48,1,3:12,1392,1392,Alex Petrie Steal.,23,29,-6,53,0.49189363549018117,0.3003854739520774,Navy,Lafayette,4,4,6.1,400992046,2018-02-14
49,1,2:19,1339,1339,Tom Lacey Defensive Rebound.,25,31,-6,8,0.4839856962671472,0.29630036356820405,Navy,Lafayette,4,4,6.1,400992046,2018-02-14
50,1,2:11,1331,1331,Tyler Riemersma Offensive Rebound.,25,31,-6,41,0.482775236458604,0.2956770470101613,Navy,Lafayette,4,4,6.1,400992046,2018-02-14
51,1,1:30,1290,1290,Lukas Jarrett Defensive Rebound.,27,33,-6,47,0.4764131587340919,0.29237225004614464,Navy,Lafayette,4,4,6.1,400992046,2018-02-14
52,1,0:43,1243,1243,Dylan Hastings missed Free Throw.,29,33,-4,0,0.5438129364653924,0.35371259029708096,Navy,Lafayette,4,4,6.1,400992046,2018-02-14
53,1,0:43,1243,1243,Tom Lacey Defensive Rebound.,29,33,-4,8,0.5438129364653924,0.35371259029708096,Navy,Lafayette,4,4,6.1,400992046,2018-02-14
54,1,0:35,1235,1235,Eric Stafford Defensive Rebound.,29,33,-4,27,0.5427298754520647,0.35314246898924817,Navy,Lafayette,4,4,6.1,400992046,2018-02-14
55,1,0:08,1208,1208,Tyler Riemersma Defensive Rebound.,29,33,-4,8,0.5389482751475362,0.35110270819346173,Navy,Lafayette,4,4,6.1,400992046,2018-02-14
56,1,0:00,1200,1200,End of 1st half,31,33,-2,0,0.6130128429181904,0.4234906714856242,Navy,Lafayette,4,4,6.1,400992046,2018-02-14
57,2,20:00,1200,1200,PLAY,31,33,-2,23,0.6130128429181904,0.4234906714856242,Navy,Lafayette,4,4,6.1,400992046,2018-02-14
58,2,19:37,1177,1177,Hasan Abdullah Steal.,31,33,-2,42,0.6108550806021021,0.42256163885114173,Navy,Lafayette,4,4,6.1,400992046,2018-02-14
59,2,18:55,1135,1135,Justin Jaworski Steal.,33,36,-3,58,0.5683609065931076,0.38261441981150573,Navy,Lafayette,4,4,6.1,400992046,2018-02-14
60,2,17:57,1077,1077,Shawn Anderson Defensive Rebound.,35,38,-3,42,0.5616591928592876,0.37928653041921767,Navy,Lafayette,4,4,6.1,400992046,2018-02-14
61,2,17:15,1035,1035,Shawn Anderson Defensive Rebound.,37,38,-1,46,0.6371186949105905,0.45811809355873245,Navy,Lafayette,4,4,6.1,400992046,2018-02-14
62,2,16:29,989,989,Shawn Anderson Defensive Rebound.,37,38,-1,19,0.6335130470434099,0.456960664303377,Navy,Lafayette,4,4,6.1,400992046,2018-02-14
63,2,16:10,970,970,Matt Klinewski Defensive Rebound.,37,38,-1,16,0.6319343958168789,0.45642392463911674,Navy,Lafayette,4,4,6.1,400992046,2018-02-14
64,2,15:54,954,954,Tom Lacey Steal.,37,38,-1,18,0.6306230375822932,0.45597632757411394,Navy,Lafayette,4,4,6.1,400992046,2018-02-14
65,2,15:36,936,936,Paulius Zalys Defensive Rebound.,37,38,-1,60,0.6292385057462865,0.4555161982416939,Navy,Lafayette,4,4,6.1,400992046,2018-02-14
66,2,14:36,876,876,Paulius Zalys Offensive Rebound.,39,41,-2,6,0.5810616030810322,0.40910006792894604,Navy,Lafayette,4,4,6.1,400992046,2018-02-14
67,2,14:30,870,870,Paulius Zalys Offensive Rebound.,39,41,-2,67,0.5805110766477057,0.408846272621385,Navy,Lafayette,4,4,6.1,400992046,2018-02-14
68,2,13:23,803,803,Shawn Anderson Defensive Rebound.,39,44,-5,10,0.4317561053432712,0.2780094433946055,Navy,Lafayette,4,4,6.1,400992046,2018-02-14
69,2,13:13,793,793,Shawn Anderson missed Free Throw.,41,44,-3,0,0.5253139978398582,0.3598338783504222,Navy,Lafayette,4,4,6.1,400992046,2018-02-14
70,2,13:13,793,793,Matt Klinewski Defensive Rebound.,41,44,-3,24,0.5253139978398582,0.3598338783504222,Navy,Lafayette,4,4,6.1,400992046,2018-02-14
71,2,12:49,769,769,Shawn Anderson Defensive Rebound.,41,44,-3,22,0.5215932207471725,0.3577049012895334,Navy,Lafayette,4,4,6.1,400992046,2018-02-14
72,2,12:27,747,747,Mo Lewis Defensive Rebound.,43,44,-1,21,0.6148484052835659,0.45056239914520996,Navy,Lafayette,4,4,6.1,400992046,2018-02-14
73,2,12:06,726,726,Matt Klinewski Defensive Rebound.,43,44,-1,36,0.6126103458500118,0.4496702570068733,Navy,Lafayette,4,4,6.1,400992046,2018-02-14
74,2,11:30,690,690,Mo Lewis Offensive Rebound.,43,46,-3,20,0.5069306237226038,0.34915336416505893,Navy,Lafayette,4,4,6.1,400992046,2018-02-14
75,2,11:10,670,670,Tyler Riemersma Defensive Rebound.,45,46,-1,22,0.6070438752623895,0.44761506454896804,Navy,Lafayette,4,4,6.1,400992046,2018-02-14
76,2,10:48,648,648,Matt Klinewski Block.,45,46,-1,0,0.6049502874943482,0.4468860897198802,Navy,Lafayette,4,4,6.1,400992046,2018-02-14
77,2,10:48,648,648,Navy Offensive Rebound.,45,46,-1,21,0.6049502874943482,0.4468860897198802,Navy,Lafayette,4,4,6.1,400992046,2018-02-14
78,2,10:27,627,627,Bryce Dulin Steal.,47,46,1,36,0.7005513107145432,0.5538496749951882,Navy,Lafayette,4,4,6.1,400992046,2018-02-14
79,2,9:51,591,591,Bryce Dulin Defensive Rebound.,50,46,4,29,0.8194164842951915,0.7087296316175736,Navy,Lafayette,4,4,6.1,400992046,2018-02-14
80,2,9:22,562,562,Cam Davis Steal.,52,46,6,27,0.8792892556735619,0.7977114442185979,Navy,Lafayette,4,4,6.1,400992046,2018-02-14
81,2,8:55,535,535,Justin Jaworski Defensive Rebound.,52,46,6,40,0.882666966446547,0.8043863427624685,Navy,Lafayette,4,4,6.1,400992046,2018-02-14
82,2,8:15,495,495,Justin Jaworski Defensive Rebound.,52,49,3,43,0.7895600721886283,0.6752299888203832,Navy,Lafayette,4,4,6.1,400992046,2018-02-14
83,2,7:32,452,452,Bryce Dulin Steal.,52,49,3,6,0.7921546743735374,0.6820916105332457,Navy,Lafayette,4,4,6.1,400992046,2018-02-14
84,2,7:26,446,446,Tom Lacey missed Free Throw.,52,49,3,0,0.7927039015231881,0.6833470333217594,Navy,Lafayette,4,4,6.1,400992046,2018-02-14
85,2,7:26,446,446,Navy Deadball Team Rebound.,52,49,3,0,0.7927039015231881,0.6833470333217594,Navy,Lafayette,4,4,6.1,400992046,2018-02-14
86,2,7:26,446,446,Tom Lacey made Free Throw.,53,49,4,20,0.8316967337140906,0.7360610428032152,Navy,Lafayette,4,4,6.1,400992046,2018-02-14
87,2,7:06,426,426,Matt Klinewski missed Free Throw.,53,49,4,0,0.8347257345475734,0.7419724693588385,Navy,Lafayette,4,4,6.1,400992046,2018-02-14
88,2,7:06,426,426,Lafayette Deadball Team Rebound.,53,49,4,0,0.8347257345475734,0.7419724693588385,Navy,Lafayette,4,4,6.1,400992046,2018-02-14
89,2,7:06,426,426,Matt Klinewski made Free Throw.,53,50,3,37,0.7950168351196598,0.6883001687178804,Navy,Lafayette,4,4,6.1,400992046,2018-02-14
90,2,6:29,389,389,Paulius Zalys Offensive Rebound.,56,50,6,31,0.9013619214308966,0.8412561005540823,Navy,Lafayette,4,4,6.1,400992046,2018-02-14
91,2,5:58,358,358,Matt Klinewski Defensive Rebound.,56,52,4,31,0.8440056971571743,0.7614453957854967,Navy,Lafayette,4,4,6.1,400992046,2018-02-14
92,2,5:27,327,327,Justin Jaworski made Free Throw.,56,55,1,31,0.6932180616720962,0.5759374388482752,Navy,Lafayette,4,4,6.1,400992046,2018-02-14
93,2,4:56,296,296,Mo Lewis Steal.,58,55,3,2,0.8117407778298993,0.7255423496868671,Navy,Lafayette,4,4,6.1,400992046,2018-02-14
94,2,4:54,294,294,Shawn Anderson made Free Throw.,61,55,6,10,0.9194162623195077,0.8750623409385375,Navy,Lafayette,4,4,6.1,400992046,2018-02-14
95,2,4:44,284,284,Eric Stafford made Free Throw.,61,56,5,0,0.8913825678141023,0.8352565748613903,Navy,Lafayette,4,4,6.1,400992046,2018-02-14
96,2,4:44,284,284,Eric Stafford missed Free Throw.,61,56,5,0,0.8913825678141023,0.8352565748613903,Navy,Lafayette,4,4,6.1,400992046,2018-02-14
97,2,4:44,284,284,Matt Klinewski Offensive Rebound.,61,56,5,26,0.8913825678141023,0.8352565748613903,Navy,Lafayette,4,4,6.1,400992046,2018-02-14
98,2,4:18,258,258,Tom Lacey Offensive Rebound.,61,56,5,59,0.8865636783498914,0.8307929459041011,Navy,Lafayette,4,4,6.1,400992046,2018-02-14
99,2,3:19,199,199,Shawn Anderson Defensive Rebound.,65,58,7,26,0.9422651054167275,0.9145413235443175,Navy,Lafayette,4,4,6.1,400992046,2018-02-14
100,2,2:53,173,173,Eric Stafford Block.,65,58,7,4,0.958301036501809,0.939069332299901,Navy,Lafayette,4,4,6.1,400992046,2018-02-14
101,2,2:49,169,169,Lukas Jarrett Defensive Rebound.,65,58,7,49,0.9605467029223501,0.9424826347071724,Navy,Lafayette,4,4,6.1,400992046,2018-02-14
102,2,2:00,120,120,Shawn Anderson made Free Throw.,66,60,6,0,0.9717021427487466,0.9603379619083864,Navy,Lafayette,4,4,6.1,400992046,2018-02-14
103,2,2:00,120,120,Shawn Anderson missed Free Throw.,66,60,6,0,0.9717021427487466,0.9603379619083864,Navy,Lafayette,4,4,6.1,400992046,2018-02-14
104,2,2:00,120,120,Matt Klinewski Defensive Rebound.,66,60,6,27,0.9717021427487466,0.9603379619083864,Navy,Lafayette,4,4,6.1,400992046,2018-02-14
105,2,1:33,93,93,Mo Lewis Defensive Rebound.,66,60,6,32,0.9843376874031651,0.9785362147726001,Navy,Lafayette,4,4,6.1,400992046,2018-02-14
106,2,1:01,61,61,Matt Klinewski Block.,66,60,6,2,0.9935263783172881,0.9914100405717468,Navy,Lafayette,4,4,6.1,400992046,2018-02-14
107,2,0:59,59,59,Justin Jaworski Defensive Rebound.,66,60,6,3,0.993911571157171,0.991938864439575,Navy,Lafayette,4,4,6.1,400992046,2018-02-14
108,2,0:56,56,56,Mo Lewis Defensive Rebound.,66,60,6,4,0.9944539944273658,0.9926814177201482,Navy,Lafayette,4,4,6.1,400992046,2018-02-14
109,2,0:52,52,52,Mo Lewis made Free Throw.,67,60,7,0,0.9978861876193333,0.9972206783603497,Navy,Lafayette,4,4,6.1,400992046,2018-02-14
110,2,0:52,52,52,Mo Lewis made Free Throw.,68,60,8,9,0.9990867079374669,0.9987987135349736,Navy,Lafayette,4,4,6.1,400992046,2018-02-14
111,2,0:43,43,43,Alex Petrie made Free Throw.,68,63,5,9,0.991194283541633,0.9885694144703858,Navy,Lafayette,4,4,6.1,400992046,2018-02-14
112,2,0:34,34,34,Cam Davis missed Free Throw.,68,63,5,0,0.9932032625436269,0.9912682792741424,Navy,Lafayette,4,4,6.1,400992046,2018-02-14
113,2,0:34,34,34,Dylan Hastings Defensive Rebound.,68,63,5,9,0.9932032625436269,0.9912682792741424,Navy,Lafayette,4,4,6.1,400992046,2018-02-14
114,2,0:25,25,25,Hasan Abdullah made Free Throw.,69,65,4,0,0.985986979911561,0.9822326570149583,Navy,Lafayette,4,4,6.1,400992046,2018-02-14
115,2,0:25,25,25,Hasan Abdullah missed Free Throw.,69,65,4,0,0.985986979911561,0.9822326570149583,Navy,Lafayette,4,4,6.1,400992046,2018-02-14
116,2,0:25,25,25,Dylan Hastings Defensive Rebound.,69,65,4,13,0.985986979911561,0.9822326570149583,Navy,Lafayette,4,4,6.1,400992046,2018-02-14
117,2,0:12,12,12,Shawn Anderson made Free Throw.,70,67,3,0,0.9705266863021608,0.9633804737910664,Navy,Lafayette,4,4,6.1,400992046,2018-02-14
118,2,0:12,12,12,Shawn Anderson made Free Throw.,71,67,4,6,0.9898924064059674,0.9873806270068883,Navy,Lafayette,4,4,6.1,400992046,2018-02-14
119,2,0:06,6,6,Shawn Anderson missed Free Throw.,71,69,2,0,0.9228345484561864,0.9059288265680565,Navy,Lafayette,4,4,6.1,400992046,2018-02-14
120,2,0:06,6,6,Navy Deadball Team Rebound.,71,69,2,0,0.9228345484561864,0.9059288265680565,Navy,Lafayette,4,4,6.1,400992046,2018-02-14
121,2,0:06,6,6,Shawn Anderson missed Free Throw.,71,69,2,0,0.9228345484561864,0.9059288265680565,Navy,Lafayette,4,4,6.1,400992046,2018-02-14
122,2,0:06,6,6,Dylan Hastings Defensive Rebound.,71,69,2,5,0.9228345484561864,0.9059288265680565,Navy,Lafayette,4,4,6.1,400992046,2018-02-14
123,2,0:01,1,1,Hasan Abdullah Steal.,71,69,2,1,0.9273976586064843,0.9119316362211413,Navy,Lafayette,4,4,6.1,400992046,2018-02-14
124,2,0:00,0,0,End of Game,71,69,2,0,1,1,Navy,Lafayette,4,4,6.1,400992046,2018-02-14
